1514.8992290496826,-0.012898000000000007,-0.012331999999999954,0.0049700000000000005,1800.0
1514.9991357326508,-0.012665399999999993,-0.012560199999999966,0.0049700000000000005,1800.0
1515.0991497039795,-0.011429599999999998,-0.0136926,0.0049700000000000005,1800.0
1515.1991539001465,-0.010192199999999998,-0.014641399999999971,0.0049700000000000005,1800.0
1515.2991824150085,-0.008771799999999996,-0.015537299999999976,0.0049700000000000005,1800.0
1515.3992080688477,-0.007379300000000005,-0.01623909999999995,0.0049700000000000005,1800.0
1515.4991495609283,-0.005819999999999992,-0.016862099999999935,0.0049700000000000005,1800.0
1515.5990788936615,-0.004209499999999991,-0.017337500000000006,0.0049700000000000005,1800.0
1515.6991448402405,-0.0025604000000000043,-0.017654700000000023,0.0049700000000000005,1800.0
1515.7991886138916,-0.0008890000000000009,-0.01781539999999998,0.0049700000000000005,1800.0
1515.899186372757,0.0006703000000000126,-0.017826699999999973,0.0049700000000000005,1800.0
1515.9990768432617,0.002224699999999996,-0.017687699999999973,0.0049700000000000005,1800.0
1516.0991015434265,0.002224699999999996,-0.017687699999999973,0.0049700000000000005,1800.0
1516.199168920517,0.003995299999999993,-0.017383900000000008,0.0049700000000000005,1800.0
1516.2991755008698,0.005498200000000009,-0.016968800000000006,0.0049700000000000005,1800.0
1516.399150133133,0.0070714000000000055,-0.01638139999999999,0.0049700000000000005,1800.0
1516.4991807937622,0.008474099999999998,-0.015699699999999983,0.0049700000000000005,1800.0
1516.5990934371948,0.0099099,-0.014828999999999981,0.0049700000000000005,1800.0
1516.6991057395935,0.011262099999999997,-0.013833499999999999,0.0049700000000000005,1800.0
1516.7991700172424,0.012515399999999996,-0.012716100000000008,0.0049700000000000005,1800.0
1516.8992087841034,0.013575600000000007,-0.011572499999999986,0.0049700000000000005,1800.0
1516.9992077350616,0.014383300000000002,-0.0105518,0.0049700000000000005,1800.0
1517.0991625785828,0.015072500000000003,-0.009541599999999983,0.0049700000000000005,1800.0
1517.1991300582886,0.015898999999999996,-0.008080000000000032,0.0049700000000000005,1800.0
1517.2991683483124,0.015898999999999996,-0.008080000000000032,0.0049700000000000005,1800.0
1517.39914560318,0.0165921,-0.006550699999999965,0.0049700000000000005,1800.0
1517.4991545677185,0.01710210000000001,-0.005086099999999982,0.0049700000000000005,1800.0
1517.5991868972778,0.017338199999999998,-0.004185699999999959,0.0049700000000000005,1800.0
1517.6990778446198,0.017661300000000005,-0.002547599999999983,0.0049700000000000005,1800.0
1517.799034833908,0.017758700000000002,-0.0016479999999999828,0.0049700000000000005,1800.0
1517.8990695476532,0.017841700000000002,-9.090000000000487e-05,0.0049700000000000005,1800.0
1517.9991025924683,0.0177654,0.0015865000000000462,0.0049700000000000005,1800.0
1518.0991711616516,0.017676399999999995,0.0024120999999999726,0.0049700000000000005,1800.0
1518.1991608142853,0.0173836,0.004009600000000002,0.0049700000000000005,1800.0
1518.2991364002228,0.017137700000000006,0.004952300000000021,0.0049700000000000005,1800.0
1518.3990647792816,0.016615699999999997,0.006494400000000011,0.0049700000000000005,1800.0
1518.4991018772125,0.016615699999999997,0.006494400000000011,0.0049700000000000005,1800.0
1518.5991563796997,0.015980900000000006,0.00791850000000005,0.0049700000000000005,1800.0
1518.699107170105,0.015166600000000002,0.009386900000000031,0.0049700000000000005,1800.0
1518.7992136478424,0.014390300000000009,0.010541599999999984,0.0049700000000000005,1800.0
1518.8992278575897,0.013690300000000002,0.0114321,0.0049700000000000005,1800.0
1518.9991383552551,0.012558199999999992,0.012672400000000028,0.0049700000000000005,1800.0
1519.0990450382233,0.011404400000000009,0.013721399999999995,0.0049700000000000005,1800.0
1519.1991374492645,0.010059800000000008,0.014727299999999999,0.0049700000000000005,1800.0
1519.2991154193878,0.008632100000000004,0.015611000000000042,0.0049700000000000005,1800.0
1519.399142742157,0.007127400000000006,0.016356900000000008,0.0049700000000000005,1800.0
1519.4990804195404,0.005670899999999993,0.01691389999999998,0.0049700000000000005,1800.0
1519.599088191986,0.004054700000000008,0.01736960000000004,0.0049700000000000005,1800.0
1519.699065208435,0.004054700000000008,0.01736960000000004,0.0049700000000000005,1800.0
1519.7991621494293,0.0025229000000000085,0.017661000000000038,0.0049700000000000005,1800.0
1519.8992030620575,0.0008512999999999993,0.0178219,0.0049700000000000005,1800.0
1519.9990859031677,-0.0008279999999999954,0.017818600000000018,0.0049700000000000005,1800.0
1520.0991523265839,-0.0023808000000000024,0.01767740000000001,0.0049700000000000005,1800.0
1520.1991863250732,-0.004033499999999995,0.01738050000000002,0.0049700000000000005,1800.0
1520.299194097519,-0.005649399999999999,0.016922800000000016,0.0049700000000000005,1800.0
1520.39919424057,-0.007213600000000001,0.0163122,0.0049700000000000005,1800.0
1520.4991426467896,-0.008611799999999989,0.015622100000000028,0.0049700000000000005,1800.0
1520.5991113185883,-0.010043799999999992,0.014745100000000011,0.0049700000000000005,1800.0
1520.6990571022034,-0.01129150000000001,0.013809800000000039,0.0049700000000000005,1800.0
1520.7990934848785,-0.01129150000000001,0.013809800000000039,0.0049700000000000005,1800.0
1520.8991689682007,-0.0125382,0.012684899999999999,0.0049700000000000005,1800.0
1520.9991326332092,-0.013679200000000002,0.011452999999999991,0.0049700000000000005,1800.0
1521.0990977287292,-0.014693599999999987,0.010114900000000038,0.0049700000000000005,1800.0
1521.1990904808044,-0.015518599999999994,0.008791800000000016,0.0049700000000000005,1800.0
1521.2991154193878,-0.01627659999999999,0.007293600000000011,0.0049700000000000005,1800.0
1521.399183511734,-0.016897999999999996,0.005733600000000005,0.0049700000000000005,1800.0
1521.499179840088,-0.017327800000000004,0.00423450000000003,0.0049700000000000005,1800.0
1521.599134683609,-0.01764479999999999,0.002585800000000027,0.0049700000000000005,1800.0
1521.6991636753082,-0.0178141,0.0009153000000000633,0.0049700000000000005,1800.0
1521.7991847991943,-0.017833,-0.0006439999999999779,0.0049700000000000005,1800.0
1521.8992030620575,-0.017683900000000002,-0.0023165999999999465,0.0049700000000000005,1800.0
1521.9991488456726,-0.017683900000000002,-0.0023165999999999465,0.0049700000000000005,1800.0
1522.0991418361664,-0.017387,-0.003968999999999945,0.0049700000000000005,1800.0
1522.199170589447,-0.0169777,-0.0054734999999999645,0.0049700000000000005,1800.0
1522.2991676330566,-0.016340499999999994,-0.007155699999999987,0.0049700000000000005,1800.0
1522.3991799354553,-0.015650499999999998,-0.008553899999999948,0.0049700000000000005,1800.0
1522.4992065429688,-0.014843399999999993,-0.009887800000000002,0.0049700000000000005,1800.0
1522.5992908477783,-0.013852299999999998,-0.011243300000000012,0.0049700000000000005,1800.0
1522.699119567871,-0.012908899999999987,-0.012320199999999948,0.0049700000000000005,1800.0
1522.7991218566895,-0.012898000000000007,-0.012331999999999954,0.0049700000000000005,1800.0
1522.8991775512695,-0.01289019999999999,-0.012328799999999973,0.0049700000000000005,0.0
1522.999193429947,-0.006839999999999999,-0.009848999999999997,0.0049700000000000005,0.0
1523.299170255661,-0.0033170000000000005,-0.008404999999999996,0.0049700000000000005,0.0
1523.3991560935974,-0.0033170000000000005,-0.008404999999999996,0.0049700000000000005,1800.0
1523.4991374015808,-0.003931799999999999,-0.008128799999999992,0.0049700000000000005,1800.0
1523.5990808010101,-0.005369800000000008,-0.007265599999999983,0.0049700000000000005,1800.0
1523.6991159915924,-0.006614999999999996,-0.0061430000000000096,0.0049700000000000005,1800.0
1523.7991364002228,-0.007646099999999989,-0.004820199999999941,0.0049700000000000005,1800.0
1523.8991203308105,-0.008353,-0.0034320999999999935,0.0049700000000000005,1800.0
1523.999076128006,-0.008849399999999993,-0.0018296999999999897,0.0049700000000000005,1800.0
1524.0991275310516,-0.00903000000000001,-0.0002822999999999576,0.0049700000000000005,1800.0
1524.199074268341,-0.008926699999999996,0.0013921000000000072,0.0049700000000000005,1800.0
1524.299113035202,-0.008926699999999996,0.0013921000000000072,0.0049700000000000005,1800.0
1524.3991856575012,-0.008513300000000001,0.0030175000000000063,0.0049700000000000005,1800.0
1524.49906873703,-0.007807700000000001,0.004539000000000015,0.0049700000000000005,1800.0
1524.5991518497467,-0.006913199999999994,0.005813400000000024,0.0049700000000000005,1800.0
1524.6991515159607,-0.005717999999999987,0.006990099999999999,0.0049700000000000005,1800.0
1524.799174785614,-0.00443410000000001,0.007871500000000031,0.0049700000000000005,1800.0
1524.8991165161133,-0.002900799999999995,0.008551400000000042,0.0049700000000000005,1800.0
1524.9991610050201,-0.0012710000000000082,0.008948000000000012,0.0049700000000000005,1800.0
1525.0991876125336,0.00028469999999999884,0.009023700000000023,0.0049700000000000005,1800.0
1525.1991140842438,0.0019506000000000107,0.008827100000000032,0.0049700000000000005,1800.0
1525.2991478443146,0.0035432999999999992,0.00830179999999997,0.0049700000000000005,1800.0
1525.3991694450378,0.0050221000000000016,0.007511600000000007,0.0049700000000000005,1800.0
1525.4991760253906,0.0050221000000000016,0.007511600000000007,0.0049700000000000005,1800.0
1525.5991613864899,0.0062339000000000006,0.006532800000000005,0.0049700000000000005,1800.0
1525.6991593837738,0.007338100000000014,0.005270500000000011,0.0049700000000000005,1800.0
1525.7991371154785,0.008181000000000008,0.00382070000000001,0.0049700000000000005,1800.0
1525.8991720676422,0.008719599999999994,0.0023592000000000057,0.0049700000000000005,1800.0
1525.9991538524628,0.009000300000000003,0.0007066000000000017,0.0049700000000000005,1800.0
1526.0991413593292,0.008991399999999997,-0.000850699999999982,0.0049700000000000005,1800.0
1526.199146747589,0.008679099999999995,-0.0024976999999999916,0.0049700000000000005,1800.0
1526.2991490364075,0.008070800000000003,-0.004060899999999978,0.0049700000000000005,1800.0
1526.399322271347,0.007178899999999988,-0.005481300000000022,0.0049700000000000005,1800.0
1526.4991209506989,0.006130400000000008,-0.006633200000000006,0.0049700000000000005,1800.0
1526.5991525650024,0.004799600000000015,-0.007653599999999983,0.0049700000000000005,1800.0
1526.6991498470306,0.004799600000000015,-0.007653599999999983,0.0049700000000000005,1800.0
1526.7991824150085,0.003410499999999997,-0.00835809999999998,0.0049700000000000005,1800.0
1526.8992161750793,0.0018084000000000017,-0.00885159999999996,0.0049700000000000005,1800.0
1526.9991686344147,0.0001406000000000046,-0.0090287,0.0049700000000000005,1800.0
1527.09912276268,-0.0015313999999999883,-0.008903400000000006,0.0049700000000000005,1800.0
1527.1990656852722,-0.0030314999999999925,-0.0085055,0.0049700000000000005,1800.0
1527.2991206645966,-0.0033170000000000005,-0.008404999999999996,0.0049700000000000005,1800.0
1527.3991413116455,-0.0033170000000000005,-0.008404999999999996,0.0049700000000000005,0.0
1527.499064207077,-0.0009902999999999995,-0.005516999999999939,0.0049700000000000005,0.0
1527.9991426467896,0.012080999999999995,0.010707000000000022,0.0049700000000000005,0.0
1528.099101305008,0.012080999999999995,0.010707000000000022,0.0049700000000000005,1800.0
1528.199170589447,0.011981900000000004,0.010811800000000038,0.0049700000000000005,1800.0
1528.2990713119507,0.010924699999999996,0.01187520000000003,0.0049700000000000005,1800.0
1528.3991205692291,0.009729200000000007,0.012875999999999999,0.0049700000000000005,1800.0
1528.4991571903229,0.008339300000000008,0.013817799999999991,0.0049700000000000005,1800.0
1528.5991621017456,0.006857600000000005,0.01460780000000006,0.0049700000000000005,1800.0
1528.6990911960602,0.005304900000000001,0.015247200000000016,0.0049700000000000005,1800.0
1528.799161195755,0.0038073000000000135,0.015681500000000015,0.0049700000000000005,1800.0
1528.899195432663,0.002158199999999999,0.015997700000000004,0.0049700000000000005,1800.0
1528.9991393089294,0.002158199999999999,0.015997700000000004,0.0049700000000000005,1800.0
1529.099072933197,0.00048430000000000695,0.01612969999999997,0.0049700000000000005,1800.0
1529.1991202831268,-0.0010746999999999979,0.016102100000000008,0.0049700000000000005,1800.0
1529.2991745471954,-0.002742300000000003,0.0159069,0.0049700000000000005,1800.0
1529.399129152298,-0.004263199999999995,0.015563200000000055,0.0049700000000000005,1800.0
1529.4990408420563,-0.005859500000000004,0.015042300000000008,0.0049700000000000005,1800.0
1529.599145412445,-0.0073878,0.01434650000000004,0.0049700000000000005,1800.0
1529.6991906166077,-0.008839099999999989,0.01350220000000002,0.0049700000000000005,1800.0
1529.799075603485,-0.0101015,0.012587100000000018,0.0049700000000000005,1800.0
1529.8991355895996,-0.011352399999999999,0.011467000000000005,0.0049700000000000005,1800.0
1529.9990682601929,-0.012486899999999995,0.01022920000000005,0.0049700000000000005,1800.0
1530.0992567539215,-0.012486899999999995,0.01022920000000005,0.0049700000000000005,1800.0
1530.1990673542023,-0.0134103,0.008972900000000006,0.0049700000000000005,1800.0
1530.2991151809692,-0.014272999999999994,0.00753240000000005,0.0049700000000000005,1800.0
1530.4129161834717,-0.014977799999999986,0.0060087000000000335,0.0049700000000000005,1800.0
1530.4999256134033,-0.015483999999999998,0.004534000000000038,0.0049700000000000005,1800.0
1530.599136352539,-0.015877799999999997,0.00291670000000005,0.0049700000000000005,1800.0
1530.6991715431213,-0.016012299999999993,0.0020001000000000047,0.0049700000000000005,1800.0
1530.799170255661,-0.016095599999999988,0.0011021999999999976,0.0049700000000000005,1800.0
1530.899225950241,-0.016132999999999995,-0.0004513999999999907,0.0049700000000000005,1800.0
1530.999125957489,-0.016066200000000003,-0.0015171999999999408,0.0049700000000000005,1800.0
1531.0991370677948,-0.015925199999999987,-0.0026029999999999665,0.0049700000000000005,1800.0
1531.1991474628448,-0.015686499999999992,-0.003784999999999983,0.0049700000000000005,1800.0
1531.2991592884064,-0.015686499999999992,-0.003784999999999983,0.0049700000000000005,1800.0
1531.399160861969,-0.015209700000000007,-0.005394599999999972,0.0049700000000000005,1800.0
1531.4991691112518,-0.014564499999999994,-0.00694469999999997,0.0049700000000000005,1800.0
1531.5991349220276,-0.0138321,-0.008321199999999973,0.0049700000000000005,1800.0
1531.6991539001465,-0.012960399999999997,-0.009614000000000011,0.0049700000000000005,1800.0
1531.7991735935211,-0.011892199999999992,-0.010909399999999958,0.0049700000000000005,1800.0
1531.8991725444794,-0.010694700000000001,-0.012086099999999989,0.0049700000000000005,1800.0
1531.999160528183,-0.009379399999999996,-0.013129699999999966,0.0049700000000000005,1800.0
1532.0991768836975,-0.008071800000000004,-0.013979099999999967,0.0049700000000000005,1800.0
1532.199136018753,-0.006573399999999993,-0.014736599999999989,0.0049700000000000005,1800.0
1532.2991335391998,-0.005008399999999996,-0.015344999999999998,0.0049700000000000005,1800.0
1532.399177789688,-0.003386100000000003,-0.015777700000000006,0.0049700000000000005,1800.0
1532.4990775585175,-0.003386100000000003,-0.015777700000000006,0.0049700000000000005,1800.0
1532.5991401672363,-0.0017288000000000026,-0.016047199999999984,0.0049700000000000005,1800.0
1532.6991739273071,-0.00017219999999999736,-0.01614059999999995,0.0049700000000000005,1800.0
1532.7991936206818,0.0013856999999999897,-0.016077300000000017,0.0049700000000000005,1800.0
1532.899230003357,0.0030496000000000134,-0.01585169999999997,0.0049700000000000005,1800.0
1532.9991376399994,0.0046789,-0.015445700000000007,0.0049700000000000005,1800.0
1533.0990738868713,0.006146700000000005,-0.01491969999999998,0.0049700000000000005,1800.0
1533.1990990638733,0.0076656000000000085,-0.014204300000000003,0.0049700000000000005,1800.0
1533.299097776413,0.009097000000000008,-0.013326600000000022,0.0049700000000000005,1800.0
1533.3991529941559,0.01043709999999999,-0.012314899999999962,0.0049700000000000005,1800.0
1533.4991581439972,0.011572200000000005,-0.011245799999999972,0.0049700000000000005,1800.0
1533.5991246700287,0.011572200000000005,-0.011245799999999972,0.0049700000000000005,1800.0
1533.6991205215454,0.012678899999999993,-0.00998319999999997,0.0049700000000000005,1800.0
1533.7990753650665,0.013648300000000002,-0.00861240000000002,0.0049700000000000005,1800.0
1533.8991267681122,0.01424170000000001,-0.0075905,0.0049700000000000005,1800.0
1533.9991149902344,0.014814300000000002,-0.006394999999999984,0.0049700000000000005,1800.0
1534.0991609096527,0.015401000000000012,-0.00482189999999999,0.0049700000000000005,1800.0
1534.1991033554077,0.015795000000000003,-0.0033133999999999664,0.0049700000000000005,1800.0
1534.2991545200348,0.016047999999999993,-0.0016536999999999802,0.0049700000000000005,1800.0
1534.3991494178772,0.016143099999999994,2.270000000004213e-05,0.0049700000000000005,1800.0
1534.4991569519043,0.016056400000000012,0.0015795000000000115,0.0049700000000000005,1800.0
1534.59907913208,0.015808600000000006,0.003239999999999965,0.0049700000000000005,1800.0
1534.699136018753,0.015385900000000008,0.0048647,0.0049700000000000005,1800.0
1534.799175977707,0.015385900000000008,0.0048647,0.0049700000000000005,1800.0
1534.8991589546204,0.01484329999999999,0.00632640000000001,0.0049700000000000005,1800.0
1534.9991760253906,0.014111799999999994,0.007837700000000003,0.0049700000000000005,1800.0
1535.0992212295532,0.013215600000000008,0.009257600000000032,0.0049700000000000005,1800.0
1535.1992082595825,0.012268100000000004,0.010486400000000062,0.0049700000000000005,1800.0
1535.2991638183594,0.012080999999999995,0.010707000000000022,0.0049700000000000005,1800.0
1535.3990976810455,0.012080999999999995,0.010707000000000022,0.0049700000000000005,0.0
1535.4990723133087,0.0094244,0.007271500000000042,0.0049700000000000005,0.0
1535.9991796016693,-0.003925999999999985,-0.009992999999999974,0.0049700000000000005,0.0
1536.0991833209991,-0.003925999999999985,-0.009992999999999974,0.0049700000000000005,1800.0
1536.1991336345673,-0.004866000000000009,-0.009562799999999982,0.0049700000000000005,1800.0
1536.2991816997528,-0.006397100000000003,-0.008621399999999946,0.0049700000000000005,1800.0
1536.3991832733154,-0.007580000000000003,-0.007606799999999969,0.0049700000000000005,1800.0
1536.4991488456726,-0.008594000000000004,-0.0064237999999999795,0.0049700000000000005,1800.0
1536.599184513092,-0.009488999999999997,-0.005005399999999993,0.0049700000000000005,1800.0
1536.6990940570831,-0.01016149999999999,-0.0034683999999999826,0.0049700000000000005,1800.0
1536.7991816997528,-0.010554499999999994,-0.0019602999999999704,0.0049700000000000005,1800.0
1536.8992142677307,-0.01072999999999999,-0.0002913999999999972,0.0049700000000000005,1800.0
1536.9992487430573,-0.010640499999999997,0.0013839999999999963,0.0049700000000000005,1800.0
1537.0994365215302,-0.010330699999999998,0.0029111,0.0049700000000000005,1800.0
1537.1994190216064,-0.010330699999999998,0.0029111,0.0049700000000000005,1800.0
1537.2991898059845,-0.009756699999999993,0.004488200000000053,0.0049700000000000005,1800.0
1537.3991134166718,-0.009000099999999997,0.0059483000000000175,0.0049700000000000005,1800.0
1537.499181509018,-0.0079732,0.007176700000000036,0.0049700000000000005,1800.0
1537.5991787910461,-0.006760300000000011,0.008335499999999996,0.0049700000000000005,1800.0
1537.6991937160492,-0.005486599999999994,0.009233400000000003,0.0049700000000000005,1800.0
1537.7991733551025,-0.003978699999999988,0.00997110000000001,0.0049700000000000005,1800.0
1537.8991911411285,-0.0023747999999999964,0.010463900000000026,0.0049700000000000005,1800.0
1537.9991014003754,-0.0008345000000000019,0.010697500000000026,0.0049700000000000005,1800.0
1538.0991179943085,0.0008432000000000023,0.010701400000000028,0.0049700000000000005,1800.0
1538.199161529541,0.002500200000000008,0.010440200000000066,0.0049700000000000005,1800.0
1538.2991666793823,0.002500200000000008,0.010440200000000066,0.0049700000000000005,1800.0
1538.3991038799286,0.0040935,0.009915000000000007,0.0049700000000000005,1800.0
1538.4991309642792,0.005487000000000006,0.009219399999999989,0.0049700000000000005,1800.0
1538.599128961563,0.006864399999999993,0.008261100000000021,0.0049700000000000005,1800.0
1538.699196100235,0.00806330000000001,0.007086399999999993,0.0049700000000000005,1800.0
1538.7991325855255,0.009002300000000005,0.005842799999999981,0.0049700000000000005,1800.0
1538.8991961479187,0.00980049999999999,0.0043672000000000155,0.0049700000000000005,1800.0
1538.9991862773895,0.010365600000000003,0.002787400000000051,0.0049700000000000005,1800.0
1539.0992176532745,0.010676900000000003,0.0011390000000000011,0.0049700000000000005,1800.0
1539.199193239212,0.010720800000000003,-0.0004182999999999826,0.0049700000000000005,1800.0
1539.2992014884949,0.010524700000000012,-0.0020839999999999748,0.0049700000000000005,1800.0
1539.3991527557373,0.0101165,-0.0035875000000000212,0.0049700000000000005,1800.0
1539.4991478919983,0.0101165,-0.0035875000000000212,0.0049700000000000005,1800.0
1539.5991842746735,0.009435200000000005,-0.005120799999999981,0.0049700000000000005,1800.0
1539.699172258377,0.008519799999999994,-0.006527100000000008,0.0049700000000000005,1800.0
1539.7991707324982,0.007396899999999998,-0.0077736999999999945,0.0049700000000000005,1800.0
1539.8991706371307,0.006193900000000002,-0.008763799999999988,0.0049700000000000005,1800.0
1539.9991199970245,0.004757200000000003,-0.009631099999999948,0.0049700000000000005,1800.0
1540.0991337299347,0.0033099999999999935,-0.010209099999999971,0.0049700000000000005,1800.0
1540.199089050293,0.001677800000000007,-0.0105962,0.0049700000000000005,1800.0
1540.299102306366,0.00012589999999999824,-0.010730499999999976,0.0049700000000000005,1800.0
1540.3991496562958,-0.0015485999999999972,-0.01062550000000001,0.0049700000000000005,1800.0
1540.5991859436035,-0.003185199999999999,-0.010252800000000006,0.0049700000000000005,1800.0
1540.6991136074066,-0.003925999999999985,-0.009992999999999974,0.0049700000000000005,1800.0
1540.7991843223572,-0.003925999999999985,-0.009992999999999974,0.0049700000000000005,1800.0
1540.8991086483002,-0.0036430999999999963,-0.008776399999999962,0.0049700000000000005,0.0
1540.999122619629,-0.0017008999999999913,-0.0004256999999999733,0.0049700000000000005,0.0
1541.2991917133331,0.0017329999999999984,0.014339000000000046,0.0049700000000000005,0.0
1541.3991131782532,0.0017329999999999984,0.014339000000000046,0.0049700000000000005,1800.0
1541.499089717865,0.0017013000000000028,0.014341800000000016,0.0049700000000000005,1800.0
1541.5990455150604,0.00034450000000001146,0.014431799999999995,0.0049700000000000005,1800.0
1541.6991391181946,-0.0013335999999999903,0.014380400000000015,0.0049700000000000005,1800.0
1541.799147605896,-0.0013335999999999903,0.014380400000000015,0.0049700000000000005,1800.0
1541.899076461792,-0.002992499999999995,0.014122300000000032,0.0049700000000000005,1800.0
1541.9991145133972,-0.004612699999999997,0.013683000000000056,0.0049700000000000005,1800.0
1542.0991506576538,-0.006169900000000006,0.013055100000000042,0.0049700000000000005,1800.0
1542.199142217636,-0.007539499999999991,0.012310500000000002,0.0049700000000000005,1800.0
1542.2991716861725,-0.008920899999999995,0.011356200000000038,0.0049700000000000005,1800.0
1542.3991737365723,-0.01009009999999999,0.01032470000000002,0.0049700000000000005,1800.0
1542.4991626739502,-0.011223400000000008,0.009086100000000041,0.0049700000000000005,1800.0
1542.5991690158844,-0.012198799999999996,0.007719599999999993,0.0049700000000000005,1800.0
1542.6990666389465,-0.01296159999999999,0.0063601999999999825,0.0049700000000000005,1800.0
1542.79913687706,-0.01340899999999999,0.005350600000000039,0.0049700000000000005,1800.0
1542.8990852832794,-0.01387809999999999,0.0039704000000000406,0.0049700000000000005,1800.0
1542.9990696907043,-0.01387809999999999,0.0039704000000000406,0.0049700000000000005,1800.0
1543.0991625785828,-0.0142452,0.002332700000000021,0.0049700000000000005,1800.0
1543.1990766525269,-0.014413800000000004,0.0007827999999999724,0.0049700000000000005,1800.0
1543.2991321086884,-0.014396999999999993,-0.0010151999999999384,0.0049700000000000005,1800.0
1543.3990936279297,-0.014211500000000002,-0.002563099999999985,0.0049700000000000005,1800.0
1543.4991574287415,-0.013812000000000005,-0.00419379999999997,0.0049700000000000005,1800.0
1543.5991439819336,-0.013400099999999998,-0.005374299999999943,0.0049700000000000005,1800.0
1543.699081659317,-0.0129639,-0.006355400000000011,0.0049700000000000005,1800.0
1543.799173116684,-0.012136099999999997,-0.007815599999999978,0.0049700000000000005,1800.0
1543.8991587162018,-0.011152400000000007,-0.00917629999999997,0.0049700000000000005,1800.0
1543.999047279358,-0.010007700000000008,-0.010404499999999983,0.0049700000000000005,1800.0
1544.0991189479828,-0.010007700000000008,-0.010404499999999983,0.0049700000000000005,1800.0
1544.1991226673126,-0.0088303,-0.011426399999999948,0.0049700000000000005,1800.0
1544.2990851402283,-0.007443400000000003,-0.012372800000000017,0.0049700000000000005,1800.0
1544.3991062641144,-0.005955699999999994,-0.013150599999999957,0.0049700000000000005,1800.0
1544.4991536140442,-0.0045047,-0.01372089999999998,0.0049700000000000005,1800.0
1544.5990657806396,-0.0028802999999999884,-0.014145000000000019,0.0049700000000000005,1800.0
1544.6991565227509,-0.0012196000000000012,-0.014390999999999987,0.0049700000000000005,1800.0
1544.7991037368774,0.0004590000000000011,-0.01442969999999999,0.0049700000000000005,1800.0
1544.8991031646729,0.0020125000000000004,-0.014299799999999974,0.0049700000000000005,1800.0
1544.9991462230682,0.003658700000000001,-0.013969300000000018,0.0049700000000000005,1800.0
1545.0990960597992,0.0052537,-0.013445899999999955,0.0049700000000000005,1800.0
1545.1990864276886,0.006675600000000004,-0.012806299999999993,0.0049700000000000005,1800.0
1545.2991700172424,0.006675600000000004,-0.012806299999999993,0.0049700000000000005,1800.0
1545.399180173874,0.008113399999999993,-0.011939599999999995,0.0049700000000000005,1800.0
1545.4990966320038,0.009357800000000013,-0.011000300000000018,0.0049700000000000005,1800.0
1545.5991427898407,0.010566800000000001,-0.009835199999999988,0.0049700000000000005,1800.0
1545.6991651058197,0.011638600000000013,-0.008543300000000031,0.0049700000000000005,1800.0
1545.799162864685,0.0124919,-0.007238499999999981,0.0049700000000000005,1800.0
1545.899041891098,0.013246000000000008,-0.005738899999999991,0.0049700000000000005,1800.0
1545.9991149902344,0.013790199999999989,-0.004277900000000001,0.0049700000000000005,1800.0
1546.0991554260254,0.014189199999999999,-0.0026473999999999664,0.0049700000000000005,1800.0
1546.1991565227509,0.0144059,-0.000982700000000003,0.0049700000000000005,1800.0
1546.2991564273834,0.014421400000000001,0.0005762000000000267,0.0049700000000000005,1800.0
1546.3991692066193,0.014262700000000003,0.0022472000000000047,0.0049700000000000005,1800.0
1546.4991428852081,0.014262700000000003,0.0022472000000000047,0.0049700000000000005,1800.0
1546.5991456508636,0.013902700000000004,0.003887100000000032,0.0049700000000000005,1800.0
1546.699146747589,0.013356599999999996,0.0054742999999999875,0.0049700000000000005,1800.0
1546.7991445064545,0.012691499999999994,0.00688430000000001,0.0049700000000000005,1800.0
1546.8992049694061,0.011804300000000004,0.008309299999999964,0.0049700000000000005,1800.0
1546.999181985855,0.010763400000000006,0.00962660000000004,0.0049700000000000005,1800.0
1547.0991613864899,0.009659699999999993,0.010727900000000012,0.0049700000000000005,1800.0
1547.1991477012634,0.0083506,0.011778600000000028,0.0049700000000000005,1800.0
1547.2991778850555,0.0069274,0.012669400000000053,0.0049700000000000005,1800.0
1547.3991613388062,0.005408499999999997,0.013384300000000016,0.0049700000000000005,1800.0
1547.4991464614868,0.0039352,0.013894199999999968,0.0049700000000000005,1800.0
1547.5992767810822,0.0039352,0.013894199999999968,0.0049700000000000005,1800.0
1547.6991741657257,0.002295200000000011,0.014253300000000024,0.0049700000000000005,1800.0
1547.7991735935211,0.0017329999999999984,0.014339000000000046,0.0049700000000000005,1800.0
1547.8991448879242,0.0017329999999999984,0.014339000000000046,0.0049700000000000005,0.0
1547.9991896152496,0.0011739000000000055,0.012026700000000057,0.0049700000000000005,0.0
1548.3991572856903,-0.004533999999999996,-0.011581000000000008,0.0049700000000000005,0.0
1548.4991195201874,-0.004533999999999996,-0.011581000000000008,0.0049700000000000005,1800.0
1548.599152803421,-0.004661899999999997,-0.011528199999999988,0.0049700000000000005,1800.0
1548.699170589447,-0.0060110000000000025,-0.010884100000000008,0.0049700000000000005,1800.0
1548.7991886138916,-0.0060110000000000025,-0.010884100000000008,0.0049700000000000005,1800.0
1548.8991470336914,-0.007423700000000005,-0.009977699999999978,0.0049700000000000005,1800.0
1548.999231338501,-0.008703699999999995,-0.008891499999999997,0.0049700000000000005,1800.0
1549.0991282463074,-0.009818400000000005,-0.007636299999999985,0.0049700000000000005,1800.0
1549.1991701126099,-0.010693999999999995,-0.0063469999999999915,0.0049700000000000005,1800.0
1549.2991712093353,-0.011447899999999997,-0.00484770000000001,0.0049700000000000005,1800.0
1549.3991663455963,-0.01199589999999999,-0.003261600000000031,0.0049700000000000005,1800.0
1549.4991748332977,-0.01231009999999999,-0.0017351999999999923,0.0049700000000000005,1800.0
1549.5990743637085,-0.012429999999999997,-6.139999999998924e-05,0.0049700000000000005,1800.0
1549.6991386413574,-0.012339699999999995,0.001494200000000001,0.0049700000000000005,1800.0
1549.7991411685944,-0.0120257,0.003142500000000048,0.0049700000000000005,1800.0
1549.899150133133,-0.011494699999999997,0.004734200000000022,0.0049700000000000005,1800.0
1549.9991750717163,-0.011494699999999997,0.004734200000000022,0.0049700000000000005,1800.0
1550.0991768836975,-0.010753499999999985,0.006239600000000012,0.0049700000000000005,1800.0
1550.1991736888885,-0.00988929999999999,0.00753609999999999,0.0049700000000000005,1800.0
1550.299170255661,-0.008789199999999997,0.00880350000000002,0.0049700000000000005,1800.0
1550.3991332054138,-0.0076214,0.00983700000000004,0.0049700000000000005,1800.0
1550.499175310135,-0.006223900000000004,0.010767500000000041,0.0049700000000000005,1800.0
1550.5991764068604,-0.004716100000000001,0.011505600000000005,0.0049700000000000005,1800.0
1550.6991755962372,-0.003124699999999994,0.012040800000000018,0.0049700000000000005,1800.0
1550.7991058826447,-0.0015936000000000006,0.012335299999999993,0.0049700000000000005,1800.0
1550.899203300476,8.189999999999586e-05,0.012432800000000022,0.0049700000000000005,1800.0
1550.9991371631622,0.0017548000000000008,0.012304600000000054,0.0049700000000000005,1800.0
1551.0991387367249,0.0032795999999999936,0.011986200000000058,0.0049700000000000005,1800.0
1551.1991727352142,0.0032795999999999936,0.011986200000000058,0.0049700000000000005,1800.0
1551.2991576194763,0.004753099999999996,0.011434900000000026,0.0049700000000000005,1800.0
1551.399171113968,0.006360499999999991,0.010677900000000018,0.0049700000000000005,1800.0
1551.4991760253906,0.007647299999999996,0.00979960000000002,0.0049700000000000005,1800.0
1551.5991523265839,0.008900100000000008,0.008683200000000058,0.0049700000000000005,1800.0
1551.6991183757782,0.009991,0.0074073000000000055,0.0049700000000000005,1800.0
1551.7991700172424,0.010837299999999994,0.006097999999999992,0.0049700000000000005,1800.0
1551.899079322815,0.011559000000000014,0.004582500000000045,0.0049700000000000005,1800.0
1551.9990420341492,0.012079400000000004,0.0029862999999999973,0.0049700000000000005,1800.0
1552.0991377830505,0.012360700000000002,0.0014523999999999648,0.0049700000000000005,1800.0
1552.1991600990295,0.012434899999999999,-0.00022459999999996372,0.0049700000000000005,1800.0
1552.2991905212402,0.012434899999999999,-0.00022459999999996372,0.0049700000000000005,1800.0
1552.3991129398346,0.012286500000000006,-0.001896199999999959,0.0049700000000000005,1800.0
1552.4991564750671,0.011952499999999991,-0.0034179999999999766,0.0049700000000000005,1800.0
1552.5991685390472,0.0113824,-0.004996399999999956,0.0049700000000000005,1800.0
1552.6991488933563,0.010605299999999998,-0.006483500000000031,0.0049700000000000005,1800.0
1552.7991108894348,0.009710400000000008,-0.00775899999999996,0.0049700000000000005,1800.0
1552.8992204666138,0.008577400000000013,-0.008996799999999971,0.0049700000000000005,1800.0
1552.999188899994,0.007287600000000005,-0.010069999999999968,0.0049700000000000005,1800.0
1553.0991451740265,0.005970300000000012,-0.010902000000000023,0.0049700000000000005,1800.0
1553.1991670131683,0.004448500000000008,-0.011608300000000016,0.0049700000000000005,1800.0
1553.299167394638,0.0028467000000000076,-0.012109199999999987,0.0049700000000000005,1800.0
1553.399173259735,0.0013101000000000085,-0.012373199999999973,0.0049700000000000005,1800.0
1553.4990808963776,0.0013101000000000085,-0.012373199999999973,0.0049700000000000005,1800.0
1553.599044561386,-0.0003675999999999957,-0.012433499999999986,0.0049700000000000005,1800.0
1553.6991238594055,-0.002037999999999998,-0.012266299999999952,0.0049700000000000005,1800.0
1553.7991635799408,-0.003671899999999992,-0.01188149999999999,0.0049700000000000005,1800.0
1553.899180173874,-0.004533999999999996,-0.011581000000000008,0.0049700000000000005,1800.0
1553.9991500377655,-0.004533999999999996,-0.011581000000000008,0.0049700000000000005,1800.0
1554.0991761684418,-0.004533999999999996,-0.011581000000000008,0.0049700000000000005,0.0
1554.1991603374481,-0.004533999999999996,-0.011581000000000008,0.0049700000000000005,0.0
1557.748207687583,-0.012898000000000007,-0.027960847137924974,0.0049700000000000005,0.0
