2866.6019977586448,-0.0097119999999999,-0.0076253999999999,0.03124,0.0
2866.7025600927054,-0.0098322100536458,-0.0075595029711693,0.03124,0.0
2866.8031221883475,-0.0101346320890208,-0.0073936521780244,0.03124,0.0
2866.91350188424,-0.0105455474386091,-0.0071681931362538,0.03124,0.0
2867.0047670858085,-0.0108881180074009,-0.0069802430311167,0.03124,0.0
2867.105339671868,-0.0112685830037585,-0.0067715748886602,0.03124,0.0
2867.2059151189505,-0.0116458710087966,-0.0065646054755454,0.03124,0.0
2867.3064927118003,-0.0120150133837994,-0.006362036370947,0.03124,0.0
2867.3970550553977,-0.0123479103703204,-0.0061794541327722,0.03124,0.0
2867.497604038018,-0.01273193306204,-0.0059687424715821,0.03124,0.0
2867.5981832997977,-0.0131162093877499,-0.0057579311352985,0.03124,0.0
2867.69874539544,-0.0132630350125406,-0.0056773510901795,0.03124,0.0
2867.7993253724753,-0.0132909999999999,-0.005662,0.03124,0.0
2867.8998912828147,-0.0132891889118905,-0.0056659240242372,0.03124,0.0
2868.0004953401267,-0.0130040021969019,-0.0062569727452861,0.03124,1800.0
2868.1011284845054,-0.0123633607841484,-0.0074201944153703,0.03124,1800.0
2868.201731588143,-0.0115316406669168,-0.008650494492796,0.03124,1800.0
2868.302274610299,-0.0105647631807216,-0.009816306855554,0.03124,1800.0
2868.4040509717643,-0.0094685626602425,-0.0108792482715506,0.03124,1800.0
2868.5046214120566,-0.0082577311174673,-0.0118336411402465,0.03124,1800.0
2868.604635144967,-0.0070537339549601,-0.0125990319437991,0.03124,1800.0
2868.696875478524,-0.005829122227867,-0.0132008781474652,0.03124,1800.0
2868.7974339978873,-0.0043674985016868,-0.0137497389245299,0.03124,1800.0
2868.8980084912955,-0.0029352133314,-0.0141210072492526,0.03124,1800.0
2868.99873962571,-0.0018306859901369,-0.0143148492843833,0.03124,1800.0
2869.099302436608,-0.0005017581686085,-0.0144048557772986,0.03124,1800.0
2869.1998626249015,0.0009882903248321,-0.0143867096109135,0.03124,1800.0
2869.300436403054,0.0024468785067825,-0.0142121756843808,0.03124,1800.0
2869.4010135190665,0.0039159335205536,-0.0138733767900369,0.03124,1800.0
2869.5016044633567,0.0053735498036271,-0.0133812961414107,0.03124,1800.0
2869.60216632058,0.0067474471890544,-0.0127477191232067,0.03124,1800.0
2869.702731277245,0.0080056778040606,-0.0120094897426873,0.03124,1800.0
2869.8032840745627,0.0091285223559298,-0.0111910826506267,0.03124,1800.0
2869.903838063973,0.0101591781109414,-0.0102468327926642,0.03124,1800.0
2869.9998067872702,0.0110920045704173,-0.0092188078086934,0.03124,1800.0
2870.100375797051,0.0119813683884604,-0.0080367606578963,0.03124,1800.0
2870.201157714623,0.0127497555481522,-0.0067315622998128,0.03124,1800.0
2870.3017214791953,0.0133918733192456,-0.0053322885001833,0.03124,1800.0
2870.4022757070243,0.0138860307165166,-0.0039074084535402,0.03124,1800.0
2870.502837325829,0.014201543299542,-0.0024669740136397,0.03124,1800.0
2870.603421594399,0.0143846916865749,-0.0009660045986048,0.03124,1800.0
2870.7039875047385,0.0144126889241329,0.0005590164330359,0.03124,1800.0
2870.804545308846,0.0142785539269662,0.0020271382706775,0.03124,1800.0
2870.9051009671866,0.0139918850391408,0.0035747600820359,0.03124,1800.0
2871.005673791665,0.0135357814149401,0.0050144828205676,0.03124,1800.0
2871.1062699811637,0.0129703673002669,0.0063328621511027,0.03124,1800.0
2871.196782495278,0.0123081627911571,0.0075028854870756,0.03124,1800.0
2871.2973612802207,0.0114226330842121,0.0087979721987886,0.03124,1800.0
2871.4011518018424,0.010410535345374,0.0099759532675147,0.03124,1800.0
2871.501716520089,0.0093525148144313,0.010975106523423,0.03124,1800.0
2871.6022726552665,0.0081663930522773,0.0118770637043086,0.03124,1800.0
2871.7028359430014,0.0068465509066297,0.0126870877739762,0.03124,1800.0
2871.8034037606894,0.0054574845660407,0.0133467882355102,0.03124,1800.0
2871.903966810006,0.0040863906197352,0.0138272455945475,0.03124,1800.0
2872.004496003884,0.0026515834227581,0.014193134001473,0.03124,1800.0
2872.1050709741294,0.0011524709727979,0.014383905674119,0.03124,1800.0
2872.205611135262,-0.0003511696454281,0.0144345408481146,0.03124,1800.0
2872.306182529229,-0.0015709931523343,0.0143538431499533,0.03124,1800.0
2872.4067629831015,-0.0028080899012421,0.014152552215768,0.03124,1800.0
2872.4972704904258,-0.0041126662137445,0.0138120075525474,0.03124,1800.0
2872.597846652764,-0.005564349297585,0.0133092478553144,0.03124,1800.0
2872.698406602639,-0.0069064963501455,0.0126557865793746,0.03124,1800.0
2872.800228502053,-0.0081816791070012,0.01187039203094,0.03124,1800.0
2872.901208783883,-0.0093526332363203,0.0109717104664667,0.03124,1800.0
2873.0017732637107,-0.0104552246005301,0.0099319697859548,0.03124,1800.0
2873.102329637307,-0.0114539054957526,0.0087729378573699,0.03124,1800.0
2873.2017449395835,-0.0122791387518434,0.0075950988914727,0.03124,1800.0
2873.3023144262015,-0.0130092284664408,0.0062536443317544,0.03124,1800.0
2873.402880813378,-0.0134607772888801,0.0052063379465796,0.03124,1800.0
2873.503432657021,-0.0139083563995248,0.0038451936273432,0.03124,1800.0
2873.6039785402,-0.0142194998191972,0.0024003497163795,0.03124,1800.0
2873.7045487420737,-0.014389226277417,0.0009294063385713,0.03124,1800.0
2873.8051024930655,-0.0144073241842836,-0.0005802532787105,0.03124,1800.0
2873.9056765096366,-0.0142575959253056,-0.0021316619225874,0.03124,1800.0
2874.006242896813,-0.0139540834898705,-0.0036196966943146,0.03124,1800.0
2874.1067992704093,-0.0135768046625588,-0.004901673095413,0.03124,1800.0
2874.197341110009,-0.0132944524344571,-0.0056534511146776,0.03124,1800.0
2874.297912742394,-0.0132909999999999,-0.005662,0.03124,1800.0
2874.399551774758,-0.0132835809960746,-0.005634618329196,0.03124,1800.0
2874.5001272218406,-0.012060578640626,-0.0011208253421422,0.03124,1800.0
2874.6048068063437,-0.0099930956783217,0.0065099839379808,0.03124,1800.0
2874.705336953896,-0.0096542157094105,0.0077604598792022,0.03124,1800.0
2874.8059045331656,-0.009621,0.007883,0.03124,1800.0
2874.9064871328055,-0.0095202033485287,0.0079951491753571,0.03124,1800.0
2874.9969874875724,-0.008880434927959,0.0086530085614197,0.03124,1800.0
2875.0975533979117,-0.0078060615395216,0.0096369848016149,0.03124,1800.0
2875.1983081357657,-0.0066118921774125,0.0104948586757691,0.03124,1800.0
2875.2995456712424,-0.0052427426194769,0.0112440619057972,0.03124,1800.0
2875.4001180188834,-0.0038507706729118,0.0117983367227288,0.03124,1800.0
2875.500685598153,-0.00245998663487,0.0121747088473155,0.03124,1800.0
2875.6012689130484,-0.000874074593624,0.0123918942415104,0.03124,1800.0
2875.702186967629,0.0006332288828863,0.0124024040452501,0.03124,1800.0
2875.802847291726,0.0021510298046256,0.012232392459515,0.03124,1800.0
2875.903444434899,0.0035562218115506,0.0118846569826635,0.03124,1800.0
2876.0072788255393,0.0050423432463633,0.0113345622120904,0.03124,1800.0
2876.0977760808646,0.0062461739416183,0.0107156319622376,0.03124,1800.0
2876.199291850823,0.0074906316451894,0.0098908373264162,0.03124,1800.0
2876.2998487012565,0.0086073402671258,0.0089277779780259,0.03124,1800.0
2876.400435354012,0.0096219511234992,0.0078200104615205,0.03124,1800.0
2876.501015807885,0.0105431682771686,0.0065590213262479,0.03124,1800.0
2876.60158243348,0.0112548930066058,0.0052224861054654,0.03124,1800.0
2876.7021509664237,0.0118234062349462,0.0038242076146795,0.03124,1800.0
2876.8027245061576,0.0121900928152211,0.002458180555302,0.03124,1800.0
2876.903288747567,0.0123800032683187,0.0008910461691072,0.03124,1800.0
2877.003857518929,0.0123970094341137,-0.0006374408822622,0.03124,1800.0
2877.1044308202445,0.0122271565197445,-0.0021309488330734,0.03124,1800.0
2877.20501580407,0.0118848167638689,-0.0035603534143255,0.03124,1800.0
2877.30576958825,0.0113563380582377,-0.0049709018207773,0.03124,1800.0
2877.3976596849143,0.0107536383489773,-0.0061999849255104,0.03124,1800.0
2877.4984001176535,0.0099116350569509,-0.0074520927609957,0.03124,1800.0
2877.5989865319907,0.0089128268443538,-0.0086289316644956,0.03124,1800.0
2877.7004889505088,0.0078215551237837,-0.0096386702505343,0.03124,1800.0
2877.8010777490317,0.0066395679462796,-0.0104949997160316,0.03124,1800.0
2877.9042483823478,0.0052140630983651,-0.0112728799979301,0.03124,1800.0
2878.0048312204062,0.0038551565497818,-0.0118149405444945,0.03124,1800.0
2878.105378772515,0.0024205967745416,-0.012189841778882,0.03124,1800.0
2878.2059747235953,0.0008989424768808,-0.0123784347576498,0.03124,1800.0
2878.306541587609,-0.00060125881464,-0.0123928899433028,0.03124,1800.0
2878.3983851926505,-0.0019388116204824,-0.0122491802757375,0.03124,1800.0
2878.498958970803,-0.0033963126707367,-0.0119280571643897,0.03124,1800.0
2878.5995553987204,-0.0048136388872206,-0.011429588992264,0.03124,1800.0
2878.7001198785483,-0.0061757831943183,-0.010750372115751,0.03124,1800.0
2878.8006903188407,-0.0074690568631118,-0.0099073144769929,0.03124,1800.0
2878.9012769715964,-0.0085815472018977,-0.0089617624811317,0.03124,1800.0
2879.00180354287,-0.0096251401807569,-0.0078555175268972,0.03124,1800.0
2879.102367069024,-0.0104838209882556,-0.0066701629254004,0.03124,1800.0
2879.209194566506,-0.0112624350402024,-0.0052453792086162,0.03124,1800.0
2879.300923492211,-0.0117872936174317,-0.003912881802989,0.03124,1800.0
2879.401496316689,-0.0121637056557952,-0.0024477211281542,0.03124,1800.0
2879.502067710656,-0.0123650248843587,-0.0009369503981153,0.03124,1800.0
2879.602624799508,-0.0123961821395776,0.0005387811397952,0.03124,1800.0
2879.7032000081717,-0.0122464880915622,0.0019914634165694,0.03124,1800.0
2879.803773786324,-0.0119057513845865,0.0034597095470376,0.03124,1800.0
2879.9043635385215,-0.0113951159836042,0.004896024980031,0.03124,1800.0
2880.0049313562095,-0.0107331110557522,0.0062365321854486,0.03124,1800.0
2880.1054412381827,-0.010030316977498,0.0073307803106091,0.03124,1800.0
2880.2060064332663,-0.009621,0.007883,0.03124,1800.0
2880.306509877938,-0.0096209999999999,0.007883,0.03124,0.0
