5498.256609649324,0.012143,-0.0170363999999999,0.05893,0.0
5498.3571645924085,0.0116570287476024,-0.0167923978785247,0.05893,0.0
5498.457731218004,0.0099060724457693,-0.0159132111789004,0.05893,0.0
5498.548204631471,0.0072884847598234,-0.0145787574349292,0.05893,0.0
5498.648789615297,0.004501645515608,-0.0130959266747173,0.05893,0.0
5498.7493495651715,0.0015680813896833,-0.011726439879442,0.05893,0.0
5498.849897832536,-0.0014616223400488,-0.0102050780009564,0.05893,0.0
5498.950446338319,-0.0043682663303671,-0.0087455537608703,0.05893,0.0
5499.05100867238,-0.0072220621595794,-0.0073125770745034,0.05893,0.0
5499.151532144212,-0.0100904833982468,-0.0058722498770986,0.05893,0.0
5499.25209161725,-0.0130028208762653,-0.0044098688528079,0.05893,0.0
5499.352642745637,-0.0158906484345217,-0.0029597720828931,0.05893,0.0
5499.450759620332,-0.0175804127023666,-0.0021112537080305,0.05893,0.0
5499.551296682023,-0.0180229999999999,-0.0018889999999999,0.05893,0.0
5499.651867360734,-0.0179955644262025,-0.0020832643113605,0.05893,1800.0
5499.755886525773,-0.0178075334696743,-0.003281317008816,0.05893,1800.0
5499.8564445683,-0.0174815438800618,-0.0047525951391662,0.05893,1800.0
5499.957008332872,-0.0170302428305434,-0.0061687191752746,0.05893,1800.0
5500.047561854982,-0.0165097173361088,-0.0074222163513426,0.05893,1800.0
5500.148114652299,-0.0158510622691026,-0.0087441893538475,0.05893,1800.0
5500.248647899293,-0.0151430442009422,-0.0099250197847109,0.05893,1800.0
5500.349209518098,-0.0143538953467117,-0.0110396510765339,0.05893,1800.0
5500.449761361741,-0.0134334594625291,-0.0121294762856487,0.05893,1800.0
5500.550311774873,-0.0124014067845804,-0.0131806322627535,0.05893,1800.0
5500.650815457963,-0.0112631751287787,-0.0141638095843788,0.05893,1800.0
5500.751317948961,-0.0100385560156916,-0.0150644229443906,0.05893,1800.0
5500.8518886276715,-0.0087691767086023,-0.0158468455111823,0.05893,1800.0
5500.952458352708,-0.007418025412394,-0.0165188588545101,0.05893,1800.0
5501.0530543037885,-0.0059571948745446,-0.0171028747839035,0.05893,1800.0
5501.157119483613,-0.0045397763950912,-0.0175380266002401,0.05893,1800.0
5501.247594327592,-0.0031995192736637,-0.0178264549616949,0.05893,1800.0
5501.348172635698,-0.0017315193989962,-0.0180184230390095,0.05893,1800.0
5501.448741883897,-0.0002337014495693,-0.0180966936977325,0.05893,1800.0
5501.549334258699,0.001298304120425,-0.0180494928021671,0.05893,1800.0
5501.649899215364,0.0027949735902034,-0.0178823573589846,0.05893,1800.0
5501.750456542634,0.0042775269230095,-0.017587499384434,0.05893,1800.0
5501.851025790834,0.0057410037926381,-0.0171644133693849,0.05893,1800.0
5501.95159050908,0.0071154830803097,-0.0166416217270072,0.05893,1800.0
5502.052153796815,0.008527869347763,-0.0159831628751339,0.05893,1800.0
5502.15271207776,0.0097816753038426,-0.0152477284247741,0.05893,1800.0
5502.25328633275,0.0110021395326187,-0.0143891827110184,0.05893,1800.0
5502.353854627275,0.0121917582304895,-0.0133871262275753,0.05893,1800.0
5502.4544186302655,0.013237266861141,-0.0123544983620685,0.05893,1800.0
5502.548726291322,0.0141861812641617,-0.0112378620289021,0.05893,1800.0
5502.64929577794,0.0150816130320802,-0.0100066979106165,0.05893,1800.0
5502.749856204652,0.0158402858696062,-0.0087501297660438,0.05893,1800.0
5502.850418061876,0.0165140983053871,-0.0073941407528564,0.05893,1800.0
5502.950993032121,0.0170932029644133,-0.0059568003090682,0.05893,1800.0
5503.051614732408,0.0175298967720563,-0.0045164295738908,0.05893,1800.0
5503.152171344423,0.0178385256230626,-0.0030754065478471,0.05893,1800.0
5503.252750606202,0.0180327588081853,-0.0015892317162332,0.05893,1800.0
5503.353314847612,0.0181154513598461,-0.0001028846505221,0.05893,1800.0
5503.45384737935,0.0180679620943907,0.0013715529817247,0.05893,1800.0
5503.554425210618,0.0178739650943903,0.0028992884449924,0.05893,1800.0
5503.654996604585,0.0175568956019375,0.0044070880331744,0.05893,1800.0
5503.755563945436,0.0171542551462321,0.0057818746745691,0.05893,1800.0
5503.856127233171,0.0167337521742617,0.0069168470277991,0.05893,1800.0
5503.957111329698,0.0161489343399471,0.0081752509944161,0.05893,1800.0
5504.047627420091,0.015483026390653,0.009375683766043,0.05893,1800.0
5504.14819666829,0.0146477895159031,0.0106306088309587,0.05893,1800.0
5504.248842448854,0.0137176947153187,0.0118059575706965,0.05893,1800.0
5504.347954959535,0.012701583221032,0.012904685088551,0.05893,1800.0
5504.448542804384,0.0115959812327668,0.0139207836200714,0.05893,1800.0
5504.549870700502,0.0104159436571742,0.0148208735387472,0.05893,1800.0
5504.650430411958,0.0091474565403683,0.0156247585763845,0.05893,1800.0
5504.751006574296,0.0077495226084715,0.0163644785390644,0.05893,1800.0
5504.851617545747,0.0063833130774051,0.0169410781858436,0.05893,1800.0
5504.95217439618,0.0049708822369626,0.0174051693793228,0.05893,1800.0
5505.0527846523755,0.0035019990967427,0.0177529519236602,0.05893,1800.0
5505.153341741227,0.0020111414725357,0.0179849862316712,0.05893,1800.0
5505.2539202877515,0.0005075629066411,0.018097212159236,0.05893,1800.0
5505.354490251207,-0.0009836609836172,0.0180773968874267,0.05893,1800.0
5505.455067367219,-0.0024624692483965,0.0179301066425018,0.05893,1800.0
5505.555616826677,-0.0039732045759865,0.0176592725954764,0.05893,1800.0
5505.656173438691,-0.0054345432837497,0.0172760222171553,0.05893,1800.0
5505.7488369652265,-0.0067178643146702,0.0168221983933339,0.05893,1800.0
5505.84934851613,-0.008095294197387,0.0161983303601067,0.05893,1800.0
5505.950917453431,-0.0094526446490108,0.0154379292112771,0.05893,1800.0
5506.051484794282,-0.010688091775229,0.0146083496022948,0.05893,1800.0
5506.152047128343,-0.0118600398772783,0.0136722964249021,0.05893,1800.0
5506.2526151844495,-0.0129519484459001,0.0126419303943802,0.05893,1800.0
5506.353137941026,-0.0139595615121179,0.0115119410816449,0.05893,1800.0
5506.453677625322,-0.0147859294546954,0.0104471980934622,0.05893,1800.0
5506.554233045244,-0.0154607496992103,0.0094055686048908,0.05893,1800.0
5506.654810399675,-0.0161912889044446,0.0081039460086598,0.05893,1800.0
5506.755330533647,-0.0168110176133395,0.0067326978639979,0.05893,1800.0
5506.855917901658,-0.0173329040807088,0.0052468821517239,0.05893,1800.0
5506.956510753297,-0.0177007820453815,0.0038350767650403,0.05893,1800.0
5507.057105750703,-0.017962037934421,0.002320487631798,0.05893,1800.0
5507.171295613908,-0.0180716243830975,0.0012183301992367,0.05893,1800.0
5507.252474040651,-0.0181001002003357,-4.2483606453980194e-05,0.05893,1800.0
5507.353042335176,-0.0180596198867537,-0.0013722597538671,0.05893,1800.0
5507.453565330171,-0.0180246787273218,-0.0018724925146679,0.05893,1800.0
5507.554134339952,-0.0180229999999999,-0.0018889999999999,0.05893,1800.0
5507.6547193237775,-0.0164596014184039,-0.0018515397468568,0.05893,1800.0
5507.75529310193,-0.0116554600074142,-0.0017363743899196,0.05893,1800.0
5507.855871648454,-0.0039245816429,-0.0015509531617015,0.05893,1800.0
5507.956444472932,0.0036504804944202,-0.0013692725605604,0.05893,1800.0
5508.057012529039,0.0086649072778427,-0.0012490927221572,0.05893,1800.0
5508.1475186058515,0.0086649878287424,-0.0012490121712576,0.05893,1800.0
5508.2480864235395,0.008665,-0.001249,0.05893,1800.0
5508.348664493226,0.008546004109846,-0.0018676818841744,0.05893,1800.0
5508.449233741426,0.0081713878998254,-0.0030417080420715,0.05893,1800.0
5508.554978341722,0.0074965698065977,-0.0044567637370404,0.05893,1800.0
5508.65550586667,0.0066159187594409,-0.0056681803812768,0.05893,1800.0
5508.756072730684,0.0055434614518062,-0.0067216865174181,0.05893,1800.0
5508.856639356279,0.0043298441578521,-0.0075723457159785,0.05893,1800.0
5508.947159261369,0.0031277561596328,-0.0081401521533284,0.05893,1800.0
5509.047727794313,0.0016632753809094,-0.0085904552586286,0.05893,1800.0
5509.148240537309,0.0002195304490505,-0.0087373970167067,0.05893,1800.0
5509.24881121602,-0.0013202940684683,-0.0086538948271518,0.05893,1800.0
5509.349376649522,-0.0027871164665584,-0.0082751623309316,0.05893,1800.0
5509.449907273912,-0.0040937787595452,-0.0076647011930005,0.05893,1800.0
5509.550472945833,-0.0053842601450783,-0.0068294304171994,0.05893,1800.0
5509.651053399705,-0.0065098749801475,-0.0058025678551807,0.05893,1800.0
5509.751639337205,-0.0073906418652088,-0.0046215482173121,0.05893,1800.0
5509.852200002336,-0.0080680231579774,-0.0032855278091212,0.05893,1800.0
5509.952709884309,-0.0085210001048866,-0.0018271830896634,0.05893,1800.0
5510.053279132509,-0.0087099408013102,-0.0003395719507033,0.05893,1800.0
5510.1538679310315,-0.0086558854249907,0.001127549925094,0.05893,1800.0
5510.253619641923,-0.0083386060464325,0.0025832965815467,0.05893,1800.0
5510.354238242769,-0.0077970782958235,0.0039601426414284,0.05893,1800.0
5510.454802484178,-0.0069651367277492,0.0052936298754294,0.05893,1800.0
5510.555363864564,-0.0059880946606379,0.0063650549651447,0.05893,1800.0
5510.656757325792,-0.0047631154167743,0.0073183466582948,0.05893,1800.0
5510.747276515626,-0.0036055413856452,0.0079413968988554,0.05893,1800.0
5510.847840280198,-0.002213598266548,0.0084281101100902,0.05893,1800.0
5510.948418826722,-0.0007043725302383,0.0086830245220818,0.05893,1800.0
5511.048989028596,0.0008217246532073,0.0086748606900926,0.05893,1800.0
5511.1495577999585,0.0022846464842349,0.0084203010872462,0.05893,1800.0
5511.2501103588575,0.0036812327256294,0.0079045559582739,0.05893,1800.0
5511.350681275987,0.004971816092481,0.0071880094912465,0.05893,1800.0
5511.451211900377,0.0061343237382584,0.0062145178915891,0.05893,1800.0
5511.551786393785,0.0071436263894198,0.0050570088572385,0.05893,1800.0
5511.657153100633,0.007908332895588,0.0037222584176096,0.05893,1800.0
5511.747630567216,0.0083768844194855,0.0024493674291768,0.05893,1800.0
5511.848206967973,0.0086688658412652,0.0009195610834231,0.05893,1800.0
5511.948781938218,0.008708459036358,-0.0005637652973982,0.05893,1800.0
5512.049346418046,0.008676833420621,-0.0011814054054559,0.05893,1800.0
5512.149896592759,0.008665,-0.0012489999999999,0.05893,1800.0
5512.250468225145,0.0077133232227504,-0.0023698283651054,0.05893,1800.0
5512.351977319383,0.0045613754269029,-0.006082068264323,0.05893,1800.0
5512.454591722154,-0.0005151168785973,-0.0120610647660439,0.05893,1800.0
5512.555160493516,-0.0037775342383717,-0.0159035135539137,0.05893,1800.0
5512.649876565599,-0.0038339999999999,-0.0159699999999999,0.05893,1800.0
5512.750449151658,-0.0033822371362135,-0.0160607277627536,0.05893,1800.0
5512.851014108323,-0.0020582328384139,-0.0162737577027606,0.05893,1800.0
5512.951576442384,-0.0005485137971868,-0.0163902393937294,0.05893,1800.0
5513.052136869096,0.000942797505343,-0.0163704819801778,0.05893,1800.0
5513.152691096925,0.0024470937191313,-0.0162130772585065,0.05893,1800.0
5513.253190488481,0.0039387817797986,-0.0159157730413322,0.05893,1800.0
5513.353960485124,0.0053654590112612,-0.0154930428273513,0.05893,1800.0
5513.454523057603,0.0067503462464084,-0.0149427851373682,0.05893,1800.0
5513.555066079759,0.0081323887089769,-0.0142440627450395,0.05893,1800.0
5513.655657500886,0.0094079165317052,-0.0134361845306241,0.05893,1800.0
5513.756226510667,0.0106248560401327,-0.0125096176790811,0.05893,1800.0
5513.8466956326,0.0116044824241349,-0.0115957466014016,0.05893,1800.0
5513.959584922456,0.0127389785844477,-0.0103445512300265,0.05893,1800.0
5514.050105542802,0.0135255039736459,-0.0092867918885946,0.05893,1800.0
5514.150677413606,0.0143212926829995,-0.0079868761431947,0.05893,1800.0
5514.251240462922,0.0149978562903803,-0.006621239075808,0.05893,1800.0
5514.351805419587,0.0155374015809817,-0.0052305120878413,0.05893,1800.0
5514.452368230485,0.0159505692362562,-0.003796464759211,0.05893,1800.0
5514.552889794969,0.0162327279672639,-0.0022980070712075,0.05893,1800.0
5514.6534671494,0.0163826089259459,-0.0008009052950662,0.05893,1800.0
5514.754039497041,0.0163847747924018,0.0006646931203063,0.05893,1800.0
5514.846725673341,0.0162774534620999,0.002103574029027,0.05893,1800.0
5514.947305888795,0.016030452513255,0.0035373366202632,0.05893,1800.0
5515.047887057924,0.015619306856292,0.0050120465311155,0.05893,1800.0
5515.149619073533,0.0150923159112088,0.0064283633538166,0.05893,1800.0
5515.250188083314,0.0144133027256953,0.00782530962083,0.05893,1800.0
5515.35074445691,0.0136531812608741,0.0090818036501703,0.05893,1800.0
5515.451306075715,0.0127908026524523,0.0102590577412958,0.05893,1800.0
5515.551855535173,0.011798027059306,0.0113855805996122,0.05893,1800.0
5515.652425498628,0.0106984369805155,0.0124238653706873,0.05893,1800.0
5515.752980680131,0.0095103377923078,0.013356110402397,0.05893,1800.0
5515.853539437913,0.0082206681405517,0.0141900155481429,0.05893,1800.0
5515.954101771974,0.0068896095077969,0.0148909837289633,0.05893,1800.0
5516.054676742219,0.0055201352996983,0.0154507514406396,0.05893,1800.0
5516.155246467256,0.0039868872468429,0.0159222453253201,0.05893,1800.0
5516.255822629594,0.0025217073360426,0.0162165467075601,0.05893,1800.0
5516.379486293458,0.0006990367591762,0.0164011790780525,0.05893,1800.0
5516.450530738496,-0.0003450092959181,0.0163975632181901,0.05893,1800.0
5516.551041574144,-0.0018642820919255,0.0162904445720097,0.05893,1800.0
5516.6516027161115,-0.0033190604620498,0.0160610046814187,0.05893,1800.0
5516.752160281801,-0.0047418955289562,0.0156942776129865,0.05893,1800.0
5516.852717132234,-0.0061582269565052,0.0151974193145362,0.05893,1800.0
5516.953618974351,-0.0073663653244164,0.0146635510685427,0.05893,1800.0
5517.0541634270185,-0.0083367079607298,0.0141309879689876,0.05893,1800.0
5517.154780358934,-0.009602604464284,0.0133007071164054,0.05893,1800.0
5517.255357474946,-0.0108418395813137,0.012314089142152,0.05893,1800.0
5517.355916947984,-0.0119566921278975,0.0112557884934993,0.05893,1800.0
5517.446398229265,-0.012826738289777,0.0102209126700403,0.05893,1800.0
5517.552482814454,-0.0137318532415649,0.0089720905060766,0.05893,1800.0
5517.653060884141,-0.0142551300941854,0.0081233003798133,0.05893,1800.0
5517.753605575227,-0.014828080473353,0.0070047352735315,0.05893,1800.0
5517.854165525102,-0.0154080096966264,0.0056032192017817,0.05893,1800.0
5517.954722613954,-0.0158616428964745,0.0041380112633487,0.05893,1800.0
5518.055279941224,-0.0161786356008815,0.0026562413770055,0.05893,1800.0
5518.155833215379,-0.0163599595116044,0.0011567229969894,0.05893,1800.0
5518.256390781068,-0.016395368569652,-0.0003203555003049,0.05893,1800.0
5518.346891135835,-0.016328315455687,-0.0016854262193053,0.05893,1800.0
5518.447457999849,-0.016112343886112,-0.0031365293142278,0.05893,1800.0
5518.548024863862,-0.0157399735450499,-0.0046263153690347,0.05893,1800.0
5518.648563594484,-0.0152626571289643,-0.0060234819698696,0.05893,1800.0
5518.754734964036,-0.0145753574139624,-0.0075104190956341,0.05893,1800.0
5518.855302304887,-0.0138169468608081,-0.0088337605185651,0.05893,1800.0
5518.955870599412,-0.0129505158167699,-0.0100564270097349,0.05893,1800.0
5519.046394796037,-0.0120957716454981,-0.0110702940500536,0.05893,1800.0
5519.146970481538,-0.011029533236976,-0.0121285614242419,0.05893,1800.0
5519.247537822389,-0.0098539688936144,-0.0131178911278367,0.05893,1800.0
5519.348088712358,-0.0086421157599046,-0.0139409911434781,0.05893,1800.0
5519.448668927812,-0.0074043032236366,-0.0146432485752233,0.05893,1800.0
5519.550865621232,-0.0064572958955182,-0.0150845033578773,0.05893,1800.0
5519.65143176999,-0.0049914897040906,-0.0156455681046717,0.05893,1800.0
5519.752003879213,-0.0039375209092577,-0.0159410173349792,0.05893,1800.0
5519.854570598268,-0.0038341975305869,-0.0159699506173532,0.05893,1800.0
5519.955135554933,-0.0038280262634013,-0.0159639496770347,0.05893,1800.0
5520.055737704896,-0.0006394090450712,-0.0127200198489502,0.05893,1800.0
5520.156305999421,0.0042318897404567,-0.0077641470293444,0.05893,1800.0
5520.246814937257,0.0081609647991369,-0.0037668387308598,0.05893,1800.0
5520.347379893922,0.010338,-0.0015519999999999,0.05893,1800.0
5520.447946281099,0.0103057337304308,-0.0017243495674302,0.05893,1800.0
5520.547024697923,0.0101252195216953,-0.0025871169641581,0.05893,1800.0
5520.647611827516,0.0096722609130345,-0.003965441359774,0.05893,1800.0
5520.748179406785,0.008985426299209,-0.0053140298015793,0.05893,1800.0
5520.848761052751,0.0081100403847258,-0.0065631348629016,0.05893,1800.0
5520.949340076112,0.0070890961750391,-0.0076603656916375,0.05893,1800.0
5521.055240125322,0.0058454590663092,-0.00863559092572,0.05893,1800.0
5521.145764083528,0.0046752004251709,-0.0093078147574233,0.05893,1800.0
5521.246339053773,0.0032920819318868,-0.0098843132500444,0.05893,1800.0
5521.346928329133,0.0018487457632328,-0.010264990136358,0.05893,1800.0
5521.447493285798,0.0003617722408691,-0.0104201213479408,0.05893,1800.0
5521.54807397809,-0.0011498692958411,-0.0103648449014019,0.05893,1800.0
5521.648652763032,-0.0026123213814429,-0.0100988812490157,0.05893,1800.0
5521.749214858674,-0.0040438853736874,-0.0096354053050522,0.05893,1800.0
5521.84974786725,-0.0054554950110508,-0.0089171907956711,0.05893,1800.0
5521.950315684938,-0.006668273595006,-0.0080284472879168,0.05893,1800.0
5522.050879211091,-0.0077403898805426,-0.0069984881350325,0.05893,1800.0
5522.151450605058,-0.0086427198485472,-0.005845476734715,0.05893,1800.0
5522.252022237443,-0.0094071277514265,-0.0044925523296918,0.05893,1800.0
5522.352501840257,-0.0099449629647331,-0.0031127496526958,0.05893,1800.0
5522.446101874971,-0.0102624841270992,-0.0017954862314028,0.05893,1800.0
5522.546692580842,-0.0104263355860961,-0.0003123585966162,0.05893,1800.0
5522.647269696855,-0.0103574976774035,0.0012059541513973,0.05893,1800.0
5522.747836084031,-0.0100662536671234,0.0027147202266256,0.05893,1800.0
5522.848416776323,-0.0095944376120017,0.004112402913419,0.05893,1800.0
5522.948984355592,-0.0089115018165189,0.0054505218234169,0.05893,1800.0
5523.049585551881,-0.0079949359505597,0.006717851735154,0.05893,1800.0
5523.15014812436,-0.0069501938943926,0.0077852729766699,0.05893,1800.0
5523.250718564653,-0.005744036219415,0.0087068476897018,0.05893,1800.0
5523.351290673875,-0.0044632717602826,0.0094319126169915,0.05893,1800.0
5523.451862544679,-0.0030295234344949,0.0099659893266215,0.05893,1800.0
5523.552430123948,-0.0015724446062925,0.0103002378238012,0.05893,1800.0
5523.6529967495435,-9.242830392602874e-05,0.0104213969576843,0.05893,1800.0
5523.75355812993,0.0014163321124954,0.0103262242430435,0.05893,1800.0
5523.847856492662,0.0027818361865077,0.0100550939482741,0.05893,1800.0
5523.948427171373,0.0041659977615744,0.009558203439079,0.05893,1800.0
5524.049178809785,0.0055211851572168,0.0088557044974361,0.05893,1800.0
5524.149759263658,0.0067612261878718,0.0079794224777237,0.05893,1800.0
5524.250325173997,0.0078741041977325,0.0068685120077021,0.05893,1800.0
5524.350892514848,0.0087171411803278,0.0057355200052123,0.05893,1800.0
5524.451457709932,0.0094520223056318,0.0044050993118477,0.05893,1800.0
5524.552017659807,0.0100056251689009,0.0029514788069505,0.05893,1800.0
5524.652590245866,0.0103186453754769,0.0014667853852268,0.05893,1800.0
5524.753164500856,0.0104193862962818,-1.3894233395095323e-05,0.05893,1800.0
5524.853769035005,0.0103824679283922,-0.00111622483918,0.05893,1800.0
5524.954334945344,0.010338,-0.0015519999999999,0.05893,1800.0
5525.054901094102,0.0102178536628452,-0.0016010656723469,0.05893,1800.0
5525.149721593522,0.0087665736858408,-0.0021937835850388,0.05893,1800.0
5525.250258416795,0.0020148954541304,-0.0049512640762626,0.05893,1800.0
5525.350844831132,-0.0051370042372116,-0.0078720249148024,0.05893,1800.0
5525.451413840913,-0.0102942067763565,-0.0099783404675826,0.05893,1800.0
5525.551988095903,-0.0106777951822434,-0.0101349317274144,0.05893,1800.0
5525.6458248802655,-0.010678,-0.010135,0.05893,1800.0
5525.746385783815,-0.0103363312030015,-0.0104703874544339,0.05893,1800.0
5525.8469514557355,-0.009432178958498,-0.0112622476442432,0.05893,1800.0
5525.948493690156,-0.0082253749534537,-0.0121761226169739,0.05893,1800.0
5526.049074620866,-0.0069458661852946,-0.0129470181061134,0.05893,1800.0
5526.149655551576,-0.0055830318552572,-0.0135945034374473,0.05893,1800.0
5526.2502326675885,-0.0041570731735675,-0.0141058745879803,0.05893,1800.0
5526.350817889833,-0.0027121029328685,-0.0144489025630181,0.05893,1800.0
5526.451379747056,-0.001247701074677,-0.0146670895737362,0.05893,1800.0
5526.55309268918,-0.0002227126151539,-0.0147188013564248,0.05893,1800.0
5526.65367695775,0.0011000631658125,-0.0146660408136612,0.05893,1800.0
5526.754257173204,0.0025954427339996,-0.0144752211388569,0.05893,1800.0
5526.854854077958,0.0040433213876463,-0.0141323708385086,0.05893,1800.0
5526.955442161226,0.0054704820152334,-0.0136403273962719,0.05893,1800.0
5527.049905032777,0.0067427181363571,-0.0130571042682994,0.05893,1800.0
5527.150491685533,0.0080435491032635,-0.0122937552199374,0.05893,1800.0
5527.251069039964,0.0092613023580335,-0.0114107511385707,0.05893,1800.0
5527.351645440721,0.0103682143047621,-0.010405205213656,0.05893,1800.0
5527.452202529573,0.0114043145912692,-0.0092788867264848,0.05893,1800.0
5527.552878589296,0.0122518970523721,-0.0081181673401117,0.05893,1800.0
5527.653435678148,0.0130669518506708,-0.0067550130354432,0.05893,1800.0
5527.754140824937,0.0136768064269525,-0.0054294497506247,0.05893,1800.0
5527.854733676576,0.0141391736745249,-0.0040297598021177,0.05893,1800.0
5527.955302686357,0.0144838092378103,-0.002525740044279,0.05893,1800.0
5528.045835942888,0.0146503923031413,-0.0011597250131996,0.05893,1800.0
5528.146426410341,0.0146897517768068,0.0003442725387389,0.05893,1800.0
5528.247011394166,0.0145827119978094,0.0018190241576727,0.05893,1800.0
5528.347609967851,0.0143189051697931,0.0032909839085805,0.05893,1800.0
5528.4498018929,0.0138970500837401,0.0047786459533593,0.05893,1800.0
5528.5503234573835,0.0133410106753641,0.0061682759201269,0.05893,1800.0
5528.650855750703,0.0126578211392297,0.0074805649283424,0.05893,1800.0
5528.751424760484,0.0117941512100472,0.0087793043045079,0.05893,1800.0
5528.851963491105,0.0108229302226389,0.0099640728200482,0.05893,1800.0
5528.952526063585,0.0097613100984045,0.0110025181007107,0.05893,1800.0
5529.05310937848,0.0085810130590453,0.0119352400254904,0.05893,1800.0
5529.153664083146,0.0073372564092599,0.0127394678207694,0.05893,1800.0
5529.254215688371,0.0059866691289368,0.0134186778123208,0.05893,1800.0
5529.346257419252,0.0047070630147837,0.0139213425295335,0.05893,1800.0
5529.446822137498,0.0032771146250016,0.014322222972958,0.05893,1800.0
5529.547698468828,0.0018045997156374,0.0145854753943615,0.05893,1800.0
5529.648256272935,0.0004674834556323,0.0147043114380098,0.05893,1800.0
5529.753539771699,-0.000706260130791,0.0146867623916954,0.05893,1800.0
5529.8540858932965,-0.002031759198847,0.0145637333333449,0.05893,1800.0
5529.954593867921,-0.0034522977325321,0.0142944947201897,0.05893,1800.0
5530.055286616945,-0.0049305911426505,0.0138589766268434,0.05893,1800.0
5530.145798654222,-0.0061805674956203,0.0133477314255507,0.05893,1800.0
5530.246361226701,-0.0074997078115488,0.0126442149303355,0.05893,1800.0
5530.349507779741,-0.0087870080382592,0.0117839701874988,0.05893,1800.0
5530.450083942079,-0.0099435298130543,0.0108181951338473,0.05893,1800.0
5530.550677270555,-0.0109847517395705,0.0097100988308909,0.05893,1800.0
5530.651202888154,-0.0119420081708105,0.0085041766575877,0.05893,1800.0
5530.751768083238,-0.012786808454833,0.0072437428606704,0.05893,1800.0
5530.852362842225,-0.0134477955858284,0.005924619836265,0.05893,1800.0
5530.952894658708,-0.0139776112983781,0.0045599114439762,0.05893,1800.0
5531.053416938447,-0.0143679795794445,0.0031152120172389,0.05893,1800.0
5531.153982133531,-0.0146254173288719,0.0016011780008406,0.05893,1800.0
5531.254545421266,-0.0147072819353757,0.0001177913309916,0.05893,1800.0
5531.355123490953,-0.014674780435567,-0.0010125845368018,0.05893,1800.0
5531.455701322221,-0.0145196444498786,-0.0023551265525326,0.05893,1800.0
5531.546200484895,-0.0142500266554244,-0.0035978333103652,0.05893,1800.0
5531.64688465085,-0.0138051181769314,-0.0050355925964543,0.05893,1800.0
5531.749366492891,-0.0132061092844591,-0.0064399062731724,0.05893,1800.0
5531.849951715135,-0.0124914078333313,-0.0077411617431144,0.05893,1800.0
5531.950468272828,-0.0116288160830081,-0.0089851935972315,0.05893,1800.0
5532.051041574144,-0.0108842909642333,-0.0099010958629109,0.05893,1800.0
5532.15160462346,-0.010678,-0.010135,0.05893,1800.0
5532.252298087739,-0.0105302753535504,-0.0100786526266274,0.05893,1800.0
5532.35285708394,-0.0089619183578969,-0.0094804165960967,0.05893,1800.0
5532.453432769441,-0.0016563043475076,-0.0066934450494674,0.05893,1800.0
5532.553996534013,0.0056309654013858,-0.0039135379426981,0.05893,1800.0
5532.654560537004,0.0108847400041306,-0.0019093458463089,0.05893,1800.0
5532.755154103898,0.0120809999999999,-0.0014529999999999,0.05893,1800.0
5532.84566542592,0.0120073379832805,-0.0018587063314959,0.05893,1800.0
5532.946238250398,0.0117725507571109,-0.0029010850459684,0.05893,1800.0
5533.048677177095,0.0113216432091627,-0.004344455512926,0.05893,1800.0
5533.149380893373,0.0107127529337636,-0.0056845119560627,0.05893,1800.0
5533.249940843248,0.0099080912389696,-0.0070260661176657,0.05893,1800.0
5533.350465507173,0.008963185032098,-0.0082101592491276,0.05893,1800.0
5533.451025457048,0.007911299265029,-0.0092332520074549,0.05893,1800.0
5533.551570624971,0.0067138286815873,-0.0101358736476333,0.05893,1800.0
5533.6521415421,0.0054171905224567,-0.0108648237264758,0.05893,1800.0
5533.75268551793,0.0039701915712617,-0.0114620917324895,0.05893,1800.0
5533.85326144185,0.0025446797817595,-0.0118580768347837,0.05893,1800.0
5533.953829259538,0.0011062985342331,-0.0120691963264297,0.05893,1800.0
5534.054410190248,-0.0004186418635751,-0.0121118129682384,0.05893,1800.0
5534.154942721986,-0.0019610654507577,-0.0119623885636309,0.05893,1800.0
5534.245465964937,-0.0032890331951873,-0.0116788621651676,0.05893,1800.0
5534.35224625554,-0.0047983991801933,-0.0111540287495836,0.05893,1800.0
5534.453869075441,-0.0061491170874039,-0.0104703851395561,0.05893,1800.0
5534.554437131547,-0.0074046419461745,-0.0096384063447496,0.05893,1800.0
5534.654973716401,-0.0085329872835713,-0.0086688725385111,0.05893,1800.0
5534.745502442979,-0.0094192872154929,-0.0076600953797846,0.05893,1800.0
5534.846067399644,-0.0102691939166671,-0.0064666280336262,0.05893,1800.0
5534.948775977754,-0.0109915226128103,-0.0051217921927668,0.05893,1800.0
5535.049341888093,-0.0115522905719608,-0.0036700015039998,0.05893,1800.0
5535.14991328206,-0.0119175052783198,-0.0022012410627411,0.05893,1800.0
5535.250482291841,-0.0121019973298435,-0.0007359096860503,0.05893,1800.0
5535.350995988511,-0.0120990376373486,0.000773736094909,0.05893,1800.0
5535.451552600526,-0.0119150509673269,0.0022799477912499,0.05893,1800.0
5535.552134246492,-0.0115575654251086,0.0037256533562012,0.05893,1800.0
5535.652693957948,-0.0110126965402426,0.0051248360618034,0.05893,1800.0
5535.753262967729,-0.0103226424590374,0.0064174277555478,0.05893,1800.0
5535.853830546998,-0.0094305469986135,0.0076756241960221,0.05893,1800.0
5535.954410524034,-0.0083819467042308,0.0087890505491776,0.05893,1800.0
5536.054977626466,-0.0072499573974581,0.00972729853224,0.05893,1800.0
5536.145480365419,-0.0061233083157896,0.0104674290266197,0.05893,1800.0
5536.246047229432,-0.0047595916717232,0.0111464540314724,0.05893,1800.0
5536.348686189317,-0.0033118629075026,0.0116580532176119,0.05893,1800.0
5536.449240655565,-0.0018339235793023,0.0119829427198193,0.05893,1800.0
5536.549892396592,-0.0003208386874097,0.0121258811251526,0.05893,1800.0
5536.65057608571,0.0011508944919108,0.0120760100947783,0.05893,1800.0
5536.751151055955,0.0026913667967214,0.0118506233857834,0.05893,1800.0
5536.851885289811,0.0040263653400609,0.0114705201958941,0.05893,1800.0
5536.952609510087,0.0049844101249094,0.0110753108767403,0.05893,1800.0
5537.05318996396,0.0063571744746285,0.0103522581457491,0.05893,1800.0
5537.153764457368,0.0075518745071011,0.0095098241567764,0.05893,1800.0
5537.254354686403,0.0086474387230095,0.008521979802039,0.05893,1800.0
5537.354924173021,0.009636304433213,0.0073726520678262,0.05893,1800.0
5537.44545099225,0.0103927653953239,0.0062640151731062,0.05893,1800.0
5537.54600998845,0.0110830217096357,0.0049145843219798,0.05893,1800.0
5537.64658257451,0.0116219911230814,0.0034669166772321,0.05893,1800.0
5537.74877259221,0.0119614941551665,0.0019844491966126,0.05893,1800.0
5537.849344463014,0.0121215617228894,0.0004989187985879,0.05893,1800.0
5537.949898452424,0.0121175280773656,-0.000856260138472,0.05893,1800.0
5538.050653428697,0.0120809999999999,-0.0014529999999999,0.05893,1800.0
5538.151227445268,0.0120809999999999,-0.0014529999999999,0.05893,0.0
