502.8991801738739,0.001016000000000003,-0.018064999999999942,0.00213,1800.0
502.9991683959961,0.0010475999999999958,-0.018062199999999973,0.00213,1800.0
503.0991759300232,0.0025198000000000026,-0.01791119999999996,0.00213,1800.0
503.1990852355957,0.004169000000000006,-0.017595899999999998,0.00213,1800.0
503.2991909980774,0.005669300000000002,-0.01713579999999998,0.00213,1800.0
503.3991930484772,0.007240700000000003,-0.016580099999999987,0.00213,1800.0
503.49915313720703,0.007240700000000003,-0.016580099999999987,0.00213,1800.0
503.599178314209,0.008743900000000013,-0.0158316,0.00213,1800.0
503.69917702674866,0.010073399999999996,-0.015017199999999953,0.00213,1800.0
503.7991704940796,0.0114239,-0.014019599999999965,0.00213,1800.0
503.8990783691406,0.012680300000000005,-0.012905400000000011,0.00213,1800.0
503.99904704093933,0.013739500000000002,-0.011760900000000019,0.00213,1800.0
504.09913778305054,0.014768500000000004,-0.010434200000000005,0.00213,1800.0
504.19914984703064,0.015674900000000005,-0.009020899999999998,0.00213,1800.0
504.29915857315063,0.0164001,-0.007640399999999936,0.00213,1800.0
504.39907813072205,0.017069200000000007,-0.005970399999999987,0.00213,1800.0
504.4991602897644,0.01751860000000001,-0.0044775999999999705,0.00213,1800.0
504.59908628463745,0.017840800000000004,-0.0029521999999999604,0.00213,1800.0
504.69924569129944,0.017840800000000004,-0.0029521999999999604,0.00213,1800.0
504.7990458011627,0.01803460000000001,-0.0012855999999999979,0.00213,1800.0
504.89909768104553,0.018083000000000016,0.00027330000000003185,0.00213,1800.0
504.99916434288025,0.017975999999999992,0.0019489000000000312,0.00213,1800.0
505.09917068481445,0.017721299999999995,0.0036085000000000145,0.00213,1800.0
505.1991150379181,0.017316300000000007,0.00523800000000002,0.00213,1800.0
505.29912209510803,0.016747700000000004,0.006817899999999988,0.00213,1800.0
505.3990669250488,0.016098400000000013,0.008235300000000056,0.00213,1800.0
505.499116897583,0.015269100000000008,0.009695300000000018,0.00213,1800.0
505.59917640686035,0.014305700000000005,0.011070400000000036,0.00213,1800.0
505.6991698741913,0.013295200000000007,0.012257999999999991,0.00213,1800.0
505.79916405677795,0.012099799999999994,0.01343690000000003,0.00213,1800.0
505.89910769462585,0.012099799999999994,0.01343690000000003,0.00213,1800.0
505.99915194511414,0.010900400000000005,0.01443300000000003,0.00213,1800.0
506.09913396835327,0.0095171,0.01538489999999998,0.00213,1800.0
506.19908475875854,0.00804619999999999,0.016194900000000012,0.00213,1800.0
506.29911708831787,0.0065093999999999985,0.016871099999999972,0.00213,1800.0
506.3991684913635,0.004918800000000001,0.01740910000000001,0.00213,1800.0
506.4990918636322,0.0034008999999999984,0.017766800000000027,0.00213,1800.0
506.5991761684418,0.0017379999999999896,0.0179994,0.00213,1800.0
506.6991641521454,0.00018120000000000636,0.01808169999999998,0.00213,1800.0
506.79914021492004,-0.0014970999999999873,0.018028500000000003,0.00213,1800.0
506.89908170700073,-0.0031618000000000063,0.017807899999999988,0.00213,1800.0
506.9991502761841,-0.0031618000000000063,0.017807899999999988,0.00213,1800.0
507.09914922714233,-0.004683099999999996,0.01746650000000005,0.00213,1800.0
507.19908380508423,-0.006283000000000011,0.01695720000000006,0.00213,1800.0
507.2991392612457,-0.007832099999999995,0.016309000000000018,0.00213,1800.0
507.39904856681824,-0.009205999999999992,0.015571200000000007,0.00213,1800.0
507.49913811683655,-0.010606600000000008,0.014645099999999966,0.00213,1800.0
507.5990765094757,-0.011828999999999992,0.013677400000000006,0.00213,1800.0
507.6990442276001,-0.0131357,0.012440900000000032,0.00213,1800.0
507.79904890060425,-0.014153899999999997,0.011259800000000042,0.00213,1800.0
507.89914059638977,-0.015133600000000011,0.009896300000000025,0.00213,1800.0
507.9991054534912,-0.015931,0.008556600000000025,0.00213,1800.0
508.0990746021271,-0.01666369999999999,0.007045600000000041,0.00213,1800.0
508.19904613494873,-0.01666369999999999,0.007045600000000041,0.00213,1800.0
508.2991569042206,-0.0172384,0.005467799999999967,0.00213,1800.0
508.3991804122925,-0.017642100000000008,0.003961900000000018,0.00213,1800.0
508.4991569519043,-0.017935499999999993,0.0023087999999999997,0.00213,1800.0
508.59917998313904,-0.01807410000000001,0.0007557000000000258,0.00213,1800.0
508.69912910461426,-0.018061999999999995,-0.0009233999999999631,0.00213,1800.0
508.7991609573364,-0.017894099999999996,-0.0025938999999999823,0.00213,1800.0
508.8991503715515,-0.01758019999999999,-0.004243300000000005,0.00213,1800.0
508.99907898902893,-0.01715549999999999,-0.005743700000000018,0.00213,1800.0
509.0990388393402,-0.0165931,-0.007198199999999988,0.00213,1800.0
509.1991066932678,-0.015850000000000003,-0.008703899999999987,0.00213,1800.0
509.2991225719452,-0.014976299999999998,-0.010137599999999969,0.00213,1800.0
509.3991620540619,-0.014976299999999998,-0.010137599999999969,0.00213,1800.0
509.4991362094879,-0.013977900000000001,-0.011487799999999937,0.00213,1800.0
509.59913635253906,-0.0128461,-0.012728300000000026,0.00213,1800.0
509.69907236099243,-0.0117009,-0.013786300000000029,0.00213,1800.0
509.7990424633026,-0.010374199999999986,-0.014815299999999976,0.00213,1800.0
509.89914321899414,-0.009062899999999999,-0.015659199999999984,0.00213,1800.0
509.99913787841797,-0.007568500000000006,-0.016425299999999976,0.00213,1800.0
510.09918189048767,-0.006011799999999998,-0.017054299999999967,0.00213,1800.0
510.19918036460876,-0.004521200000000003,-0.017511499999999958,0.00213,1800.0
510.2991774082184,-0.002878800000000001,-0.017861499999999975,0.00213,1800.0
510.399206161499,-0.0012094999999999884,-0.018044099999999952,0.00213,1800.0
510.4991571903229,-0.0012094999999999884,-0.018044099999999952,0.00213,1800.0
510.59917974472046,0.00046920000000000295,-0.0180767,0.00213,1800.0
510.69914150238037,0.001016000000000003,-0.018064999999999942,0.00213,1800.0
510.7991952896118,0.001016000000000003,-0.018064999999999942,0.00213,0.0
510.8991451263428,0.0004532000000000008,-0.015753399999999973,0.00213,0.0
511.09907746315,-0.0012640000000000012,-0.008698999999999957,0.00213,0.0
511.1991379261017,-0.0012640000000000012,-0.008698999999999957,0.00213,1800.0
511.2990529537201,-0.0018056999999999934,-0.008591100000000018,0.00213,1800.0
511.39905285835266,-0.003409499999999996,-0.008100800000000019,0.00213,1800.0
511.4991252422333,-0.004880799999999991,-0.007296299999999978,0.00213,1800.0
511.5991041660309,-0.006185999999999997,-0.00624359999999996,0.00213,1800.0
511.69904351234436,-0.006185999999999997,-0.00624359999999996,0.00213,1800.0
511.7991433143616,-0.007181599999999996,-0.005046199999999945,0.00213,1800.0
511.8991332054138,-0.008019600000000002,-0.0035941999999999363,0.00213,1800.0
511.99917340278625,-0.008519300000000007,-0.002118999999999982,0.00213,1800.0
512.0991892814636,-0.008776800000000001,-0.0004620999999999653,0.00213,1800.0
512.1991765499115,-0.00869579999999999,0.0012131000000000225,0.00213,1800.0
512.2991480827332,-0.008354999999999987,0.002733000000000041,0.00213,1800.0
512.3990874290466,-0.007673199999999991,0.0042652000000000245,0.00213,1800.0
512.4991002082825,-0.0067273999999999945,0.005648900000000012,0.00213,1800.0
512.5991785526276,-0.005528599999999995,0.006821600000000039,0.00213,1800.0
512.6992177963257,-0.004239799999999988,0.007695500000000022,0.00213,1800.0
512.7992041110992,-0.0026986000000000093,0.008357100000000062,0.00213,1800.0
512.8992071151733,-0.0026986000000000093,0.008357100000000062,0.00213,1800.0
512.9992146492004,-0.001061499999999993,0.008717799999999998,0.00213,1800.0
513.0991337299347,0.0004950999999999983,0.008767100000000028,0.00213,1800.0
513.1991782188416,0.0021517000000000064,0.008513300000000001,0.00213,1800.0
513.2991733551025,0.003621300000000008,0.007998599999999967,0.00213,1800.0
513.3991765975952,0.0050766000000000006,0.007167100000000037,0.00213,1800.0
513.4991865158081,0.0062614,0.0061563000000000034,0.00213,1800.0
513.5992066860199,0.0073821000000000025,0.0047536000000000245,0.00213,1800.0
513.6991603374481,0.0081088,0.00337599999999999,0.00213,1800.0
513.7990746498108,0.008598499999999995,0.0017731000000000274,0.00213,1800.0
513.8991067409515,0.0087869,0.00010660000000001224,0.00213,1800.0
513.99915766716,0.008659699999999992,-0.0014451999999999798,0.00213,1800.0
514.0991587638855,0.008659699999999992,-0.0014451999999999798,0.00213,1800.0
514.1991682052612,0.008236200000000013,-0.003068000000000015,0.00213,1800.0
514.2991669178009,0.007494500000000001,-0.004571900000000018,0.00213,1800.0
514.3991758823395,0.006575799999999993,-0.005829699999999993,0.00213,1800.0
514.4990363121033,0.005342700000000006,-0.006965899999999969,0.00213,1800.0
514.59912276268,0.004032000000000008,-0.007807100000000011,0.00213,1800.0
514.6991555690765,0.0024726999999999943,-0.008422099999999988,0.00213,1800.0
514.7991561889648,0.0008284999999999959,-0.00875229999999999,0.00213,1800.0
514.8991842269897,-0.0008486999999999939,-0.008737600000000012,0.00213,1800.0
514.9991753101349,-0.0012640000000000012,-0.008698999999999957,0.00213,1800.0
515.0990691184998,-0.0012640000000000012,-0.008698999999999957,0.00213,1800.0
515.1991214752197,-0.0012640000000000012,-0.008698999999999957,0.00213,0.0
515.2991743087769,-4.459999999999187e-05,-0.011478600000000005,0.00213,0.0
515.4991836547852,0.0020550000000000013,-0.016264,0.00213,0.0
515.5991868972778,0.0020550000000000013,-0.016264,0.00213,1800.0
515.6991782188416,0.0024817000000000033,-0.016194600000000003,0.00213,1800.0
515.7991392612457,0.0033764000000000016,-0.016036899999999965,0.00213,1800.0
515.8991749286652,0.004929700000000009,-0.015623100000000001,0.00213,1800.0
515.9991846084595,0.006393899999999994,-0.015087699999999982,0.00213,1800.0
516.0991809368134,0.007903900000000005,-0.01435409999999998,0.00213,1800.0
516.199191570282,0.009230000000000002,-0.013534299999999999,0.00213,1800.0
516.2991707324982,0.010572499999999999,-0.012525899999999979,0.00213,1800.0
516.3990807533264,0.010572499999999999,-0.012525899999999979,0.00213,1800.0
516.4991471767426,0.011792200000000003,-0.011371999999999993,0.00213,1800.0
516.5991547107697,0.012478299999999998,-0.010618599999999978,0.00213,1800.0
516.6991558074951,0.013087399999999999,-0.009870400000000001,0.00213,1800.0
516.7991755008698,0.013901800000000006,-0.008670199999999961,0.00213,1800.0
516.8991792201996,0.01471610000000001,-0.007201999999999986,0.00213,1800.0
516.9991834163666,0.015341400000000005,-0.00577359999999999,0.00213,1800.0
517.0991334915161,0.015841599999999997,-0.00417080000000003,0.00213,1800.0
517.1991729736328,0.0161684,-0.002646399999999993,0.00213,1800.0
517.2991814613342,0.016355800000000004,-0.0009781999999999846,0.00213,1800.0
517.3991627693176,0.016366199999999997,0.0007005999999999957,0.00213,1800.0
517.4991791248322,0.016366199999999997,0.0007005999999999957,0.00213,1800.0
517.5990831851959,0.016237199999999993,0.002222700000000022,0.00213,1800.0
517.6991422176361,0.016077300000000003,0.0031474000000000224,0.00213,1800.0
517.7991781234741,0.015714699999999998,0.004663899999999999,0.00213,1800.0
517.8991928100586,0.015340800000000002,0.0057759000000000005,0.00213,1800.0
517.999178647995,0.014900800000000006,0.00682710000000003,0.00213,1800.0
518.0991802215576,0.014369499999999993,0.007887000000000033,0.00213,1800.0
518.1991817951202,0.013480000000000006,0.009311000000000014,0.00213,1800.0
518.2990851402283,0.012533600000000006,0.010549900000000001,0.00213,1800.0
518.3991146087646,0.011391499999999999,0.011780299999999966,0.00213,1800.0
518.4991924762726,0.010123000000000007,0.012880300000000011,0.00213,1800.0
518.5991396903992,0.008855699999999994,0.013788500000000037,0.00213,1800.0
518.6990914344788,0.008855699999999994,0.013788500000000037,0.00213,1800.0
518.7991256713867,0.007397100000000004,0.01461960000000001,0.00213,1800.0
518.8991494178772,0.005861900000000003,0.015299300000000016,0.00213,1800.0
518.9993567466736,0.004383800000000007,0.015795800000000026,0.00213,1800.0
519.0991835594177,0.003225599999999995,0.016072799999999998,0.00213,1800.0
519.1991939544678,0.0019148999999999972,0.01627660000000003,0.00213,1800.0
519.2991933822632,0.00035910000000001496,0.016377599999999992,0.00213,1800.0
519.3991615772247,-0.0013192999999999955,0.016335400000000055,0.00213,1800.0
519.4992074966431,-0.0029829000000000105,0.01610990000000001,0.00213,1800.0
519.599170923233,-0.004500400000000002,0.015752700000000064,0.00213,1800.0
519.6991457939148,-0.006091899999999997,0.015217600000000053,0.00213,1800.0
519.7991147041321,-0.007612900000000006,0.014506200000000025,0.00213,1800.0
519.8991639614105,-0.007612900000000006,0.014506200000000025,0.00213,1800.0
519.9991960525513,-0.008958900000000006,0.013719499999999996,0.00213,1800.0
520.0991902351379,-0.010316099999999995,0.012731500000000007,0.00213,1800.0
520.1991865634918,-0.011562500000000003,0.011606599999999967,0.00213,1800.0
520.2991089820862,-0.012618600000000008,0.01045950000000001,0.00213,1800.0
520.3990738391876,-0.013404799999999994,0.009436300000000009,0.00213,1800.0
520.4991588592529,-0.014090399999999989,0.008372600000000008,0.00213,1800.0
520.59921002388,-0.014814999999999995,0.006991999999999998,0.00213,1800.0
520.6991217136383,-0.015456300000000006,0.005440400000000012,0.00213,1800.0
520.7991805076599,-0.015930699999999992,0.003830100000000003,0.00213,1800.0
520.8991706371307,-0.0161462,0.002806400000000042,0.00213,1800.0
520.999160528183,-0.016323100000000007,0.0013926000000000216,0.00213,1800.0
521.0991768836975,-0.016323100000000007,0.0013926000000000216,0.00213,1800.0
521.1991751194,-0.016381000000000007,-0.00028529999999998834,0.00213,1800.0
521.2991852760315,-0.016299999999999995,-0.001710599999999951,0.00213,1800.0
521.3991391658783,-0.016163499999999997,-0.0026862000000000275,0.00213,1800.0
521.4991984367371,-0.0159763,-0.0036235000000000017,0.00213,1800.0
521.5991868972778,-0.0155661,-0.005127699999999957,0.00213,1800.0
521.6991665363312,-0.014954399999999993,-0.00669109999999995,0.00213,1800.0
521.7991840839386,-0.014192799999999992,-0.008187400000000011,0.00213,1800.0
521.8991720676422,-0.013410100000000008,-0.009426799999999957,0.00213,1800.0
521.9991974830627,-0.012603200000000009,-0.010477099999999961,0.00213,1800.0
522.0991950035095,-0.011545600000000003,-0.011622699999999986,0.00213,1800.0
522.1991975307465,-0.011545600000000003,-0.011622699999999986,0.00213,1800.0
522.2991592884064,-0.010298299999999996,-0.0127467,0.00213,1800.0
522.3991866111755,-0.008939200000000008,-0.013731999999999966,0.00213,1800.0
522.4991900920868,-0.007486300000000001,-0.014573400000000014,0.00213,1800.0
522.5991389751434,-0.00607039999999999,-0.015226399999999973,0.00213,1800.0
522.6991782188416,-0.004477999999999996,-0.015758999999999967,0.00213,1800.0
522.7991812229156,-0.002842399999999995,-0.01613809999999999,0.00213,1800.0
522.899153470993,-0.0011763000000000051,-0.016343200000000002,0.00213,1800.0
522.9991645812988,0.00038240000000000496,-0.016377299999999984,0.00213,1800.0
523.0991592407227,0.0018905000000000033,-0.016278899999999985,0.00213,1800.0
523.1991450786591,0.0020550000000000013,-0.016264,0.00213,1800.0
523.2991456985474,0.0020550000000000013,-0.016264,0.00213,1800.0
523.399076461792,0.0020550000000000013,-0.016264,0.00213,0.0
523.4991271495819,-0.0007723999999999925,-0.011568000000000023,0.00213,0.0
523.6991631984711,-0.0014839999999999992,-0.010386000000000006,0.00213,0.0
523.7991743087769,-0.0014839999999999992,-0.010386000000000006,0.00213,1800.0
523.8991823196411,-0.0027298000000000044,-0.010128099999999973,0.00213,1800.0
523.9991624355316,-0.004200999999999996,-0.009612400000000021,0.00213,1800.0
524.0991797447205,-0.005674399999999996,-0.008809999999999985,0.00213,1800.0
524.1991097927094,-0.007008199999999992,-0.0077928999999999915,0.00213,1800.0
524.2991652488708,-0.008092000000000002,-0.0066738000000000075,0.00213,1800.0
524.3991661071777,-0.00904880000000001,-0.005296000000000023,0.00213,1800.0
524.4991793632507,-0.00904880000000001,-0.005296000000000023,0.00213,1800.0
524.5990877151489,-0.009728100000000003,-0.003894300000000017,0.00213,1800.0
524.6991424560547,-0.010228200000000007,-0.002293299999999998,0.00213,1800.0
524.7991118431091,-0.010469800000000001,-0.0006330999999999976,0.00213,1800.0
524.8991448879242,-0.010444399999999993,0.000925100000000012,0.00213,1800.0
524.9992020130157,-0.010156600000000002,0.002577700000000016,0.00213,1800.0
525.0992155075073,-0.009621400000000002,0.004167499999999991,0.00213,1800.0
525.1992094516754,-0.008836400000000008,0.005649999999999988,0.00213,1800.0
525.2991666793823,-0.007814500000000002,0.006980100000000045,0.00213,1800.0
525.3991651535034,-0.006694199999999997,0.008061700000000005,0.00213,1800.0
525.5991640090942,-0.003817100000000004,0.009765300000000032,0.00213,1800.0
525.6991603374481,-0.003817100000000004,0.009765300000000032,0.00213,1800.0
525.7991635799408,-0.0023260999999999976,0.010216899999999973,0.00213,1800.0
525.8991556167603,-0.0006666999999999923,0.010461800000000021,0.00213,1800.0
525.9991924762726,0.0008916999999999953,0.010451600000000005,0.00213,1800.0
526.0991265773773,0.0025452000000000113,0.01016889999999998,0.00213,1800.0
526.1991863250732,0.004132499999999997,0.009628099999999973,0.00213,1800.0
526.2992057800293,0.0056205000000000005,0.008853600000000017,0.00213,1800.0
526.3991982936859,0.006871299999999997,0.007924000000000042,0.00213,1800.0
526.4992003440857,0.007965899999999998,0.006814900000000013,0.00213,1800.0
526.5992121696472,0.008947399999999994,0.005454600000000032,0.00213,1800.0
526.6991233825684,0.009709599999999999,0.003960099999999966,0.00213,1800.0
526.7991418838501,0.010217900000000002,0.0023612000000000077,0.00213,1800.0
526.8991730213165,0.010217900000000002,0.0023612000000000077,0.00213,1800.0
526.9992547035217,0.010446400000000008,0.000820299999999996,0.00213,1800.0
527.0991837978363,0.0104442,-0.0008565999999999852,0.00213,1800.0
527.1991937160492,0.010186699999999993,-0.002514399999999972,0.00213,1800.0
527.2991909980774,0.009645600000000004,-0.004102799999999962,0.00213,1800.0
527.3991894721985,0.0089283,-0.005485599999999979,0.00213,1800.0
527.4991536140442,0.008018499999999998,-0.006749899999999975,0.00213,1800.0
527.5991823673248,0.006844100000000006,-0.007948200000000016,0.00213,1800.0
527.6991877555847,0.005485199999999996,-0.008931999999999995,0.00213,1800.0
527.7991931438446,0.003988599999999995,-0.009689299999999956,0.00213,1800.0
527.8990912437439,0.002510200000000004,-0.010179300000000002,0.00213,1800.0
527.9991400241852,0.002510200000000004,-0.010179300000000002,0.00213,1800.0
528.0991811752319,0.0008554000000000062,-0.010453799999999958,0.00213,1800.0
528.1991968154907,-0.000822399999999987,-0.010447399999999996,0.00213,1800.0
528.2991855144501,-0.0014839999999999992,-0.010386000000000006,0.00213,1800.0
528.3991701602936,-0.0014839999999999992,-0.010386000000000006,0.00213,1800.0
528.4991862773895,-0.0014249999999999957,-0.012150500000000009,0.00213,0.0
528.5991160869598,-0.001341999999999996,-0.014631000000000005,0.00213,0.0
528.6991193294525,-0.001341999999999996,-0.014631000000000005,0.00213,0.0
528.79914021492,-0.0013103000000000004,-0.014632800000000001,0.00213,1800.0
528.899178981781,0.0001683999999999991,-0.014680799999999994,0.00213,1800.0
528.9991657733917,0.0017246999999999957,-0.014587499999999975,0.00213,1800.0
529.0991423130035,0.0033765000000000045,-0.014288999999999996,0.00213,1800.0
529.1991889476776,0.0033765000000000045,-0.014288999999999996,0.00213,1800.0
529.2991774082184,0.004987699999999998,-0.013817199999999974,0.00213,1800.0
529.3991372585297,0.006421100000000013,-0.01320389999999999,0.00213,1800.0
529.4991722106934,0.007889199999999999,-0.012390299999999965,0.00213,1800.0
529.599080324173,0.00924860000000001,-0.01140489999999994,0.00213,1800.0
529.6990678310394,0.010406699999999991,-0.01036159999999997,0.00213,1800.0
529.7990429401398,0.011444999999999997,-0.0091059,0.00213,1800.0
529.8991453647614,0.012421299999999996,-0.007833499999999993,0.00213,1800.0
529.9991402626038,0.013234300000000004,-0.0063645999999999425,0.00213,1800.0
530.0991332530975,0.013832900000000009,-0.004925399999999969,0.00213,1800.0
530.1991608142853,0.014307300000000009,-0.0033149000000000095,0.00213,1800.0
530.2990918159485,0.014587500000000003,-0.001659799999999989,0.00213,1800.0
530.3991513252258,0.014587500000000003,-0.001659799999999989,0.00213,1800.0
530.499073266983,0.014690400000000006,1.6000000000016e-05,0.00213,1800.0
530.599127292633,0.014584799999999995,0.0016917000000000182,0.00213,1800.0
530.6991214752197,0.014299300000000001,0.00334580000000001,0.00213,1800.0
530.7991900444031,0.013860399999999995,0.004841800000000007,0.00213,1800.0
530.8991498947144,0.013273800000000002,0.006286000000000014,0.00213,1800.0
530.9991676807404,0.0124663,0.007758000000000043,0.00213,1800.0
531.0991761684418,0.01149950000000001,0.009129900000000024,0.00213,1800.0
531.1991891860962,0.010466699999999995,0.010297600000000018,0.00213,1800.0
531.2991495132446,0.009222800000000003,0.011424400000000001,0.00213,1800.0
531.3990576267242,0.007861900000000005,0.012407700000000021,0.00213,1800.0
531.4991195201874,0.007861900000000005,0.012407700000000021,0.00213,1800.0
531.5991752147675,0.006391800000000003,0.013218000000000008,0.00213,1800.0
531.6991698741913,0.004957500000000004,0.013829199999999986,0.00213,1800.0
531.7991762161255,0.0033449000000000118,0.014296400000000042,0.00213,1800.0
531.8991866111755,0.0018118000000000023,0.014579600000000026,0.00213,1800.0
531.9991607666016,0.00013590000000000824,0.014681300000000008,0.00213,1800.0
532.0991163253784,-0.001540799999999995,0.014605500000000049,0.00213,1800.0
532.1991367340088,-0.003197599999999995,0.014333299999999993,0.00213,1800.0
532.2991743087769,-0.004698499999999994,0.013912800000000058,0.00213,1800.0
532.399090051651,-0.006146499999999999,0.013335200000000047,0.00213,1800.0
532.4990668296814,-0.007628499999999996,0.012547300000000039,0.00213,1800.0
532.5991213321686,-0.00901289999999999,0.011597499999999983,0.00213,1800.0
532.699147939682,-0.00901289999999999,0.011597499999999983,0.00213,1800.0
532.7991573810577,-0.010273699999999997,0.010489099999999973,0.00213,1800.0
532.8990964889526,-0.011408000000000001,0.00925170000000003,0.00213,1800.0
532.9991533756256,-0.012319300000000005,0.007986700000000013,0.00213,1800.0
533.0990433692932,-0.013154799999999994,0.006530900000000006,0.00213,1800.0
533.1991515159607,-0.01376899999999999,0.005097999999999991,0.00213,1800.0
533.2991592884064,-0.014263999999999999,0.0034941000000000555,0.00213,1800.0
533.3991827964783,-0.01456890000000001,0.001843100000000042,0.00213,1800.0
533.4991595745087,-0.014681,0.00016840000000001298,0.00213,1800.0
533.5990755558014,-0.01461860000000001,-0.001389399999999985,0.00213,1800.0
533.6991147994995,-0.0143625,-0.003048099999999998,0.00213,1800.0
533.7991342544556,-0.0139286,-0.00467010000000001,0.00213,1800.0
533.8991415500641,-0.0139286,-0.00467010000000001,0.00213,1800.0
533.9990658760071,-0.0132969,-0.006225599999999998,0.00213,1800.0
534.0991199016571,-0.012569499999999997,-0.007604399999999956,0.00213,1800.0
534.1991481781006,-0.011612399999999995,-0.008983799999999986,0.00213,1800.0
534.2990851402283,-0.010599300000000006,-0.010168599999999972,0.00213,1800.0
534.3991599082947,-0.009366199999999991,-0.01130800000000004,0.00213,1800.0
534.4991710186005,-0.008015800000000003,-0.012304799999999949,0.00213,1800.0
534.5991365909576,-0.0066657999999999995,-0.013084499999999999,0.00213,1800.0
534.699193239212,-0.0051287,-0.01375879999999996,0.00213,1800.0
534.7991509437561,-0.0035260000000000014,-0.014258599999999955,0.00213,1800.0
534.8991982936859,-0.0019940999999999987,-0.014547499999999991,0.00213,1800.0
534.9991643428802,-0.0019940999999999987,-0.014547499999999991,0.00213,1800.0
535.0991613864899,-0.001341999999999996,-0.014631000000000005,0.00213,1800.0
535.1991424560547,-0.001341999999999996,-0.014631000000000005,0.00213,0.0
535.2991771697998,-0.0007368999999999987,-0.012327399999999988,0.00213,0.0
535.6991798877716,0.005377000000000007,0.01094700000000004,0.00213,0.0
535.7991652488708,0.005377000000000007,0.01094700000000004,0.00213,1800.0
535.8991510868073,0.005499099999999993,0.010880200000000062,0.00213,1800.0
535.999233007431,0.006888100000000008,0.010055000000000036,0.00213,1800.0
536.0992143154144,0.008202100000000004,0.00901059999999998,0.00213,1800.0
536.1991591453552,0.008202100000000004,0.00901059999999998,0.00213,1800.0
536.2991907596588,0.009359199999999998,0.007795400000000008,0.00213,1800.0
536.3991458415985,0.010277099999999997,0.0065366000000000035,0.00213,1800.0
536.4991452693939,0.011076100000000005,0.005061400000000049,0.00213,1800.0
536.5991842746735,0.011669000000000013,0.003492200000000001,0.00213,1800.0
536.6991820335388,0.0120199,0.0019742999999999844,0.00213,1800.0
536.7991592884064,0.012181300000000006,0.0003042000000000322,0.00213,1800.0
536.8992018699646,0.012115199999999993,-0.001372699999999949,0.00213,1800.0
536.999210357666,0.0118423,-0.002907999999999966,0.00213,1800.0
537.0991773605347,0.011325200000000007,-0.00450529999999999,0.00213,1800.0
537.1991331577301,0.01059750000000001,-0.006018099999999971,0.00213,1800.0
537.2991693019867,0.009741800000000009,-0.007320999999999966,0.00213,1800.0
537.3991739749908,0.009741800000000009,-0.007320999999999966,0.00213,1800.0
537.4991829395294,0.008639400000000005,-0.008586199999999988,0.00213,1800.0
537.5991747379303,0.007376600000000011,-0.009690699999999997,0.00213,1800.0
537.6991791725159,0.006079100000000004,-0.01055269999999997,0.00213,1800.0
537.7991399765015,0.004571599999999995,-0.01128819999999997,0.00213,1800.0
537.8991765975952,0.002978599999999998,-0.011813299999999971,0.00213,1800.0
537.9991784095764,0.001446900000000001,-0.012099599999999988,0.00213,1800.0
538.099080324173,-0.00022909999999999597,-0.01218969999999997,0.00213,1800.0
538.1990435123444,-0.0017830999999999958,-0.012059799999999954,0.00213,1800.0
538.2991063594818,-0.0034228000000000036,-0.011665700000000001,0.00213,1800.0
538.3991470336914,-0.004997599999999991,-0.011116899999999985,0.00213,1800.0
538.49915599823,-0.004997599999999991,-0.011116899999999985,0.00213,1800.0
538.599184513092,-0.006474499999999994,-0.010319899999999993,0.00213,1800.0
538.6991634368896,-0.007736999999999994,-0.009406899999999996,0.00213,1800.0
538.7991552352905,-0.008954500000000004,-0.008253299999999963,0.00213,1800.0
538.8991734981537,-0.010002999999999998,-0.006944499999999965,0.00213,1800.0
538.9991998672485,-0.010809599999999989,-0.005612099999999953,0.00213,1800.0
539.0991446971893,-0.01148120000000001,-0.004074999999999995,0.00213,1800.0
539.1991741657257,-0.011939500000000006,-0.0024604000000000292,0.00213,1800.0
539.299147605896,-0.0121565,-0.0009163999999999839,0.00213,1800.0
539.3991546630859,-0.012165099999999998,0.0007626000000000022,0.00213,1800.0
539.4991171360016,-0.011947800000000008,0.002427400000000024,0.00213,1800.0
539.5991282463074,-0.011536699999999997,0.0039313000000000264,0.00213,1800.0
539.6990833282471,-0.011536699999999997,0.0039313000000000264,0.00213,1800.0
539.7991380691528,-0.010939400000000002,0.005370800000000009,0.00213,1800.0
539.8991892337799,-0.010022799999999998,0.006916900000000059,0.00213,1800.0
539.9991793632507,-0.009057999999999997,0.008139300000000016,0.00213,1800.0
540.0991752147675,-0.007854,0.009306700000000001,0.00213,1800.0
540.1991808414459,-0.0065027,0.010301000000000005,0.00213,1800.0
540.29918217659,-0.005135399999999998,0.011048200000000008,0.00213,1800.0
540.4107670783997,-0.0035704000000000014,0.011654700000000018,0.00213,1800.0
540.5000805854797,-0.002053100000000002,0.01201350000000001,0.00213,1800.0
540.5991332530975,-0.0003828999999999916,0.012183000000000055,0.00213,1800.0
540.6991541385651,0.0012947999999999987,0.012123099999999998,0.00213,1800.0
540.7991535663605,0.0029459000000000013,0.01182240000000001,0.00213,1800.0
540.8992025852203,0.0029459000000000013,0.01182240000000001,0.00213,1800.0
540.9992101192474,0.004429600000000006,0.01134799999999997,0.00213,1800.0
541.0991468429565,0.005377000000000007,0.01094700000000004,0.00213,1800.0
541.1991631984711,0.005377000000000007,0.01094700000000004,0.00213,1800.0
541.2991609573364,0.005377000000000007,0.01094700000000004,0.00213,0.0
541.3991677761078,0.005377000000000007,0.01094700000000004,0.00213,0.0
545.0481172792579,0.001016000000000003,-0.03369375585054251,0.00213,0.0
