4563.953210343328,0.01154,-0.0098144,0.05112,0.0
4564.053782214131,0.0112321874813736,-0.0097170020057569,0.05112,0.0
4564.154315937963,0.0092665897422798,-0.0090948997883178,0.05112,0.0
4564.254873980489,0.006449988618202,-0.008203374751907,0.05112,0.0
4564.35541271111,0.0036334044214099,-0.0073118115806988,0.05112,0.0
4564.455918778386,0.0007995422987118,-0.0064148257055622,0.05112,0.0
4564.556486596074,-0.0019194967782986,-0.0055542201974435,0.05112,0.0
4564.657060135808,-0.0046961818158318,-0.0046752998105283,0.05112,0.0
4564.757632483449,-0.0076189007821711,-0.0037501694034994,0.05112,0.0
4564.858210314717,-0.0104747392733309,-0.0028462841456879,0.05112,0.0
4564.958757389989,-0.0133088505170113,-0.0019491606095237,0.05112,0.0
4565.05932639977,-0.0160382681401716,-0.0010852861760256,0.05112,0.0
4565.159900654759,-0.0172024448684772,-0.0007167315419914,0.05112,0.0
4565.253053416219,-0.0174289999999999,-0.000645,0.05112,0.0
4565.353617896047,-0.0173898002049258,-0.0011777460906876,0.05112,1800.0
4565.454181660619,-0.0172547513095013,-0.0023930596863862,0.05112,1800.0
4565.5547230138445,-0.0169840146613932,-0.0038567365336107,0.05112,1800.0
4565.655284871068,-0.0165747658895911,-0.0053473117767102,0.05112,1800.0
4565.755853880849,-0.0160662843716684,-0.0067476784928984,0.05112,1800.0
4565.856451739278,-0.0156005203043973,-0.007769170067693,0.05112,1800.0
4565.95696519753,-0.0149235633985128,-0.0090174152375858,0.05112,1800.0
4566.057542075124,-0.0140268306511054,-0.0103468379170592,0.05112,1800.0
4566.158111084905,-0.013072047405001,-0.011515485345783,0.05112,1800.0
4566.258679141011,-0.0120301916431063,-0.0125974378324339,0.05112,1800.0
4566.3592235936785,-0.0108958605025293,-0.0135876628877696,0.05112,1800.0
4566.459806908574,-0.0096839790442497,-0.0144776621088905,0.05112,1800.0
4566.550320137944,-0.0085514071644088,-0.0151712688266125,0.05112,1800.0
4566.650890101399,-0.0072340409914976,-0.0158479920335297,0.05112,1800.0
4566.758083571401,-0.0057143782573861,-0.0164559976245939,0.05112,1800.0
4566.858599890676,-0.0042834987688292,-0.0168887627459332,0.05112,1800.0
4566.959168423619,-0.0028379178750178,-0.0171909389774184,0.05112,1800.0
4567.0597655667925,-0.001349037219355,-0.0173792512118013,0.05112,1800.0
4567.1502709283495,-1.1752809427542645e-05,-0.0174311737549927,0.05112,1800.0
4567.25082992455,0.0015502725537958,-0.0173528552544974,0.05112,1800.0
4567.355783452001,0.003106982126485,-0.0171430658218303,0.05112,1800.0
4567.45633767983,0.0045082218320081,-0.0168035029848409,0.05112,1800.0
4567.556886185613,0.0059587824955798,-0.016348883345515,0.05112,1800.0
4567.657459010091,0.0074085411915958,-0.0157646584143938,0.05112,1800.0
4567.757982720342,0.0087492683802088,-0.0150567894525819,0.05112,1800.0
4567.858608473744,0.0100112895057524,-0.0142506814149204,0.05112,1800.0
4567.959166993108,0.0112238741975805,-0.0133251808029402,0.05112,1800.0
4568.059725989308,0.0123299990116868,-0.0123103846070786,0.05112,1800.0
4568.152820815053,0.0132553420997858,-0.0113176125956914,0.05112,1800.0
4568.254934061971,0.0141920681341517,-0.0101195251576309,0.05112,1800.0
4568.35549830338,0.0150115217183559,-0.0088554457837053,0.05112,1800.0
4568.456083525624,0.0157387293299817,-0.007475539057536,0.05112,1800.0
4568.556653012242,0.0163075063176789,-0.0061123322049536,0.05112,1800.0
4568.657220114675,0.0167605571175002,-0.0047300744562876,0.05112,1800.0
4568.757749070134,0.0171086036130735,-0.0032707980464837,0.05112,1800.0
4568.858342637029,0.0173022973996776,-0.0020712777570215,0.05112,1800.0
4568.958897341695,0.0173965605070794,-0.0008360443962523,0.05112,1800.0
4569.059454668965,0.0174077298206532,0.0006393990232937,0.05112,1800.0
4569.16001294991,0.0173141475646913,0.0019543475658733,0.05112,1800.0
4569.250492800679,0.0171797609468235,0.0029301702346959,0.05112,1800.0
4569.351059664693,0.0168749449695938,0.0043564297048944,0.05112,1800.0
4569.456665505376,0.0164063109160335,0.0058853959300465,0.05112,1800.0
4569.557234276738,0.0158266494913137,0.0073024479023007,0.05112,1800.0
4569.657801140752,0.0151267077650189,0.0086411872428378,0.05112,1800.0
4569.758380402532,0.0143277703319555,0.0099049864278584,0.05112,1800.0
4569.858944405522,0.0134210301212033,0.0110994259846613,0.05112,1800.0
4569.959515322652,0.0124186098410665,0.0122158653509312,0.05112,1800.0
4570.060102213826,0.0113289308214145,0.0132264754581136,0.05112,1800.0
4570.150619019475,0.0102893530660366,0.0140546013314957,0.05112,1800.0
4570.251656998601,0.0090471106032813,0.0148853838251176,0.05112,1800.0
4570.352232922521,0.0077112026109686,0.0156270443135442,0.05112,1800.0
4570.452768076863,0.006257623780378,0.016265504766747,0.05112,1800.0
4570.553346384969,0.0048340787558575,0.0167496111161994,0.05112,1800.0
4570.653874386754,0.0033936987259662,0.017098419741056,0.05112,1800.0
4570.754447688069,0.0018864929165852,0.0173190048363394,0.05112,1800.0
4570.855022896733,0.0003817104108788,0.0174184013895453,0.05112,1800.0
4570.955628384557,-0.0011127234954436,0.0173847640465922,0.05112,1800.0
4571.056691159215,-0.0026205828661427,0.0172185342944354,0.05112,1800.0
4571.157246579137,-0.0040996805159959,0.0169273355296437,0.05112,1800.0
4571.25784205338,-0.0055248755687778,0.0165198865405087,0.05112,1800.0
4571.358401526418,-0.0069191557531424,0.0159805869371608,0.05112,1800.0
4571.458932150807,-0.0082907528736202,0.0153253016513711,0.05112,1800.0
4571.5595168962145,-0.009557969252152,0.01456316431526,0.05112,1800.0
4571.650351990666,-0.0107189605224006,0.013751740505047,0.05112,1800.0
4571.750922430959,-0.0118484254350128,0.0127842272409415,0.05112,1800.0
4571.858687390294,-0.0130006847422441,0.0116086454301467,0.05112,1800.0
4571.959256638494,-0.0139411699471314,0.0104557946619601,0.05112,1800.0
4572.059821118321,-0.0147893826661913,0.0092122080740193,0.05112,1800.0
4572.150586117711,-0.0154330998263425,0.0080722591763822,0.05112,1800.0
4572.251149882283,-0.0159797084864505,0.0069349440816869,0.05112,1800.0
4572.351749409642,-0.0164591365823282,0.0056774239321846,0.05112,1800.0
4572.452316750493,-0.0168911416088488,0.0042408193306771,0.05112,1800.0
4572.552891720738,-0.0171997474011746,0.0027852815934533,0.05112,1800.0
4572.654915799108,-0.0173724477757946,0.0012511951614814,0.05112,1800.0
4572.755479086843,-0.0174289999999999,-0.0001115193243664,0.05112,1800.0
4572.8560571565295,-0.0174289999999999,-0.0006449999999999,0.05112,1800.0
4572.9593348397875,-0.016437359970505,-0.0004328558026987,0.05112,1800.0
4573.049849022832,-0.0101122640477986,0.0009205306024453,0.05112,1800.0
4573.150420655217,-0.0025689480994941,0.0025346542069951,0.05112,1800.0
4573.250987280812,0.0045879205319169,0.0040660265361158,0.05112,1800.0
4573.351563443151,0.0079135174107623,0.0047776351813685,0.05112,1800.0
4573.452119101491,0.0081159999999999,0.004821,0.05112,1800.0
4573.552670706716,0.0081712475797046,0.0047206347609266,0.05112,1800.0
4573.653229226079,0.0084379090639901,0.0041683462493354,0.05112,1800.0
4573.758023013082,0.009014066969961,0.0026980787210905,0.05112,1800.0
4573.859640826192,0.0093353205750925,0.0011911636237441,0.05112,1800.0
4573.950137843099,0.0094323407614744,-0.000125538905724,0.05112,1800.0
4574.050650109258,0.0092773053146977,-0.0016179025561857,0.05112,1800.0
4574.1512565507555,0.0088728369272251,-0.0031405346998921,0.05112,1800.0
4574.251824130025,0.0082570305188377,-0.0045244615638714,0.05112,1800.0
4574.352391232457,0.0074318439315688,-0.0057618919352092,0.05112,1800.0
4574.452954520192,0.0064438612282094,-0.0068551387802992,0.05112,1800.0
4574.5535278215075,0.005263881988759,-0.0077876198067012,0.05112,1800.0
4574.654091347661,0.0039745542722251,-0.0085234782699636,0.05112,1800.0
4574.754663695302,0.0026116279467456,-0.0090337697112115,0.05112,1800.0
4574.8552029027605,0.0011208184898386,-0.0093390398236302,0.05112,1800.0
4574.95576046845,-0.0004325713524394,-0.0094095885301448,0.05112,1800.0
4575.056290139165,-0.0018532592051996,-0.0092460700886635,0.05112,1800.0
4575.152194489446,-0.0033208294260587,-0.0088270632768925,0.05112,1800.0
4575.252753247228,-0.0046746815104625,-0.0081880711371986,0.05112,1800.0
4575.353314150777,-0.0059153174101889,-0.0073231826474843,0.05112,1800.0
4575.453868855443,-0.0070001876497625,-0.0062881724659962,0.05112,1800.0
4575.554392088857,-0.0078912572328355,-0.0051192545708713,0.05112,1800.0
4575.6549441709185,-0.0085930078033493,-0.0038091988237765,0.05112,1800.0
4575.755507697072,-0.009097023782956,-0.0023671319741382,0.05112,1800.0
4575.856053818669,-0.009363790650563,-0.0008806213253847,0.05112,1800.0
4575.956615437474,-0.0093859732019383,0.0005872561364581,0.05112,1800.0
4576.057182778325,-0.0091780915004292,0.0020739540939104,0.05112,1800.0
4576.157743443456,-0.0087380172749947,0.0035197594514114,0.05112,1800.0
4576.258316029515,-0.0080766337812972,0.0048518156449285,0.05112,1800.0
4576.353291977849,-0.007250003335078,0.0060240734588783,0.05112,1800.0
4576.453865517583,-0.0062171444375476,0.0070798780832289,0.05112,1800.0
4576.554432620015,-0.0049831179419469,0.0079861591873343,0.05112,1800.0
4576.655010212865,-0.0036776670026972,0.0086654765702505,0.05112,1800.0
4576.755562533345,-0.0022153452828914,0.0091313833743058,0.05112,1800.0
4576.856121052709,-0.0007034702541454,0.0093804060656387,0.05112,1800.0
4576.956635226216,0.000789277579987,0.0093662422582602,0.05112,1800.0
4577.057199706044,0.0022422268131924,0.0091342724003594,0.05112,1800.0
4577.157690037694,0.0036590957530748,0.0086623620416113,0.05112,1800.0
4577.25783370873,0.0050274974944188,0.0079602354345154,0.05112,1800.0
4577.3584022416735,0.0061965298496324,0.0071006840656082,0.05112,1800.0
4577.458971251454,0.007249433959214,0.006024165994061,0.05112,1800.0
4577.559532870259,0.008063758455135,0.004902387909611,0.05112,1800.0
4577.65005277535,0.0081092805892461,0.0048318312889764,0.05112,1800.0
4577.750606049504,0.0081159999999999,0.004821,0.05112,1800.0
4577.851171721425,0.0055808813483104,0.0040756812738967,0.05112,1800.0
4577.951673497167,-0.0005592690877443,0.0022705763466115,0.05112,1800.0
4578.052785147634,-0.0082531794588793,8.770482450237704e-06,0.05112,1800.0
4578.153353680577,-0.013765725492024,-0.001611757742475,0.05112,1800.0
4578.254167546239,-0.015583,-0.002146,0.05112,1800.0
4578.354756344762,-0.0155689684272551,-0.0022407558952128,0.05112,1800.0
4578.4553305997515,-0.0154545355356318,-0.0029376304632012,0.05112,1800.0
4578.555884589162,-0.0151185891110118,-0.0043443645364296,0.05112,1800.0
4578.653782595601,-0.0148062405865041,-0.0053080227645072,0.05112,1800.0
4578.754313458409,-0.0142564362051319,-0.006626310905211,0.05112,1800.0
4578.85486744782,-0.0135440341452731,-0.0079796650131927,0.05112,1800.0
4578.955424536672,-0.012743682108145,-0.0091999936997813,0.05112,1800.0
4579.055932749715,-0.011819452978126,-0.0103535835129358,0.05112,1800.0
4579.156456936803,-0.0107878646503796,-0.0114292796124738,0.05112,1800.0
4579.257009495702,-0.0096434312318638,-0.0124018938725609,0.05112,1800.0
4579.357544411626,-0.008409417137323,-0.0132799484059714,0.05112,1800.0
4579.4568135633135,-0.0070989399193048,-0.0140246870557849,0.05112,1800.0
4579.557391156163,-0.0056707562186294,-0.0146638642881352,0.05112,1800.0
4579.657943953481,-0.0043267545680777,-0.0151229461147952,0.05112,1800.0
4579.758465756383,-0.0028649990865256,-0.0154718737885169,0.05112,1800.0
4579.854995240178,-0.0013568672014539,-0.0156699003804209,0.05112,1800.0
4579.95558093926,0.0001545971625459,-0.0157214879087749,0.05112,1800.0
4580.05621718308,0.0016426686772751,-0.0156335959716293,0.05112,1800.0
4580.156793345418,0.0030930588648246,-0.0154071476778369,0.05112,1800.0
4580.257354010549,0.0045875406725818,-0.0150280145759258,0.05112,1800.0
4580.357921351399,0.0060059328941829,-0.0145224973366062,0.05112,1800.0
4580.458483923879,0.0073599244775894,-0.0138805414078208,0.05112,1800.0
4580.559070338216,0.0086794484545438,-0.0131069514616192,0.05112,1800.0
4580.6536183252,0.0097723681290831,-0.0123105786874381,0.05112,1800.0
4580.755864132848,0.0109712353306533,-0.0112637918208531,0.05112,1800.0
4580.856450785604,0.0120180171708355,-0.0101450646939144,0.05112,1800.0
4580.957023610082,0.0128884720011548,-0.0090223027951187,0.05112,1800.0
4581.057600726094,0.0136922423427774,-0.0077347996862799,0.05112,1800.0
4581.158167590108,0.0143926610028673,-0.0063199322091667,0.05112,1800.0
4581.258751381841,0.0149308269951924,-0.004913507037798,0.05112,1800.0
4581.349260081258,0.015286669085343,-0.0036416216069068,0.05112,1800.0
4581.449817646947,0.0155599496709483,-0.0021506644390461,0.05112,1800.0
4581.550382365193,0.015704261924402,-0.0006386823587835,0.05112,1800.0
4581.650907505956,0.0156922794808924,0.0008300276957624,0.05112,1800.0
4581.7541496648455,0.0155330573988516,0.0023766015213536,0.05112,1800.0
4581.855507363286,0.0152460611092455,0.0038425837464143,0.05112,1800.0
4581.956083048787,0.0148136624358434,0.0052649907601499,0.05112,1800.0
4582.056651343312,0.0142425548755975,0.0066832327352377,0.05112,1800.0
4582.156729926076,0.0135347492091359,0.0080090591834434,0.05112,1800.0
4582.25729845902,0.0126646010891626,0.0093199910392924,0.05112,1800.0
4582.357869376149,0.0117629192831631,0.0104305569006269,0.05112,1800.0
4582.4584517373705,0.0107030102448701,0.0115056644501628,0.05112,1800.0
4582.55902432343,0.0095119691390671,0.0125084060982864,0.05112,1800.0
4582.649538744893,0.0083755497575771,0.0132946951327183,0.05112,1800.0
4582.750082720723,0.0070763897930549,0.0140331580343489,0.05112,1800.0
4582.850658644643,0.0057222102644497,0.0146398243868441,0.05112,1800.0
4582.954962719884,0.0042358715479502,0.015140691587195,0.05112,1800.0
4583.056994904485,0.002773106357705,0.0154738040628018,0.05112,1800.0
4583.157539595571,0.001299924003225,0.0156755226220539,0.05112,1800.0
4583.258114327397,-0.0002447989142554,0.0157307570529531,0.05112,1800.0
4583.358094204869,-0.0017229186094086,0.0156393111464162,0.05112,1800.0
4583.45866655251,-0.0032083036332795,0.0153939895793752,0.05112,1800.0
4583.549186219182,-0.0045029449155452,0.0150555386795894,0.05112,1800.0
4583.649763573613,-0.0059508749663004,0.014544665507009,0.05112,1800.0
4583.750345457997,-0.007342255989753,0.0138931001389938,0.05112,1800.0
4583.851039875951,-0.0086441042817082,0.013124442492152,0.05112,1800.0
4583.951604355779,-0.009866158740881,0.012230521874415,0.05112,1800.0
4584.052164067235,-0.0109945950341193,0.0112324705215627,0.05112,1800.0
4584.157693375554,-0.0120446970970008,0.0101006000253695,0.05112,1800.0
4584.258255471196,-0.0129257462185239,0.0089541701154422,0.05112,1800.0
4584.358829964604,-0.0137241015463825,0.0076764967546105,0.05112,1800.0
4584.449337948766,-0.0143565768588311,0.0064247435807655,0.05112,1800.0
4584.54987286469,-0.0148870088213354,0.0050592351798414,0.05112,1800.0
4584.650440205541,-0.0152925149387829,0.0036191449670473,0.05112,1800.0
4584.751036156621,-0.015535377803957,0.0024116542752923,0.05112,1800.0
4584.851601351705,-0.0156614479442254,0.0013843171436964,0.05112,1800.0
4584.952116955724,-0.0157170119412317,0.0002101035455514,0.05112,1800.0
4585.052682389226,-0.0156971154914731,-0.000983599378425,0.05112,1800.0
4585.155385722127,-0.0156292008576114,-0.001788198606868,0.05112,1800.0
4585.255946148839,-0.015583,-0.0021459999999999,0.05112,1800.0
4585.356507529225,-0.0154464648167549,-0.0021035576205722,0.05112,1800.0
4585.457085360494,-0.0143544089048734,-0.0017640521787708,0.05112,1800.0
4585.557660330739,-0.0072642355164399,0.0004404194424624,0.05112,1800.0
4585.6495294465685,-0.0007035624576905,0.0024803498409666,0.05112,1800.0
4585.750090111699,0.0068372747659764,0.0048249949655103,0.05112,1800.0
4585.850684155431,0.0093303411194598,0.0056001376202251,0.05112,1800.0
4585.951211680379,0.0095839999999999,0.0056789999999999,0.05112,1800.0
4586.051776637044,0.0095925351604292,0.005663451873358,0.05112,1800.0
4586.152335871663,0.0098936378905151,0.0050160626054762,0.05112,1800.0
4586.252909172978,0.0104497880665338,0.0036835742957361,0.05112,1800.0
4586.353516329732,0.0108843673307552,0.0022647414201616,0.05112,1800.0
4586.454079617467,0.0110881759810727,0.000817662863098,0.05112,1800.0
4586.554596890416,0.0110951343440584,-0.0007016335184356,0.05112,1800.0
4586.655178536382,0.0109078088191989,-0.0022112148867557,0.05112,1800.0
4586.755701531377,0.0105157641603828,-0.0036730285503463,0.05112,1800.0
4586.878954400029,0.0097840629827074,-0.0053798379067929,0.05112,1800.0
4586.949342478719,0.0092023240186242,-0.0062505780746821,0.05112,1800.0
4587.049881924596,0.0082627041127593,-0.0074244354651892,0.05112,1800.0
4587.151186217275,0.0071931430087334,-0.0084679254129284,0.05112,1800.0
4587.251704443898,0.0059989049494845,-0.009347885103515,0.05112,1800.0
4587.352256287541,0.0046917369331512,-0.0100637786478132,0.05112,1800.0
4587.452821721044,0.0032754345455667,-0.010615174369793,0.05112,1800.0
4587.553382863011,0.0017868532080061,-0.0109692221790692,0.05112,1800.0
4587.65894912621,0.0002589534054909,-0.0111063940919556,0.05112,1800.0
4587.749637354817,-0.0011280475925749,-0.0110687131663609,0.05112,1800.0
4587.850222338643,-0.0026097396037645,-0.0108285620707407,0.05112,1800.0
4587.951332797017,-0.0040327899062008,-0.0103738380524425,0.05112,1800.0
4588.05188464066,-0.0054038732708042,-0.0097159181846744,0.05112,1800.0
4588.152447928395,-0.0066649270481511,-0.008899492328427,0.05112,1800.0
4588.253013838735,-0.007780372862416,-0.0079322210552787,0.05112,1800.0
4588.353536118474,-0.0087767118531218,-0.0067991012588458,0.05112,1800.0
4588.454093922582,-0.0096237404487629,-0.0055441974016282,0.05112,1800.0
4588.554656495061,-0.0102847249608658,-0.0042142510919023,0.05112,1800.0
4588.655221690145,-0.0107543360247473,-0.0027664353050197,0.05112,1800.0
4588.755785693135,-0.0110485063714581,-0.0012209847897102,0.05112,1800.0
4588.857417334523,-0.0111139420149133,0.0002688793586714,0.05112,1800.0
4588.95799039742,-0.0109956636486187,0.001718472164486,0.05112,1800.0
4589.058566082921,-0.0106697513378204,0.0031680476752741,0.05112,1800.0
4589.149078835454,-0.0101861604274374,0.0044779533363477,0.05112,1800.0
4589.249637831655,-0.0094832236385589,0.0057964314319272,0.05112,1800.0
4589.350203503575,-0.0086129858592,0.0070172705574327,0.05112,1800.0
4589.454686631169,-0.007508777426608,0.0081843475668472,0.05112,1800.0
4589.5552685155535,-0.0063601584106393,0.0091139918359012,0.05112,1800.0
4589.655834664311,-0.0050621641454609,0.009880727168452,0.05112,1800.0
4589.756409872975,-0.0036709601217952,0.0104858860917156,0.05112,1800.0
4589.8570926084185,-0.0022416210400508,0.0108814938169712,0.05112,1800.0
4589.957644452062,-0.0007433329582416,0.0110907336103898,0.05112,1800.0
4590.058525313344,0.0007408678990783,0.0110899048111202,0.05112,1800.0
4590.159095038381,0.0022096756285087,0.0109038228265776,0.05112,1800.0
4590.249623288121,0.0035768372012268,0.01054508084283,0.05112,1800.0
4590.350191582646,0.0049129787043138,0.009979697875678,0.05112,1800.0
4590.450696219411,0.0062223881624291,0.0092069660201396,0.05112,1800.0
4590.55126212975,0.0074020340285999,0.0082900815760452,0.05112,1800.0
4590.651821125951,0.0084383437842128,0.007224812714795,0.05112,1800.0
4590.752379645314,0.009244644612153,0.0061826710576554,0.05112,1800.0
4590.856436957326,0.0095839490949992,0.0056789999999999,0.05112,1800.0
4590.957007636037,0.0095865703260835,0.0056747830587691,0.05112,1800.0
4591.057539929357,0.0105979271970308,0.0040411112567473,0.05112,1800.0
4591.158224810567,0.0131380507860309,-6.176686764608474e-05,0.05112,1800.0
4591.258794535604,0.013961,-0.0013909999999999,0.05112,1800.0
4591.359330882039,0.0139620386994428,-0.0013801802141374,0.05112,1800.0
4591.4598967923785,0.0140157291266119,-0.0004836151716254,0.05112,1800.0
4591.5604526891375,0.0139858558263708,0.0009208901568216,0.05112,1800.0
4591.661082018819,0.0138052703227179,0.0023985229063155,0.05112,1800.0
4591.761648882833,0.0135457928075049,0.0036310254352389,0.05112,1800.0
4591.862196434941,0.0131876635686314,0.0047529294253592,0.05112,1800.0
4591.962753046956,0.0126979837928245,0.0059263413517927,0.05112,1800.0
4592.063760031667,0.0120283590784901,0.0071762316970273,0.05112,1800.0
4592.164317358937,0.011190710945647,0.0084450892809187,0.05112,1800.0
4592.2658157243395,0.0102903524791673,0.0095272517105325,0.05112,1800.0
4592.366397608724,0.0094221726562404,0.0103970931645415,0.05112,1800.0
4592.466971863713,0.008499147903464,0.011162921454597,0.05112,1800.0
4592.575357903447,0.0071653682172197,0.012064544775957,0.05112,1800.0
4592.6670923127795,0.0059339836374607,0.0127054137666045,0.05112,1800.0
4592.767647017446,0.0045463271277522,0.0132603156657686,0.05112,1800.0
4592.868239392247,0.0031190441038951,0.0136656847579046,0.05112,1800.0
4592.958720435109,0.0017943047873833,0.0138947832000418,0.05112,1800.0
4593.059236992803,0.0002532508362723,0.0140093239188484,0.05112,1800.0
4593.1597952737475,-0.0012854928357519,0.0139534025083218,0.05112,1800.0
4593.261705388036,-0.0027587096941082,0.01374261755333,0.05112,1800.0
4593.362270821538,-0.0042100664912521,0.0133713588380779,0.05112,1800.0
4593.462838639226,-0.0056402093815927,0.0128391534150108,0.05112,1800.0
4593.563367117848,-0.0069687073131865,0.0121820236540826,0.05112,1800.0
4593.663945425954,-0.0082437740344733,0.0113573986976867,0.05112,1800.0
4593.764506329503,-0.0093768701537893,0.0104333145806932,0.05112,1800.0
4593.865091790166,-0.0104570859729176,0.0093409592455873,0.05112,1800.0
4593.965632428136,-0.0114067348318681,0.008141008279497,0.05112,1800.0
4594.059968461003,-0.0121533639113114,0.0069687952780411,0.05112,1800.0
4594.161757935491,-0.01283332970887,0.0056240167149135,0.05112,1800.0
4594.262324084249,-0.0133192688157039,0.0043703396178646,0.05112,1800.0
4594.362901677098,-0.0136549324872244,0.003140782909853,0.05112,1800.0
4594.463470686879,-0.0139047875810847,0.0017154484356429,0.05112,1800.0
4594.564041604009,-0.0140140208598928,0.0001719668326788,0.05112,1800.0
4594.664614666905,-0.0139608306204078,-0.0013285754187722,0.05112,1800.0
4594.765153874364,-0.013759768965587,-0.002750460956907,0.05112,1800.0
4594.865728606191,-0.0134996949195778,-0.0038190065631827,0.05112,1800.0
4594.9663033380175,-0.0130320265382687,-0.0051826998220679,0.05112,1800.0
4595.066875924077,-0.012407572219648,-0.0065157247769874,0.05112,1800.0
4595.167448271718,-0.01164256668056,-0.0078089159178473,0.05112,1800.0
4595.268010844197,-0.0106964766069221,-0.0090439899635227,0.05112,1800.0
4595.358525504079,-0.0097511095733141,-0.0100629296120712,0.05112,1800.0
4595.461760987248,-0.0086048735520702,-0.0110604659749403,0.05112,1800.0
4595.5628323449755,-0.0073717090757328,-0.0119109200236879,0.05112,1800.0
4595.663434018102,-0.006034282893253,-0.0126546386800122,0.05112,1800.0
4595.764012326207,-0.0047173282425084,-0.0132087648566053,0.05112,1800.0
4595.8645510568285,-0.0032089067953743,-0.013655552918306,0.05112,1800.0
4595.96513508698,-0.0017320410606454,-0.0139255867562018,0.05112,1800.0
4596.065662611928,-0.0002474469004786,-0.0140247605885238,0.05112,1800.0
4596.166230191197,0.0012272893034737,-0.0139729720808481,0.05112,1800.0
4596.266810883489,0.0027446479606555,-0.0137479864069013,0.05112,1800.0
4596.367382515874,0.0042357147976616,-0.0133582725559448,0.05112,1800.0
4596.467958439794,0.005651374290702,-0.0128208496015927,0.05112,1800.0
4596.568542946782,0.0069830638322787,-0.0121488415213255,0.05112,1800.0
4596.659081448522,0.0081170733735352,-0.0114157818843348,0.05112,1800.0
4596.7634904279375,0.0092301244501016,-0.0105662281492777,0.05112,1800.0
4596.864050616231,0.0099707560553986,-0.0098582342858534,0.05112,1800.0
4596.96461652657,0.0109552219835177,-0.0087464794486743,0.05112,1800.0
4597.065235842671,0.0118396631547538,-0.007523397923945,0.05112,1800.0
4597.162979353871,0.0125379948838949,-0.0062995324812079,0.05112,1800.0
4597.263539065328,0.0129645932372909,-0.0053584009581297,0.05112,1800.0
4597.364626873937,0.0134144056383074,-0.0040732248381123,0.05112,1800.0
4597.465186585393,0.0137047931004841,-0.0029581323221216,0.05112,1800.0
4597.565756787267,0.0139000886269221,-0.0018111618138586,0.05112,1800.0
4597.666312445607,0.0139607573472003,-0.0013931838751972,0.05112,1800.0
4597.766889323201,0.013961,-0.0013909999999999,0.05112,1800.0
4597.867455948796,0.0131721890735545,0.0007589624691289,0.05112,1800.0
4597.968024720159,0.0116037918980989,0.0050338398221195,0.05112,1800.0
4598.058549870458,0.0110519999999999,0.006538,0.05112,1800.0
4598.159125079122,0.0110522866802806,0.0065374603665306,0.05112,1800.0
4598.259699334111,0.0110553643309278,0.0065316671417828,0.05112,1800.0
4598.360281933751,0.0116523191914044,0.0053767502156562,0.05112,1800.0
4598.460856188741,0.012174033617544,0.0040152129285965,0.05112,1800.0
4598.561425913777,0.01255728352436,0.0025626777137108,0.05112,1800.0
4598.663570631948,0.0127644637024627,0.0010631118107675,0.05112,1800.0
4598.764152993169,0.0127993105494086,-0.0004760296453343,0.05112,1800.0
4598.864765871968,0.0126577032246939,-0.0019806225983243,0.05112,1800.0
4598.9652726545,0.0123466880411984,-0.0034434919399555,0.05112,1800.0
4599.065849055257,0.0118618644148347,-0.0048744433452658,0.05112,1800.0
4599.166416157689,0.0112251145443502,-0.0061969687857366,0.05112,1800.0
4599.267004240956,0.0104312487359006,-0.0074523548455551,0.05112,1800.0
4599.367561806645,0.0094485470941569,-0.0086674358151711,0.05112,1800.0
4599.468134631124,0.0083578526900538,-0.0097347312858249,0.05112,1800.0
4599.558659066167,0.0072720528332658,-0.0105657196824859,0.05112,1800.0
4599.659398545232,0.0060162857443343,-0.0113293746469444,0.05112,1800.0
4599.76010226151,0.00462780019617,-0.0119599306329771,0.05112,1800.0
4599.860839356389,0.0032331774600112,-0.0124082280526355,0.05112,1800.0
4599.961467255559,0.0017481944770103,-0.0126871245254824,0.05112,1800.0
4600.0633749856615,0.0001978331052115,-0.0128094004517098,0.05112,1800.0
4600.163951624837,-0.0013128511816897,-0.0127409394149729,0.05112,1800.0
4600.264523018804,-0.0027824900554529,-0.0125104033406999,0.05112,1800.0
4600.365074147191,-0.004192793198329,-0.0121148889410983,0.05112,1800.0
4600.465602148976,-0.0056489184868725,-0.0115156416517238,0.05112,1800.0
4600.566265810933,-0.0069409138532116,-0.0107956485313469,0.05112,1800.0
4600.667700041738,-0.0081317606475321,-0.009933528716427,0.05112,1800.0
4600.76828383347,-0.0092203055295281,-0.0089245126625407,0.05112,1800.0
4600.858785618749,-0.0101422646296712,-0.0078234130630654,0.05112,1800.0
4600.959361542668,-0.0110023901302035,-0.0065554716987522,0.05112,1800.0
4601.0599343671465,-0.0116958742210293,-0.0052192570346589,0.05112,1800.0
4601.160481442418,-0.0122307968333565,-0.0038191276417809,0.05112,1800.0
4601.261052836385,-0.0125915973368083,-0.0023611743228403,0.05112,1800.0
4601.365711440053,-0.0127904666463812,-0.0008125589080711,0.05112,1800.0
4601.46722911736,-0.0127961310254471,0.0006900415879831,0.05112,1800.0
4601.567785014119,-0.0126360368403316,0.0021712589838467,0.05112,1800.0
4601.668347109761,-0.0123041050765705,0.0036049196491348,0.05112,1800.0
4601.758866538014,-0.0118612666632833,0.0048923802467975,0.05112,1800.0
4601.865200509038,-0.0111746636724875,0.0063046831624565,0.05112,1800.0
4601.966352452245,-0.0103120487032309,0.00762242189461,0.05112,1800.0
4602.066923130956,-0.009356535653013,0.0087728483232554,0.05112,1800.0
4602.16750668427,-0.0082474647908057,0.0098181341131516,0.05112,1800.0
4602.268075217214,-0.0070447414144627,0.0107058498819893,0.05112,1800.0
4602.3585393323565,-0.0058800651901827,0.0113861323790842,0.05112,1800.0
4602.459102143254,-0.0045185164355485,0.0119903405367908,0.05112,1800.0
4602.5596902265215,-0.0031002505051328,0.0124302425521987,0.05112,1800.0
4602.660430420842,-0.001584262276385,0.0127175547295896,0.05112,1800.0
4602.760961045232,-8.294322911675533e-05,0.0128279891583683,0.05112,1800.0
4602.861521471944,0.0013592457923091,0.0127627767136443,0.05112,1800.0
4602.962081421819,0.002858837706359,0.0125228854266338,0.05112,1800.0
4603.062638987508,0.0042770713474595,0.0120930642966612,0.05112,1800.0
4603.163195599523,0.0057199142754669,0.0114712481748903,0.05112,1800.0
4603.263745535817,0.0070061731802413,0.0107319987935703,0.05112,1800.0
4603.362696160283,0.0082028701671525,0.0098394441062665,0.05112,1800.0
4603.463237990346,0.009320528496074,0.0087898780158001,0.05112,1800.0
4603.563805331197,0.0102713825476992,0.0076670875793237,0.05112,1800.0
4603.664334525075,0.0108738180531605,0.0068249754468053,0.05112,1800.0
4603.7648918523455,0.011052,0.0065379999999999,0.05112,1800.0
4603.865457762685,0.011052,0.0065379999999999,0.05112,0.0
