2965.6267332693888,-0.0086179999999999,-0.0069754,0.033370000000000004,0.0
2965.7273132464243,-0.0080388355360643,-0.0071927015615083,0.033370000000000004,0.0
2965.8278853556467,-0.0067175167638739,-0.0076883969848417,0.033370000000000004,0.0
2965.930577244456,-0.0050612535071587,-0.0083096767784197,0.033370000000000004,0.0
2966.0311312338663,-0.0034283510721581,-0.0089221888258392,0.033370000000000004,0.0
2966.1317011973215,-0.0017819505618968,-0.0095398065037285,0.033370000000000004,0.0
2966.2322775980783,-0.000150458484369,-0.0101518195555209,0.033370000000000004,0.0
2966.332850660975,0.0014540788120192,-0.0107537375557949,0.033370000000000004,0.0
2966.4233488699747,0.0028863754900403,-0.011291019980338,0.033370000000000004,0.0
2966.5239185950113,0.0045491605697758,-0.011914794254886,0.033370000000000004,0.0
2966.624494518931,0.0061015606032977,-0.0124971313744742,0.033370000000000004,0.0
2966.725068535502,0.0070242091347167,-0.0128431911756926,0.033370000000000004,0.0
2966.8265468737436,0.007245,-0.0129259999999999,0.033370000000000004,0.0
2966.9271187445474,0.0075573775402362,-0.0127364275494532,0.033370000000000004,1800.0
2967.0276434084726,0.0082197260603169,-0.0123140097408844,0.033370000000000004,1800.0
2967.128212656672,0.008983523527793,-0.0117695009570782,0.033370000000000004,1800.0
2967.2287399432016,0.0098400546312778,-0.0110503869132371,0.033370000000000004,1800.0
2967.3292946478678,0.0108978095809431,-0.0100151898645766,0.033370000000000004,1800.0
2967.4298529288126,0.0118625017496661,-0.0088620677697103,0.033370000000000004,1800.0
2967.5321404597116,0.0127177512994673,-0.0075916452301834,0.033370000000000004,1800.0
2967.622660841639,0.013366387141728,-0.0063632998955283,0.033370000000000004,1800.0
2967.723236050303,0.0139212418388803,-0.0050399305517435,0.033370000000000004,1800.0
2967.823826994593,0.0143537745433649,-0.0035907552349972,0.033370000000000004,1800.0
2967.9243979117227,0.0146396927812638,-0.0021354851790362,0.033370000000000004,1800.0
2968.024987187083,0.0147806689803248,-0.0006154277995891,0.033370000000000004,1800.0
2968.1255755087686,0.0147641944845669,0.0009085827199858,0.033370000000000004,1800.0
2968.226157393153,0.0146015942871926,0.0023827619739025,0.033370000000000004,1800.0
2968.3267309328867,0.0142851253134347,0.0038558392971769,0.033370000000000004,1800.0
2968.4272958895517,0.0138155680271057,0.0053047958102875,0.033370000000000004,1800.0
2968.527856077845,0.013231828726361,0.006642175231333,0.033370000000000004,1800.0
2968.6284241339517,0.012471878288015,0.0079882856348716,0.033370000000000004,1800.0
2968.728974308665,0.0115832166677015,0.009232710694469,0.033370000000000004,1800.0
2968.8295492789102,0.010561066268832,0.0103751090683931,0.033370000000000004,1800.0
2968.9236926695658,0.0096114785125837,0.0112666628128135,0.033370000000000004,1800.0
2969.024267639811,0.0087917515964956,0.0119192901583839,0.033370000000000004,1800.0
2969.125460829432,0.0079879367120861,0.012467878908456,0.033370000000000004,1800.0
2969.2260312697244,0.006871408728381,0.0130943798635002,0.033370000000000004,1800.0
2969.3265995642496,0.005523690862777,0.0137280654500238,0.033370000000000004,1800.0
2969.4271328112436,0.0041033013233066,0.0142132905458166,0.033370000000000004,1800.0
2969.527700390513,0.0026160806596283,0.0145693477451213,0.033370000000000004,1800.0
2969.6282555720163,0.0011663053380407,0.0147540341627266,0.033370000000000004,1800.0
2969.728845085795,-0.0003525169204079,0.0147999110414839,0.033370000000000004,1800.0
2969.829390253718,-0.0018981287710198,0.0146957050948355,0.033370000000000004,1800.0
2969.9299468657327,-0.003394943977154,0.0144129824069338,0.033370000000000004,1800.0
2970.0305132529093,-0.0047769596091906,0.0140135406284446,0.033370000000000004,1800.0
2970.131031241114,-0.006218432471724,0.0134340715769625,0.033370000000000004,1800.0
2970.231601442988,-0.0075718358530859,0.0127111919872783,0.033370000000000004,1800.0
2970.32527729481,-0.0087478797588854,0.0119312104884941,0.033370000000000004,1800.0
2970.4258515497995,-0.0098891803692475,0.0110038529178171,0.033370000000000004,1800.0
2970.5264215132547,-0.0109275460244726,0.0099766937134425,0.033370000000000004,1800.0
2970.6270024439646,-0.0118806776229641,0.0088145393085734,0.033370000000000004,1800.0
2970.727508749659,-0.0126803810885284,0.0076510203157788,0.033370000000000004,1800.0
2970.8280830046488,-0.0132730710747927,0.0065625292156983,0.033370000000000004,1800.0
2970.928638662989,-0.0138486555532275,0.0052233597917618,0.033370000000000004,1800.0
2971.0291938444925,-0.0143338870033478,0.0037496363972988,0.033370000000000004,1800.0
2971.129752840693,-0.0146435885594516,0.0022608419156313,0.033370000000000004,1800.0
2971.230328049357,-0.0147835018082886,0.0008201751769151,0.033370000000000004,1800.0
2971.3308887144876,-0.0147874456258985,-0.0006539141958442,0.033370000000000004,1800.0
2971.4314350745035,-0.0146314940455166,-0.0022082844237185,0.033370000000000004,1800.0
2971.5319971701456,-0.0143369649655348,-0.0036510675517926,0.033370000000000004,1800.0
2971.632575478251,-0.0138769714014223,-0.0051130021486549,0.033370000000000004,1800.0
2971.723086561854,-0.01339105057574,-0.006310192180071,0.033370000000000004,1800.0
2971.8236009737802,-0.0128135399980464,-0.0074104878241303,0.033370000000000004,1800.0
2971.92516013592,-0.0120525382208668,-0.0085895616904465,0.033370000000000004,1800.0
2972.0257322451425,-0.011141994680242,-0.0097486565599282,0.033370000000000004,1800.0
2972.1247071883035,-0.0100888299277386,-0.0108488073195312,0.033370000000000004,1800.0
2972.2260374686075,-0.0089077585247758,-0.0118313862482164,0.033370000000000004,1800.0
2972.3266155382944,-0.0076975289010048,-0.0126531929063704,0.033370000000000004,1800.0
2972.427185740168,-0.0063349711581694,-0.0133694883645782,0.033370000000000004,1800.0
2972.5277685782266,-0.0049386329004152,-0.0139474111748465,0.033370000000000004,1800.0
2972.6283442637277,-0.0035160620016453,-0.0143766379698232,0.033370000000000004,1800.0
2972.7289020678354,-0.0020238772179159,-0.0146548613142653,0.033370000000000004,1800.0
2972.829463209803,-0.0005337684320052,-0.014784104183289,0.033370000000000004,1800.0
2972.930021967585,0.0009707185672176,-0.0147579986106163,0.033370000000000004,1800.0
2973.030580725367,0.002507746276918,-0.0145851667773322,0.033370000000000004,1800.0
2973.1311552187753,0.0039803921652442,-0.0142512840667632,0.033370000000000004,1800.0
2973.2317511698557,0.0053850658964529,-0.0137948586527496,0.033370000000000004,1800.0
2973.332306351359,0.0066525386848342,-0.0132371651266402,0.033370000000000004,1800.0
2973.4228119513346,0.0071770511000452,-0.0129616872719252,0.033370000000000004,1800.0
2973.5288438460184,0.007245,-0.0129259999999999,0.033370000000000004,1800.0
2973.6294054648233,0.0068486503458393,-0.0123453016694856,0.033370000000000004,1800.0
2973.729966129954,0.0033093204853273,-0.0071594279069345,0.033370000000000004,1800.0
2973.8305325171305,-0.0009617352533159,-0.0009012720597126,0.033370000000000004,1800.0
2973.9310905596567,-0.0052755168589304,0.0054194660463997,0.033370000000000004,1800.0
2974.0316509863687,-0.0075608703238151,0.0087681149220024,0.033370000000000004,1800.0
2974.132160868342,-0.0078309999999999,0.009164,0.033370000000000004,1800.0
2974.222663845713,-0.0077935451618392,0.0091972059539304,0.033370000000000004,1800.0
2974.323226179774,-0.0074862400434865,0.0094353356921638,0.033370000000000004,1800.0
2974.4238161703897,-0.0062557430623434,0.0102949562091308,0.033370000000000004,1800.0
2974.5250792166544,-0.004855774914454,0.0110324867946515,0.033370000000000004,1800.0
2974.625652994807,-0.0034345253326464,0.0115419255045979,0.033370000000000004,1800.0
2974.7262310644937,-0.0019925913916352,0.0118695461816076,0.033370000000000004,1800.0
2974.8268017432047,-0.0004623284199579,0.0120272894978106,0.033370000000000004,1800.0
2974.9273652693582,0.0010399989466519,0.0119822943100929,0.033370000000000004,1800.0
2975.027930464442,0.0025125286917557,0.0117610412337507,0.033370000000000004,1800.0
2975.1285075804544,0.0039376029295981,0.0113629454158929,0.033370000000000004,1800.0
2975.2301799914194,0.0053204023377991,0.0107901670251088,0.033370000000000004,1800.0
2975.3307034632517,0.0066200640928497,0.0100390364901062,0.033370000000000004,1800.0
2975.431252445872,0.0078365710474461,0.0091302207701524,0.033370000000000004,1800.0
2975.531827654536,0.0089327267826094,0.0080646243609335,0.033370000000000004,1800.0
2975.6323952338053,0.0098730321843373,0.0068982365086733,0.033370000000000004,1800.0
2975.72292109936,0.0105863503344808,0.0057596859192963,0.033370000000000004,1800.0
2975.823491301234,0.011221307523158,0.0043570144433545,0.033370000000000004,1800.0
2975.925808157618,0.0116747076840565,0.0029314270968445,0.033370000000000004,1800.0
2976.0263852736307,0.0119387165587291,0.0014799463190758,0.033370000000000004,1800.0
2976.1269666811777,0.0120238278067197,-7.834803089074027e-05,0.033370000000000004,1800.0
2976.2275256773783,0.0119222167390858,-0.0015716901373848,0.033370000000000004,1800.0
2976.328090872462,0.0116511227724941,-0.0030012383923969,0.033370000000000004,1800.0
2976.4286598822428,0.0111862959836346,-0.0044191217922557,0.033370000000000004,1800.0
2976.5307414194895,0.0105364271660384,-0.0057987472324802,0.033370000000000004,1800.0
2976.631303276713,0.0097290330324942,-0.0070816022375867,0.033370000000000004,1800.0
2976.7318691870523,0.0087385105242815,-0.0082717054965099,0.033370000000000004,1800.0
2976.8295807501627,0.0077015625784876,-0.0092751853855393,0.033370000000000004,1800.0
2976.9314775130106,0.0064938238085527,-0.0101556119984158,0.033370000000000004,1800.0
2977.0325348040415,0.0050782954587745,-0.0109171253188364,0.033370000000000004,1800.0
2977.1230084559274,0.0038136838462669,-0.01141000309914,0.033370000000000004,1800.0
2977.2235746046854,0.0024125366506377,-0.0117885480995327,0.033370000000000004,1800.0
2977.3241252562357,0.0009435760391879,-0.0119837397891899,0.033370000000000004,1800.0
2977.4246933123422,-0.0005954998779202,-0.0120161533101049,0.033370000000000004,1800.0
2977.525585379298,-0.0020973111579513,-0.0118432603760057,0.033370000000000004,1800.0
2977.6261534354044,-0.0035440940343345,-0.0114879859308752,0.033370000000000004,1800.0
2977.7267176768137,-0.0050022106303939,-0.0109494618483994,0.033370000000000004,1800.0
2977.8272883555246,-0.0063105072732181,-0.0102466437959595,0.033370000000000004,1800.0
2977.9278597494913,-0.0075448688061384,-0.0093908256444423,0.033370000000000004,1800.0
2978.028420414622,-0.0086457471142648,-0.0083994072715681,0.033370000000000004,1800.0
2978.153300728495,-0.00983179305802,-0.0069432990947553,0.033370000000000004,1800.0
2978.2239975592447,-0.0103903776933717,-0.0060839836450095,0.033370000000000004,1800.0
2978.3245603701425,-0.0110589136818601,-0.0047388626065267,0.033370000000000004,1800.0
2978.425110306437,-0.011555580276863,-0.0033266312589375,0.033370000000000004,1800.0
2978.5256774088693,-0.0118858408084252,-0.0018725632255033,0.033370000000000004,1800.0
2978.626262392695,-0.0120204892532198,-0.0003825609978498,0.033370000000000004,1800.0
2978.72678705662,-0.0119695013689161,0.0011400990781954,0.033370000000000004,1800.0
2978.8274900576425,-0.0117376590832509,0.0026531465073467,0.033370000000000004,1800.0
2978.9280562064005,-0.0113198856149553,0.0040799829478702,0.033370000000000004,1800.0
2979.0286254546,-0.0107237495692011,0.0054644822076655,0.033370000000000004,1800.0
2979.1291935107065,-0.0099603472513667,0.0067837716496497,0.033370000000000004,1800.0
2979.229753222163,-0.0090088236517574,0.0080008602666598,0.033370000000000004,1800.0
2979.3303224703623,-0.0079929301889205,0.0090124122497114,0.033370000000000004,1800.0
2979.430915322001,-0.0078481312690691,0.0091484608563089,0.033370000000000004,1800.0
2979.5378946921182,-0.0078309999999999,0.009164,0.033370000000000004,1800.0
2979.6385194918466,-0.007831,0.009164,0.033370000000000004,0.0
