3414.7426687750094,-0.0039499999999999,-0.0034623999999999,0.039760000000000004,0.0
3414.8432485136263,-0.0039433366590644,-0.0034604218206597,0.039760000000000004,0.0
3414.9438184770815,-0.0037894957096651,-0.0034145936851888,0.039760000000000004,0.0
3415.044396785187,-0.0021163104137656,-0.0029153204841779,0.039760000000000004,0.0
3415.1449598345034,-4.3287919821971554e-05,-0.0022967539350243,0.039760000000000004,0.0
3415.2455407652133,0.001986834859193,-0.0016910711988327,0.039760000000000004,0.0
3415.346115973877,0.0038940744460172,-0.0011220238346387,0.039760000000000004,0.0
3415.4466916593783,0.0059432224144776,-0.0005105935413408,0.039760000000000004,0.0
3415.5472611459963,0.0079152012980394,7.779447328681854e-05,0.039760000000000004,0.0
3415.637772468018,0.0096995894993741,0.0006102176445512,0.039760000000000004,0.0
3415.7383352789157,0.0117031568807423,0.001208059207888,0.039760000000000004,0.0
3415.8389162096255,0.0136435598602352,0.0017870334036264,0.039760000000000004,0.0
3415.9405907663577,0.0154259766462571,0.002318818277712,0.039760000000000004,0.0
3416.0412549051516,0.015765,0.0024199999999999,0.039760000000000004,0.0
3416.1418255838626,0.0155539146752744,0.0034937556795456,0.039760000000000004,1800.0
3416.242398169922,0.0151561982152244,0.0048954859104021,0.039760000000000004,1800.0
3416.3429454836123,0.0146078081499067,0.0063420512261682,0.039760000000000004,1800.0
3416.4435228380435,0.0139426178836658,0.0076967998896956,0.039760000000000004,1800.0
3416.5442709001773,0.0131673492127062,0.0089512650541699,0.039760000000000004,1800.0
3416.644839909958,0.0122897415797648,0.01012589541927,0.039760000000000004,1800.0
3416.7454222711795,0.01145986863552,0.0110775976206909,0.039760000000000004,1800.0
3416.8460015329592,0.0106574507391491,0.0118354164602796,0.039760000000000004,1800.0
3416.936524060654,0.0096709067284932,0.0126671368779662,0.039760000000000004,1800.0
3417.037109282898,0.0088629764630605,0.0132478702112813,0.039760000000000004,1800.0
3417.1378535303347,0.0076083649628334,0.0140076735469141,0.039760000000000004,1800.0
3417.238428023743,0.0062697706161331,0.0146504538354098,0.039760000000000004,1800.0
3417.338983443665,0.0048159704123951,0.0151843819995373,0.039760000000000004,1800.0
3417.439555791306,0.0033611647313752,0.0155678557523326,0.039760000000000004,1800.0
3417.540133145737,0.00186735738112,0.0158180772433531,0.039760000000000004,1800.0
3417.6407045397036,0.0003989609444038,0.0159193473968506,0.039760000000000004,1800.0
3417.7412458929293,-0.0008280820169377,0.0159068425302634,0.039760000000000004,1800.0
3417.84180989592,-0.0020605662972549,0.0157879795372501,0.039760000000000004,1800.0
3417.9423791441195,-0.0035290901924718,0.0155325597013067,0.039760000000000004,1800.0
3418.042927888321,-0.0049273431600112,0.0151479293244762,0.039760000000000004,1800.0
3418.1434961828463,-0.006248722679513,0.0146605778513145,0.039760000000000004,1800.0
3418.244090226578,-0.0071876534808549,0.0142222739022759,0.039760000000000004,1800.0
3418.3446446928256,-0.0085212832574476,0.0134761911324856,0.039760000000000004,1800.0
3418.4452182325595,-0.0097290292892311,0.0126283190870878,0.039760000000000004,1800.0
3418.5459960970156,-0.0108707662964742,0.0116465095521041,0.039760000000000004,1800.0
3418.63651528685,-0.0118261633210937,0.0106634838460693,0.039760000000000004,1800.0
3418.738456395554,-0.0128135240407414,0.0094478256992763,0.039760000000000004,1800.0
3418.8390134844058,-0.0136505764725171,0.0081971024230735,0.039760000000000004,1800.0
3418.939569142746,-0.0143462721163256,0.0069042551015627,0.039760000000000004,1800.0
3419.0401391062014,-0.0149366886883306,0.0055146429983536,0.039760000000000004,1800.0
3419.140638497757,-0.0154047998960065,0.0040482265764248,0.039760000000000004,1800.0
3419.2412175211184,-0.0157160135878985,0.0026113395252758,0.039760000000000004,1800.0
3419.3417927297824,-0.0158976978497911,0.0010893188888217,0.039760000000000004,1800.0
3419.4423791441195,-0.015938978999035,-0.0003411777877844,0.039760000000000004,1800.0
3419.542964366364,-0.0158312231806895,-0.0018680832035797,0.039760000000000004,1800.0
3419.6435340914004,-0.0155606334702349,-0.0034279263473644,0.039760000000000004,1800.0
3419.7441138300173,-0.0151861663325836,-0.004826404641286,0.039760000000000004,1800.0
3419.844643262314,-0.0146547907054466,-0.0062275454742539,0.039760000000000004,1800.0
3419.9452129873507,-0.013999229078643,-0.0075795138841611,0.039760000000000004,1800.0
3420.0457514795535,-0.0132356583921521,-0.0088580588265992,0.039760000000000004,1800.0
3420.1362654241793,-0.0124174689004292,-0.0099700239183722,0.039760000000000004,1800.0
3420.236832288193,-0.0113921721496642,-0.011126006193436,0.039760000000000004,1800.0
3420.3373467001193,-0.0103279715863575,-0.0121324785253763,0.039760000000000004,1800.0
3420.4379204782717,-0.0091586409527656,-0.0130385615244524,0.039760000000000004,1800.0
3420.5384794744723,-0.0078834657774486,-0.0138534398100592,0.039760000000000004,1800.0
3420.639036801743,-0.0065719934832238,-0.0145225970608648,0.039760000000000004,1800.0
3420.739598897385,-0.0055652581928748,-0.0149384223752651,0.039760000000000004,1800.0
3420.8401850733035,-0.0042214273879342,-0.0153584171046725,0.039760000000000004,1800.0
3420.940739539551,-0.002763140277551,-0.0156811188854575,0.039760000000000004,1800.0
3421.041318086075,-0.0015526602909854,-0.0158563953245484,0.039760000000000004,1800.0
3421.141842273163,-0.0002937374452466,-0.0159274414702722,0.039760000000000004,1800.0
3421.2424091371768,0.001165864960528,-0.0158801362295807,0.039760000000000004,1800.0
3421.342975762772,0.0026437752793989,-0.0157043704831104,0.039760000000000004,1800.0
3421.4435404810183,0.0041025092959444,-0.0153882222536472,0.039760000000000004,1800.0
3421.544124988007,0.0055770622999853,-0.0149189390639488,0.039760000000000004,1800.0
3421.644634393143,0.0069439195232319,-0.0143398633736318,0.039760000000000004,1800.0
3421.745193627762,0.0082413703339462,-0.0136440187271369,0.039760000000000004,1800.0
3421.8457521471255,0.0093847009650813,-0.0128823212108536,0.039760000000000004,1800.0
3421.936606076645,0.0101686098259199,-0.0122699888282395,0.039760000000000004,1800.0
3422.0372571024172,0.0111673021596242,-0.0113592481483954,0.039760000000000004,1800.0
3422.1380237612,0.0119294398037982,-0.0105591515847711,0.039760000000000004,1800.0
3422.2385884794467,0.0127409431715699,-0.0095528619183533,0.039760000000000004,1800.0
3422.339362767624,0.0135711488708452,-0.0083358826150936,0.039760000000000004,1800.0
3422.4399189028018,0.0143036961908686,-0.0069903857252247,0.039760000000000004,1800.0
3422.540481475281,0.0149145595990302,-0.0055884786621213,0.039760000000000004,1800.0
3422.6410268816226,0.0153648372286623,-0.0042013999783419,0.039760000000000004,1800.0
3422.7415772947543,0.0156913832444393,-0.0027261712013404,0.039760000000000004,1800.0
3422.842142966675,0.0158851393125779,-0.0013016057247017,0.039760000000000004,1800.0
3422.9427773031466,0.0159355515316266,-0.0003506590604181,0.039760000000000004,1800.0
3423.0433360609286,0.0159190819150227,0.0007950373974128,0.039760000000000004,1800.0
3423.1438981565707,0.0158067742658728,0.0020351839921265,0.039760000000000004,1800.0
3423.2444740804904,0.015769837212953,0.0023797425419946,0.039760000000000004,1800.0
3423.3450535806887,0.015765,0.0024199999999999,0.039760000000000004,1800.0
3423.445619491028,0.0141293478323053,0.0031391800094339,0.039760000000000004,1800.0
3423.546182301926,0.0086909712589984,0.0055305021395314,0.039760000000000004,1800.0
3423.6366986307376,0.0023169046314406,0.0083332833161097,0.039760000000000004,1800.0
3423.7372354540103,-0.0024162901182485,0.010414555151829,0.039760000000000004,1800.0
3423.837758210587,-0.0027719999999999,0.0105709999999999,0.039760000000000004,1800.0
3423.939186957764,-0.0027616464946726,0.0105735883763318,0.039760000000000004,1800.0
3424.0397578748934,-0.0025603751969927,0.0106146238081326,0.039760000000000004,1800.0
3424.14046016066,-0.0011560543663588,0.0108707969623639,0.039760000000000004,1800.0
3424.2409779104464,0.0003920318604831,0.0109089130713234,0.039760000000000004,1800.0
3424.341550019669,0.0018538428366454,0.0107496843927722,0.039760000000000004,1800.0
3424.443555501389,0.0033310841871162,0.0103824690746495,0.039760000000000004,1800.0
3424.5441128286593,0.0047029148570731,0.009835199979727,0.039760000000000004,1800.0
3424.644645121979,0.0060221365252586,0.0090791445554642,0.039760000000000004,1800.0
3424.745217946457,0.0072250293600211,0.0081548016214407,0.039760000000000004,1800.0
3424.845798877167,0.0082726777632549,0.0070968435657797,0.039760000000000004,1800.0
3424.936319020676,0.009087678681931,0.006021306549455,0.039760000000000004,1800.0
3425.0368870767825,0.0098479223832583,0.0047027881502184,0.039760000000000004,1800.0
3425.137459186005,0.0104219916808858,0.0032653514497726,0.039760000000000004,1800.0
3425.2393952879183,0.0107673832687204,0.0018017560315451,0.039760000000000004,1800.0
3425.3399549993746,0.0109129994914592,0.0003469009515785,0.039760000000000004,1800.0
3425.440509465622,0.0108462999363886,-0.001170035753593,0.039760000000000004,1800.0
3425.5410748991244,0.0105786534305804,-0.0026583273216509,0.039760000000000004,1800.0
3425.641743091034,0.0101031382495248,-0.0040968314232493,0.039760000000000004,1800.0
3425.7423111471408,0.0094639979739453,-0.0054192223150909,0.039760000000000004,1800.0
3425.8428904089205,0.0086041921695634,-0.0066831198246036,0.039760000000000004,1800.0
3425.943437007355,0.007588385299038,-0.0078154675077764,0.039760000000000004,1800.0
3426.0440203222506,0.006467377228862,-0.0087768789964493,0.039760000000000004,1800.0
3426.144578841614,0.005187708448403,-0.009580937657481,0.039760000000000004,1800.0
3426.2450958761447,0.0037808448789422,-0.010232021272485,0.039760000000000004,1800.0
3426.3456818136447,0.002347614175197,-0.0106570724044925,0.039760000000000004,1800.0
3426.4361516508334,0.0010584071326904,-0.0108792281918205,0.039760000000000004,1800.0
3426.5367311510317,-0.0003997205003394,-0.0109026945124331,0.039760000000000004,1800.0
3426.637301114487,-0.0019419945545385,-0.0107364803361045,0.039760000000000004,1800.0
3426.737864402222,-0.0033916605870956,-0.0103691809012065,0.039760000000000004,1800.0
3426.839657452988,-0.004771426849492,-0.009797878177388,0.039760000000000004,1800.0
3426.9402061971896,-0.0060891793559054,-0.0090349649507932,0.039760000000000004,1800.0
3427.040962842392,-0.0072948045443045,-0.0081000404975724,0.039760000000000004,1800.0
3427.1415010961764,-0.0083397075830256,-0.0070101026463603,0.039760000000000004,1800.0
3427.2422858747714,-0.009231568402801,-0.0057895330125939,0.039760000000000004,1800.0
3427.3428133997195,-0.0099456217425301,-0.0044748364478252,0.039760000000000004,1800.0
3427.443762687134,-0.0104765158713863,-0.0030541449070131,0.039760000000000004,1800.0
3427.5443347963565,-0.0107904936232649,-0.0016299549306383,0.039760000000000004,1800.0
3427.6448720964663,-0.0109257994150899,-7.192474400585791e-05,0.039760000000000004,1800.0
3427.745468285965,-0.0108252995774986,0.0014089439016291,0.039760000000000004,1800.0
3427.846061614441,-0.0105337971072739,0.0028464104937711,0.039760000000000004,1800.0
3427.936578896927,-0.010077180445552,0.0041553945833413,0.039760000000000004,1800.0
3428.0378908190005,-0.0094202345292052,0.005491302110871,0.039760000000000004,1800.0
3428.1384557756655,-0.0085743474758894,0.0067197673824858,0.039760000000000004,1800.0
3428.238961127686,-0.0075529166462364,0.0078524607272584,0.039760000000000004,1800.0
3428.339530614304,-0.0064115796501866,0.0088215136486636,0.039760000000000004,1800.0
3428.440093186783,-0.0051471273320911,0.0096077170779991,0.039760000000000004,1800.0
3428.540644553589,-0.0038048588979555,0.0102258484499253,0.039760000000000004,1800.0
3428.641203311371,-0.0027807659934252,0.0105684830315907,0.039760000000000004,1800.0
3428.7417131933444,-0.0027719999999999,0.0105709999999999,0.039760000000000004,1800.0
3428.8422848257296,0.0013880075117343,0.0094264992158527,0.039760000000000004,1800.0
3428.9428764852755,0.0089242074352768,0.007353277410927,0.039760000000000004,1800.0
3429.043453601288,0.0122204020144984,0.0064464948133251,0.039760000000000004,1800.0
3429.1440223726504,0.0127819999999999,0.006292,0.039760000000000004,1800.0
3429.244600680756,0.0127801142329351,0.0062954942154437,0.039760000000000004,1800.0
3429.3451777967684,0.0124600497137961,0.0068675328530822,0.039760000000000004,1800.0
3429.4356984171145,0.0118314281921881,0.0078968478098224,0.039760000000000004,1800.0
3429.536277202057,0.010969919261903,0.0090627570623454,0.039760000000000004,1800.0
3429.636859801697,0.0100308159093006,0.0100988478390547,0.039760000000000004,1800.0
3429.7376719984286,0.0092539570521049,0.0108112642307519,0.039760000000000004,1800.0
3429.8389927419894,0.0081140799519724,0.0117061657978054,0.039760000000000004,1800.0
3429.9395734342806,0.0071983007800272,0.0122883589936221,0.039760000000000004,1800.0
3430.040153411316,0.0059435770993351,0.0129310820220407,0.039760000000000004,1800.0
3430.1407171758883,0.0045226597716697,0.0134885572438397,0.039760000000000004,1800.0
3430.2412818941348,0.0031001838192958,0.0138842779616388,0.039760000000000004,1800.0
3430.342067149567,0.0015921428069354,0.014131271431565,0.039760000000000004,1800.0
3430.4426363977664,9.28151023922852e-05,0.0142208043170838,0.039760000000000004,1800.0
3430.5432063612216,-0.0013914185884537,0.0141546136458353,0.039760000000000004,1800.0
3430.6437713178866,-0.0029042285705861,0.0139189832675028,0.039760000000000004,1800.0
3430.7443386587374,-0.0043714432926205,0.0135364602432695,0.039760000000000004,1800.0
3430.8448757204287,-0.0057451562739125,0.0130160410211697,0.039760000000000004,1800.0
3430.94545641272,-0.0071465039629238,0.0123119135740004,0.039760000000000004,1800.0
3431.0371295484774,-0.0082869676052298,0.0115832599118359,0.039760000000000004,1800.0
3431.1377011808627,-0.0094378738485145,0.0106539333632592,0.039760000000000004,1800.0
3431.238727000641,-0.0105387982215918,0.0095616788618616,0.039760000000000004,1800.0
3431.3393053087466,-0.0114908357479208,0.0083870740239274,0.039760000000000004,1800.0
3431.4398209127658,-0.0123166443573597,0.0071126484701399,0.039760000000000004,1800.0
3431.540374425339,-0.0129905536328373,0.0057783044552364,0.039760000000000004,1800.0
3431.6409369978182,-0.0135192996275005,0.0044027807621758,0.039760000000000004,1800.0
3431.7415114912264,-0.0139182097472413,0.00294295457878,0.039760000000000004,1800.0
3431.842090991425,-0.0141517410684391,0.0014110463527321,0.039760000000000004,1800.0
3431.94266262381,-0.0142284697930046,-8.079636582003502e-05,0.039760000000000004,1800.0
3432.0432368787997,-0.0141455202607736,-0.0015962400512779,0.039760000000000004,1800.0
3432.143804458069,-0.0139051543928453,-0.0030509538831094,0.039760000000000004,1800.0
3432.244373944687,-0.0135014500592619,-0.0045399073244968,0.039760000000000004,1800.0
3432.344961789536,-0.01293401345771,-0.0059330484185786,0.039760000000000004,1800.0
3432.4455443891757,-0.0122742434501972,-0.0072028283949984,0.039760000000000004,1800.0
3432.536077407288,-0.0115346724929696,-0.0083232431442014,0.039760000000000004,1800.0
3432.6398097547763,-0.0105112157976935,-0.0095750132266264,0.039760000000000004,1800.0
3432.740560677933,-0.0094579307658101,-0.0106238515533733,0.039760000000000004,1800.0
3432.8411497148745,-0.0083036072458478,-0.0115431428852936,0.039760000000000004,1800.0
3432.9417203935855,-0.0070207436330064,-0.0123707929286908,0.039760000000000004,1800.0
3433.0422905954592,-0.005676992557078,-0.0130356041129032,0.039760000000000004,1800.0
3433.139324572968,-0.0042892682897167,-0.013568123486587,0.039760000000000004,1800.0
3433.239902404236,-0.0028445113194411,-0.0139484377647171,0.039760000000000004,1800.0
3433.340461877274,-0.0014103085091362,-0.0141676275112029,0.039760000000000004,1800.0
3433.4410292181246,0.0001602128104052,-0.0142406750144374,0.039760000000000004,1800.0
3433.5416022810214,0.0016763525606603,-0.0141318769387406,0.039760000000000004,1800.0
3433.6422030004733,0.0031689874343755,-0.0138712380046375,0.039760000000000004,1800.0
3433.742772010254,0.0045749504261169,-0.0134700346391506,0.039760000000000004,1800.0
3433.843346026825,0.0059412158783089,-0.012923484978007,0.039760000000000004,1800.0
3433.944018271851,0.0071006999021466,-0.012326680949496,0.039760000000000004,1800.0
3434.044598010468,0.0081937239439128,-0.0116232379527145,0.039760000000000004,1800.0
3434.145151999878,0.0093384603059725,-0.0107297669953826,0.039760000000000004,1800.0
3434.2356514009707,0.0103113992137998,-0.009802567076268,0.039760000000000004,1800.0
3434.3361956152194,0.0112691632688448,-0.0086901470826944,0.039760000000000004,1800.0
3434.436752227234,0.0121116591668207,-0.0074874030801527,0.039760000000000004,1800.0
3434.5414628061526,0.0128912352689239,-0.0060606335506762,0.039760000000000004,1800.0
3434.642178204941,0.0134409220388631,-0.0046946535169977,0.039760000000000004,1800.0
3434.7427379163973,0.013867225622367,-0.0032024224342945,0.039760000000000004,1800.0
3434.8432885679476,0.0140834363929702,-0.0020447817456247,0.039760000000000004,1800.0
3434.9438265833132,0.0142054079108959,-0.0007611594847838,0.039760000000000004,1800.0
3435.044381526398,0.0142000604409772,0.0007289335717807,0.039760000000000004,1800.0
3435.144953158783,0.0140998657752322,0.0019279801222406,0.039760000000000004,1800.0
3435.245525029587,0.0138657899512744,0.003149575162039,0.039760000000000004,1800.0
3435.336021808075,0.0135014956544864,0.0044867318569684,0.039760000000000004,1800.0
3435.436574366974,0.0130459937785668,0.0057062513380968,0.039760000000000004,1800.0
3435.537132647919,0.012782,0.006292,0.039760000000000004,1800.0
3435.638174680161,0.0127794376588613,0.0062929479220767,0.039760000000000004,1800.0
3435.7387320074313,0.012423822786366,0.0064245054197772,0.039760000000000004,1800.0
3435.8392917188876,0.0057105025097159,0.0089094885103143,0.039760000000000004,1800.0
3435.9426340135806,-0.0012750237008619,0.0114952388282181,0.039760000000000004,1800.0
3436.043193009781,-0.0030718545613886,0.0121603740809412,0.039760000000000004,1800.0
3436.143754151749,-0.003214,0.012213,0.039760000000000004,1800.0
3436.24428453772,-0.0031747648995257,0.0122227514138605,0.039760000000000004,1800.0
3436.344842818665,-0.0023592724847113,0.012378883891394,0.039760000000000004,1800.0
3436.4454108747714,-0.0009124123111709,0.0125767202496232,0.039760000000000004,1800.0
3436.5358726057284,0.0004258879535901,0.0126068958809328,0.039760000000000004,1800.0
3436.6363932165377,0.0019635863786152,0.012460018105652,0.039760000000000004,1800.0
3436.7369720014804,0.0033832729736217,0.0121572641469965,0.039760000000000004,1800.0
3436.838906911301,0.0048390527312042,0.0116618647417948,0.039760000000000004,1800.0
3436.9399262937777,0.0062476899970953,0.0109664098851402,0.039760000000000004,1800.0
3437.0404569181674,0.0074471537641778,0.0101814697640965,0.039760000000000004,1800.0
3437.1410275968783,0.0086035321311871,0.0092244974513973,0.039760000000000004,1800.0
3437.2415880235903,0.0096591544050155,0.008100104739726,0.039760000000000004,1800.0
3437.3429783853762,0.0105629277607321,0.0068691227769114,0.039760000000000004,1800.0
3437.44355359404,0.0113039020854253,0.0055719087338965,0.039760000000000004,1800.0
3437.5441309484713,0.0118871476860816,0.0041743471600489,0.039760000000000004,1800.0
3437.6447104486697,0.0123035461271834,0.002734629793698,0.039760000000000004,1800.0
3437.744727042603,0.0125396101616855,0.0012762463078542,0.039760000000000004,1800.0
3437.8452614816897,0.0126128866847681,-0.0002584763084019,0.039760000000000004,1800.0
3437.935782578873,0.0125277318847133,-0.0015625724526989,0.039760000000000004,1800.0
3438.036359456467,0.0122462273103931,-0.0030749264548409,0.039760000000000004,1800.0
3438.13694658606,0.0117933513145384,-0.0044757388873852,0.039760000000000004,1800.0
3438.2374710115664,0.0111531157166107,-0.0058775677923902,0.039760000000000004,1800.0
3438.3380121263735,0.010376107297968,-0.0071601269455461,0.039760000000000004,1800.0
3438.438588765549,0.0094456140237796,-0.0083441788038982,0.039760000000000004,1800.0
3438.539155867981,0.0084078515137462,-0.0093882119527248,0.039760000000000004,1800.0
3438.639732268738,0.0072465463716916,-0.0103106960688538,0.039760000000000004,1800.0
3438.7402977022402,0.0059468394879511,-0.0111152450439601,0.039760000000000004,1800.0
3438.8408655199282,0.0045582048215856,-0.011750389472443,0.039760000000000004,1800.0
3438.941443589615,0.0031185024632551,-0.0122167315116452,0.039760000000000004,1800.0
3439.042012122559,0.0016616271826697,-0.0125001426399039,0.039760000000000004,1800.0
3439.145577577042,8.326535562859505e-05,-0.0126172259438769,0.039760000000000004,1800.0
3439.2360400232546,-0.0012403566771144,-0.0125622098691663,0.039760000000000004,1800.0
3439.3366188081973,-0.0027300829883104,-0.0123188528828546,0.039760000000000004,1800.0
3439.4372035536044,-0.0042170767985347,-0.0118858422767169,0.039760000000000004,1800.0
3439.5377677950137,-0.005574997533423,-0.0113023033509676,0.039760000000000004,1800.0
3439.6382919821017,-0.0068377639123983,-0.0105849461799636,0.039760000000000004,1800.0
3439.7388531240695,-0.0080634040182753,-0.0096784881873939,0.039760000000000004,1800.0
3439.8403407606356,-0.0091774162349377,-0.0086399527022959,0.039760000000000004,1800.0
3439.940907863068,-0.0101175676493038,-0.0075166664235751,0.039760000000000004,1800.0
3440.0414754423373,-0.0109468461235338,-0.0062528510688491,0.039760000000000004,1800.0
3440.1420148882144,-0.0116320390208958,-0.0048749000782081,0.039760000000000004,1800.0
3440.2425889047854,-0.0121461185456107,-0.0034036307050863,0.039760000000000004,1800.0
3440.343169358658,-0.0124554855062855,-0.0020263403502144,0.039760000000000004,1800.0
3440.443738368439,-0.0126096910981483,-0.0005047904943339,0.039760000000000004,1800.0
3440.5376738580935,-0.0125802309449602,0.0009475885253366,0.039760000000000004,1800.0
3440.6382333311312,-0.0123730677164358,0.0024185037897981,0.039760000000000004,1800.0
3440.7387975725405,-0.0119847469738647,0.0039026482240988,0.039760000000000004,1800.0
3440.8393613371127,-0.0114353233155905,0.0053028505809382,0.039760000000000004,1800.0
3440.9399282011263,-0.0107450493805437,0.0066315826146906,0.039760000000000004,1800.0
3441.0405015024417,-0.0098859075842878,0.0078623366420206,0.039760000000000004,1800.0
3441.141502526688,-0.0088564970680134,0.0089623519530379,0.039760000000000004,1800.0
3441.242065814423,-0.0077132258455398,0.0099738061046141,0.039760000000000004,1800.0
3441.3426310095065,-0.0064633903527573,0.0108336588663383,0.039760000000000004,1800.0
3441.443205264496,-0.0051517220385045,0.0115176677614736,0.039760000000000004,1800.0
3441.543772605347,-0.0037508123924724,0.0120580874370451,0.039760000000000004,1800.0
3441.644339707779,-0.0032456616625525,0.0122038631220847,0.039760000000000004,1800.0
3441.7449080023043,-0.0032139999999999,0.012213,0.039760000000000004,1800.0
3441.84549465506,-0.003214,0.0122129999999999,0.039760000000000004,0.0
