1341.4798248629986,-0.010163,-0.0237093999999999,0.01207,0.0
1341.580374322456,-0.0098684466954956,-0.0235688133656115,0.01207,0.0
1341.680955730003,-0.0086960767981409,-0.023009166396562,0.01207,0.0
1341.781484447044,-0.006669729710331,-0.0220418029277578,0.01207,0.0
1341.8820560794293,-0.0046263949976135,-0.0210663038831022,0.01207,0.0
1341.9826327186047,-0.0026282791367449,-0.0201123458567632,0.01207,0.0
1342.0832186561047,-0.0005554003265756,-0.0191228120357935,0.01207,0.0
1342.1737457137524,0.0011713080003597,-0.0182985304715427,0.01207,0.0
1342.2743292670666,0.0031537509897792,-0.0173520450184671,0.01207,0.0
1342.3748961310803,0.005122356049269,-0.0164123009196862,0.01207,0.0
1342.475470862907,0.0071822228675893,-0.0154289281316865,0.01207,0.0
1342.5760322432934,0.0089863183960962,-0.0145676599568465,0.01207,0.0
1342.6766146045147,0.0096919719234478,-0.0142307675612975,0.01207,0.0
1342.7771864753186,0.009704,-0.0142249999999999,0.01207,0.0
1342.8777504783093,0.0098563003955991,-0.0141161164809589,0.01207,1800.0
1342.983682714027,0.0105014175988683,-0.0136235805809923,0.01207,1800.0
1343.0742076259075,0.0115455016088835,-0.0127550252869342,0.01207,1800.0
1343.174719653648,0.0126293280675669,-0.0116973869958927,0.01207,1800.0
1343.2752798419415,0.0136259489378287,-0.010524304097002,0.01207,1800.0
1343.3758571963726,0.0144551301416399,-0.0093357107487239,0.01207,1800.0
1343.4763773303448,0.0152028378940572,-0.0080472911038247,0.01207,1800.0
1343.5769146304547,0.0158625681538127,-0.0066588572205112,0.01207,1800.0
1343.6774705272137,0.0163771019247099,-0.005263087142834,0.01207,1800.0
1343.778037629646,0.0167159787401517,-0.0040804376424947,0.01207,1800.0
1343.8786021094738,0.0169630979900693,-0.0028155005300061,0.01207,1800.0
1343.979173265022,0.0171439890137002,-0.0013391348205077,0.01207,1800.0
1344.0797623019635,0.0171973647540796,0.000169545932339,0.01207,1800.0
1344.1803336959301,0.0171207980705375,0.0016996683819286,0.01207,1800.0
1344.2808729033886,0.0169140225365154,0.0031683408944677,0.01207,1800.0
1344.3813908915936,0.0166704180904388,0.0042701583199465,0.01207,1800.0
1344.4816013198315,0.0162754123674957,0.0055981121957977,0.01207,1800.0
1344.5829299312054,0.0156923569786097,0.0070714550292654,0.01207,1800.0
1344.6835187297283,0.0150430430997784,0.0083608540832265,0.01207,1800.0
1344.774027667564,0.0143146208009937,0.0095327083527586,0.01207,1800.0
1344.8746014457165,0.013434415394249,0.0107317176557334,0.01207,1800.0
1344.9751683097302,0.0124695055051116,0.0118482539132184,0.01207,1800.0
1345.0757320743023,0.0113600318790276,0.012914894985856,0.01207,1800.0
1345.1763060908734,0.0101655955069374,0.0138717042836767,0.01207,1800.0
1345.2768827300488,0.008934787839067,0.0146986072401126,0.01207,1800.0
1345.3774503093182,0.0075717650860381,0.0154561923194256,0.01207,1800.0
1345.478005252403,0.0062517859032013,0.0160396694877343,0.01207,1800.0
1345.5785528045117,0.0048346445389306,0.016519011190827,0.01207,1800.0
1345.6791218142926,0.0033392512475921,0.0168857296413122,0.01207,1800.0
1345.7797036986767,0.0018722418586421,0.0171078527916676,0.01207,1800.0
1345.8833094458996,0.000338917340408,0.0171989355855605,0.01207,1800.0
1345.9740277152478,-0.0010084428731157,0.0171616613785014,0.01207,1800.0
1346.0745354514538,-0.0025078514689654,0.0170076318670008,0.01207,1800.0
1346.1751216273724,-0.0040196267542488,0.0167188190924003,0.01207,1800.0
1346.2756837230145,-0.0054847063789289,0.0163051041021956,0.01207,1800.0
1346.3762451034008,-0.0068492005521388,0.0157748313270945,0.01207,1800.0
1346.476812205833,-0.0082148146176641,0.0151130127143659,0.01207,1800.0
1346.5773871760784,-0.0095610930730108,0.0143171806572717,0.01207,1800.0
1346.6779514174877,-0.010750488285253,0.0134377228204373,0.01207,1800.0
1346.77851518206,-0.0118714235263649,0.0124636040934682,0.01207,1800.0
1346.8790918212353,-0.0129610593049741,0.0113277236839938,0.01207,1800.0
1346.9796701293408,-0.0139033417261119,0.0101358944733518,0.01207,1800.0
1347.08023103289,-0.014702970037608,0.0089275049491507,0.01207,1800.0
1347.1807924132763,-0.0154110810465001,0.0076350488717109,0.01207,1800.0
1347.2813640456616,-0.0160283978137835,0.0062264634490778,0.01207,1800.0
1347.3819363933026,-0.0165257141516705,0.0047690009805327,0.01207,1800.0
1347.4825106482922,-0.0168702539007516,0.0033308110469927,0.01207,1800.0
1347.5737589221417,-0.0170773678178482,0.0020245880941021,0.01207,1800.0
1347.6754015307843,-0.0171972615621698,0.0005150336345299,0.01207,1800.0
1347.7759579043804,-0.0171818426529268,-0.0009919238219143,0.01207,1800.0
1347.876490912956,-0.0170285873376464,-0.0025058978265031,0.01207,1800.0
1347.9770112853466,-0.0167245968865367,-0.0040682939933873,0.01207,1800.0
1348.0777531485974,-0.0163240325282064,-0.0054603311700497,0.01207,1800.0
1348.1783176284252,-0.0157628140130002,-0.006887849007859,0.01207,1800.0
1348.2788790088116,-0.0151070021199112,-0.008222859043348,0.01207,1800.0
1348.379437528175,-0.0143219228689975,-0.0095182926673575,0.01207,1800.0
1348.4799729209362,-0.0134389362190688,-0.0107380926496556,0.01207,1800.0
1348.5804801803051,-0.0124350124398054,-0.0118766161461528,0.01207,1800.0
1348.6810227256237,-0.0113478582611061,-0.0129229030943338,0.01207,1800.0
1348.7815929274975,-0.0102080652231963,-0.013841850292563,0.01207,1800.0
1348.8821509700238,-0.0089640820883054,-0.0146923262510732,0.01207,1800.0
1348.9819904189526,-0.0076280019224149,-0.0154236986435983,0.01207,1800.0
1349.0825231891095,-0.0062874453716209,-0.0160223000098803,0.01207,1800.0
1349.1830321174084,-0.0048876853884716,-0.0165111339905328,0.01207,1800.0
1349.2835932593762,-0.0033304401415934,-0.0168828899141889,0.01207,1800.0
1349.3741997104107,-0.0019918356193005,-0.0170820182820172,0.01207,1800.0
1349.4747575145184,-0.0005123067821475,-0.0171924324980451,0.01207,1800.0
1349.5752681117474,0.000970944765824,-0.0171718102174213,0.01207,1800.0
1349.6758321147381,0.0024534084713297,-0.0170250076966576,0.01207,1800.0
1349.7763751368939,0.0039323597406786,-0.0167404014459428,0.01207,1800.0
1349.8781615119397,0.0054055834195305,-0.0163310517360026,0.01207,1800.0
1349.978736482185,0.0067980240377489,-0.0158049430739479,0.01207,1800.0
1350.0792957168042,0.0081536805592017,-0.015151989332757,0.01207,1800.0
1350.1798802237927,0.0094062078511961,-0.0144172625595523,0.01207,1800.0
1350.2804540019451,0.009704,-0.0142249999999999,0.01207,1800.0
1350.3811109881817,0.0084375557364124,-0.0135922056053933,0.01207,1800.0
1350.4816761832653,0.002237018738983,-0.0104937073726976,0.01207,1800.0
1350.5822382789074,-0.0047652387150272,-0.0069945682140949,0.01207,1800.0
1350.6827939372479,-0.0077836301899161,-0.0054861644074198,0.01207,1800.0
1350.7833619933544,-0.008018,-0.005369,0.01207,1800.0
1350.8839355330883,-0.008094967822078,-0.0052590100943875,0.01207,1800.0
1350.98448260836,-0.0084315963842582,-0.0046522722971867,0.01207,1800.0
1351.0850518565594,-0.0090326334103478,-0.0033223547650837,0.01207,1800.0
1351.1855970244824,-0.0094604550096948,-0.0018411438397484,0.01207,1800.0
1351.2761197905957,-0.0096321064405791,-0.0005581031971235,0.01207,1800.0
1351.3767193179547,-0.0095966708561703,0.0010139993175225,0.01207,1800.0
1351.4772911887585,-0.0093239338964287,0.0024327828389294,0.01207,1800.0
1351.5778652053295,-0.0088004740849765,0.0038925857713317,0.01207,1800.0
1351.6835850100933,-0.0080524704951094,0.0052709156491509,0.01207,1800.0
1351.7841544967114,-0.0071546220279606,0.0064296256994912,0.01207,1800.0
1351.884713969749,-0.0060537327881438,0.00747922842044,0.01207,1800.0
1351.9852929931103,-0.0048118291501585,0.0083276343036249,0.01207,1800.0
1352.0758055072247,-0.003607057109237,0.0089239434196347,0.01207,1800.0
1352.1763630729138,-0.0021489674054625,0.0093867602837526,0.01207,1800.0
1352.2769232612072,-0.0006972714237261,0.0096094874346902,0.01207,1800.0
1352.377495132011,0.0008496899206355,0.0095986179567534,0.01207,1800.0
1352.4780701022564,0.0023621565071584,0.0093470097698789,0.01207,1800.0
1352.5842614989697,0.0038188853410809,0.0088603860201835,0.01207,1800.0
1352.6848300319134,0.005130512020504,0.0081612078857887,0.01207,1800.0
1352.7853644710003,0.0063680775318856,0.0072180786447365,0.01207,1800.0
1352.8770616870343,0.0072996038489091,0.0062833492809789,0.01207,1800.0
1352.9776304583966,0.0081883879733134,0.0050463323430694,0.01207,1800.0
1353.0782113891064,0.008878638125405,0.0036909680846204,0.01207,1800.0
1353.1787727694928,0.0093444317841039,0.0022784688302844,0.01207,1800.0
1353.2793570380627,0.0095941410589054,0.0007911463613822,0.01207,1800.0
1353.381032071632,0.0095955790418853,-0.0007121309092003,0.01207,1800.0
1353.4815832000195,0.0093856099747734,-0.0022239513132519,0.01207,1800.0
1353.5821543555676,0.0089483003892788,-0.0035878458938191,0.01207,1800.0
1353.682696424049,0.0082802294444122,-0.0049627319415274,0.01207,1800.0
1353.7852934222637,0.0073677571735655,-0.0062204038957098,0.01207,1800.0
1353.875808320564,0.0064243917543741,-0.0071774459057111,0.01207,1800.0
1353.9764076095043,0.0052275266663232,-0.0080769604945859,0.01207,1800.0
1354.076977334541,0.0038887769706359,-0.0087984848017799,0.01207,1800.0
1354.1775446753918,0.0024934282772818,-0.0092932178047379,0.01207,1800.0
1354.2781070094525,0.0010336362120463,-0.0095609437219539,0.01207,1800.0
1354.3786822181164,-0.0004886011207759,-0.0096076325289866,0.01207,1800.0
1354.4792481284558,-0.001983547520757,-0.009420264991361,0.01207,1800.0
1354.5798140387951,-0.0033989461328767,-0.0090090923845982,0.01207,1800.0
1354.680380187553,-0.0047657563672117,-0.0083840043256439,0.01207,1800.0
1354.7809289317547,-0.0060472641473805,-0.0075266729624131,0.01207,1800.0
1354.8776217322766,-0.007075023443711,-0.0065520971413902,0.01207,1800.0
1354.978146873039,-0.0079004656797623,-0.0055199697995867,0.01207,1800.0
1355.0787092070996,-0.0080161638385704,-0.0053716496506705,0.01207,1800.0
1355.1792975287854,-0.008018,-0.005369,0.01207,1800.0
1355.2798622470318,-0.0066469288681361,-0.0023842881885177,0.01207,1800.0
1355.3804100375592,-0.0038369539753574,0.0037326833169289,0.01207,1800.0
1355.4809749942242,-0.0006355755732685,0.0107016251057897,0.01207,1800.0
1355.5815127711712,0.0013133781615199,0.0149441908367846,0.01207,1800.0
1355.6820889335095,0.001543,0.0154439999999999,0.01207,1800.0
1355.7826250415264,0.0015015963635175,0.015447909013849,0.01207,1800.0
1355.8831888060986,0.0011344734411625,0.0154693125700833,0.01207,1800.0
1355.9837752204357,-0.000323187259913,0.0155099032371607,0.01207,1800.0
1356.0843518596112,-0.0018134646805397,0.0154109473603524,0.01207,1800.0
1356.196045480293,-0.0034533867001847,0.0151253917644659,0.01207,1800.0
1356.2767735343396,-0.0046047915557326,0.0147985473326501,0.01207,1800.0
1356.3772989135205,-0.0060370136286952,0.0142717503679114,0.01207,1800.0
1356.4778753142773,-0.0073759202036417,0.0136288375104504,0.01207,1800.0
1356.5783563476025,-0.0086353436076373,0.0128658531573764,0.01207,1800.0
1356.6789191585003,-0.0098553148179741,0.0119587557634717,0.01207,1800.0
1356.7794867377697,-0.0109929169097176,0.0109240361648167,0.01207,1800.0
1356.8800648074566,-0.0120016682228166,0.0098071734307527,0.01207,1800.0
1356.9758227687298,-0.0128677240942721,0.0086480000010988,0.01207,1800.0
1357.0763934474408,-0.0136478946121403,0.0073742132168595,0.01207,1800.0
1357.1769774775921,-0.0143071490963423,0.0059923143942055,0.01207,1800.0
1357.2795821052014,-0.0148130875438267,0.0045843884429065,0.01207,1800.0
1357.3801570754467,-0.0151849415123894,0.0031357358074081,0.01207,1800.0
1357.4807222705304,-0.0154128785837214,0.0016090499522862,0.01207,1800.0
1357.5812881808697,-0.0154964068380129,9.101542156125796e-05,0.01207,1800.0
1357.6818583827435,-0.0154336070218898,-0.0014073340229575,0.01207,1800.0
1357.7824245315014,-0.015218812534072,-0.0028982638908187,0.01207,1800.0
1357.8829997401654,-0.0148690930603844,-0.0043707732194351,0.01207,1800.0
1357.9835680346905,-0.0143732469366342,-0.0057898309228589,0.01207,1800.0
1358.0825181823193,-0.0137691480964887,-0.0071197500260204,0.01207,1800.0
1358.1831081729351,-0.0130248673810912,-0.0084123926108291,0.01207,1800.0
1358.2836955409466,-0.0121109818031433,-0.0096883943843179,0.01207,1800.0
1358.384278379005,-0.0111251272999871,-0.0108206037291451,0.01207,1800.0
1358.4799350123822,-0.0100667702306264,-0.0117941688992853,0.01207,1800.0
1358.5805025916516,-0.0088748374656844,-0.0127109554163833,0.01207,1800.0
1358.681108079475,-0.0075851302212754,-0.0135072506702952,0.01207,1800.0
1358.7816811423718,-0.0062502666281149,-0.0141817935804628,0.01207,1800.0
1358.8822456221997,-0.0048752959077569,-0.0147126336829873,0.01207,1800.0
1358.9828048568188,-0.0034365318405236,-0.01510959688777,0.01207,1800.0
1359.0833752971112,-0.0019458505050825,-0.0153729989208993,0.01207,1800.0
1359.183918796104,-0.0004579463189895,-0.0154968782328795,0.01207,1800.0
1359.2845311980664,0.0010242259457795,-0.015467063804852,0.01207,1800.0
1359.3850978236615,0.0025840395899919,-0.0152884394228252,0.01207,1800.0
1359.4856575351178,0.0040257839189577,-0.0149828965280448,0.01207,1800.0
1359.5761578898846,0.005349881599585,-0.0145543510786368,0.01207,1800.0
1359.6819864135205,0.0068187907575237,-0.0139358717839065,0.01207,1800.0
1359.782549939674,0.0080659607030657,-0.0131867315849652,0.01207,1800.0
1359.8831125121533,0.0092373218445382,-0.0124306088602541,0.01207,1800.0
1359.9836562495648,0.0102311800978096,-0.0116528186358069,0.01207,1800.0
1360.0841875892102,0.0112164579072309,-0.0106893810545454,0.01207,1800.0
1360.1847449164807,0.0121698251775836,-0.0095939015633693,0.01207,1800.0
1360.2853139262616,0.0128818298985268,-0.0086318067135723,0.01207,1800.0
1360.3758018832623,0.013374007919284,-0.0078401150587374,0.01207,1800.0
1360.4775827746807,0.0140872896558039,-0.0064816300036451,0.01207,1800.0
1360.5796695571362,0.014671894722356,-0.0050146560835102,0.01207,1800.0
1360.680200658363,0.0150960401922059,-0.0035891446171724,0.01207,1800.0
1360.7825830798565,0.0153743031385785,-0.0020341799087929,0.01207,1800.0
1360.8831337314068,0.0154745841180502,-0.0010601274703556,0.01207,1800.0
1360.9836936812817,0.0154888602009623,0.0004063174839129,0.01207,1800.0
1361.0842707972943,0.0153828447962913,0.001897229631822,0.01207,1800.0
1361.1848402839123,0.0151274024294623,0.0033605402269128,0.01207,1800.0
1361.2854181151806,0.0147217011096346,0.0048324537516239,0.01207,1800.0
1361.3759432654797,0.0142916412857162,0.0060173657137473,0.01207,1800.0
1361.4765230040966,0.0137407482842356,0.0071760856763766,0.01207,1800.0
1361.581857286018,0.0129926346035722,0.0084512548392706,0.01207,1800.0
1361.6824305873333,0.0121384955143552,0.0096613005416696,0.01207,1800.0
1361.782996259254,0.0111679638382235,0.010763932496331,0.01207,1800.0
1361.8835750441967,0.0100605498702707,0.0118079801935242,0.01207,1800.0
1361.983141742271,0.0089162019210677,0.0126912324431191,0.01207,1800.0
1362.0837238650738,0.0075863651906505,0.0135190559829633,0.01207,1800.0
1362.1843024115979,0.0062708056239834,0.0141808548889139,0.01207,1800.0
1362.2848754744946,0.0048366742457802,0.0147234728880735,0.01207,1800.0
1362.3854399543225,0.0033730820936913,0.0151247828095837,0.01207,1800.0
1362.475954137367,0.0022218858554674,0.0153500721495682,0.01207,1800.0
1362.576516233009,0.001543065210885,0.0154439347891149,0.01207,1800.0
1362.6770711760937,0.0015416189257878,0.0154412639095797,0.01207,1800.0
1362.7830787520825,0.000888347899804,0.014140913892201,0.01207,1800.0
1362.8836487155377,-0.0019834370640819,0.0084243993822576,0.01207,1800.0
1362.984352908653,-0.0054347103981291,0.0015543415426401,0.01207,1800.0
1363.0849233489453,-0.0088575857366393,-0.005259322478942,0.01207,1800.0
1363.1854899745404,-0.0093662231447203,-0.0062718200203037,0.01207,1800.0
1363.275994382423,-0.0094059999999999,-0.0063509999999999,0.01207,1800.0
1363.3765700679241,-0.0094351985317333,-0.0063103029314335,0.01207,1800.0
1363.4770894866406,-0.009861346050001,-0.0055840103641762,0.01207,1800.0
1363.577640615028,-0.0104858153800075,-0.0042787933274501,0.01207,1800.0
1363.6782089095532,-0.0109602782268917,-0.0028577812183837,0.01207,1800.0
1363.7787175994335,-0.0112367381497678,-0.0013772231150374,0.01207,1800.0
1363.8792832713543,-0.011338953753634,0.0001499359457665,0.01207,1800.0
1363.9798434596478,-0.0112218788845735,0.0016264726643502,0.01207,1800.0
1364.0804100852429,-0.0108867608163195,0.0031680466249682,0.01207,1800.0
1364.1809769492565,-0.0103945758900476,0.0045409877950056,0.01207,1800.0
1364.2815171103894,-0.0097260877754073,0.0058576764744864,0.01207,1800.0
1364.3853910785137,-0.0088013765318845,0.0071493368198454,0.01207,1800.0
1364.4758990626751,-0.0078983874417037,0.0081194964665084,0.01207,1800.0
1364.5769310813366,-0.0067294206348834,0.0091081095757612,0.01207,1800.0
1364.677495322746,-0.0054711601380179,0.0099178682786131,0.01207,1800.0
1364.7780474048077,-0.0040999814168106,0.0105568409223349,0.01207,1800.0
1364.878588996452,-0.0026308572844185,0.0110158740689514,0.01207,1800.0
1364.9791587214886,-0.0011639925557891,0.0112673798206063,0.01207,1800.0
1365.0797170024334,0.0003093890951837,0.0113357440298939,0.01207,1800.0
1365.180283866447,0.0017648879907441,0.0111993507538913,0.01207,1800.0
1365.2808748107373,0.0032759060879257,0.010856107104609,0.01207,1800.0
1365.3814123492657,0.0047298904072377,0.0103217360099908,0.01207,1800.0
1365.4819923263012,0.0060038973005811,0.0096374496828964,0.01207,1800.0
1365.582582316917,0.0071961831789562,0.0087557854533525,0.01207,1800.0
1365.6831539493023,0.0083239872677265,0.0076774549561921,0.01207,1800.0
1365.7869702201306,0.0093186929390905,0.0064487533266984,0.01207,1800.0
1365.8774336200177,0.0100099940476231,0.0052812572648752,0.01207,1800.0
1365.9780495982586,0.0106260370266433,0.0039260185777855,0.01207,1800.0
1366.0785926204144,0.0110418069516383,0.0025156144646182,0.01207,1800.0
1366.179152093452,0.0112889041543864,0.0010236443640874,0.01207,1800.0
1366.2797172885357,0.0113270458386566,-0.0004984493821734,0.01207,1800.0
1366.3802924971997,0.0111717069928974,-0.0019753701560754,0.01207,1800.0
1366.4810491424023,0.010803754109302,-0.0034774876620004,0.01207,1800.0
1366.581673703712,0.010254865901755,-0.0048601682597585,0.01207,1800.0
1366.6822737079083,0.0095451586228965,-0.0061207841213143,0.01207,1800.0
1366.7828379493176,0.0085985538425083,-0.0073695114722511,0.01207,1800.0
1366.8834102969586,0.0075673842671061,-0.0084404573318435,0.01207,1800.0
1366.9839850287854,0.0064093377518355,-0.0093388773121995,0.01207,1800.0
1367.0845640521466,0.0050848054579473,-0.0101142043012139,0.01207,1800.0
1367.188503108543,0.0036386608290656,-0.0107181901607055,0.01207,1800.0
1367.2789622168957,0.002350304334431,-0.0110864986115288,0.01207,1800.0
1367.3800276141583,0.0008419062344721,-0.0113064447169583,0.01207,1800.0
1367.480589948219,-0.0006030737010439,-0.0113171141414494,0.01207,1800.0
1367.5811732631146,-0.0021151216193214,-0.0111502559603742,0.01207,1800.0
1367.6817494254528,-0.0036269115988839,-0.0107610012727868,0.01207,1800.0
1367.7823270183026,-0.0050149107890322,-0.0101668882429424,0.01207,1800.0
1367.882897458595,-0.0063269726182523,-0.0094034763831907,0.01207,1800.0
1367.9834674220501,-0.0074875858962902,-0.0085055740335821,0.01207,1800.0
1368.0840361934124,-0.0085563610053483,-0.0074300048417479,0.01207,1800.0
1368.1845987658917,-0.0092048967822703,-0.0066351917934371,0.01207,1800.0
1368.2851792197644,-0.0094059999999999,-0.0063509999999999,0.01207,1800.0
1368.3857372622906,-0.0093516733581886,-0.0062574251312472,0.01207,1800.0
1368.4762545447766,-0.0080914986958605,-0.0040871104330413,0.01207,1800.0
1368.576829991859,-0.0043451332449314,0.0023649564698862,0.01207,1800.0
1368.677393279594,-0.0006182142489317,0.0087835281793339,0.01207,1800.0
1368.7779212813793,0.0021905870945906,0.0136209260508343,0.01207,1800.0
1368.886011205238,0.002204,0.013644,0.01207,1800.0
1368.9865871291577,0.0018915578134638,0.0136845837269906,0.01207,1800.0
1369.087162099403,0.000716584935248,0.013780923311532,0.01207,1800.0
1369.1877020221173,-0.000828538601024,0.0137679623919013,0.01207,1800.0
1369.2882662635266,-0.0023354165749103,0.0135905306437924,0.01207,1800.0
1369.3888398032605,-0.003765657105007,0.0132707321022972,0.01207,1800.0
1369.4894052367627,-0.0051700685701681,0.0127859777725579,0.01207,1800.0
1369.5899647098004,-0.0065572662898564,0.0121354380275842,0.01207,1800.0
1369.6905206065594,-0.0078405420545312,0.0113613949539028,0.01207,1800.0
1369.792038045448,-0.0090526546207235,0.010427320173603,0.01207,1800.0
1369.892589412254,-0.0101534945898474,0.0093599278594941,0.01207,1800.0
1369.9931619983136,-0.0110668069740795,0.0082710450937837,0.01207,1800.0
1370.0937305312573,-0.0119103060182064,0.0069806614645271,0.01207,1800.0
1370.2024279456555,-0.012645270177621,0.0055417515071825,0.01207,1800.0
1370.2929476123272,-0.0131243645142767,0.0042477816491292,0.01207,1800.0
1370.3935185294567,-0.0134696926429799,0.0030287462777334,0.01207,1800.0
1370.4940882544934,-0.0136625186520217,0.0020153768311285,0.01207,1800.0
1370.5946422439038,-0.0137707492810143,0.0008225685299811,0.01207,1800.0
1370.6951993327557,-0.0137816984074358,-0.0006153868716535,0.01207,1800.0
1370.7857268672406,-0.013698801024297,-0.0017819835763306,0.01207,1800.0
1370.8862901549755,-0.0135332558506433,-0.0027604777853595,0.01207,1800.0
1370.9868508201062,-0.0132327801491287,-0.0039435747436699,0.01207,1800.0
1371.0874167304455,-0.0127264993648129,-0.0053566706815614,0.01207,1800.0
1371.1879852633892,-0.012076334869364,-0.0066929409296025,0.01207,1800.0
1371.288541875404,-0.0112462236188451,-0.0080039357692229,0.01207,1800.0
1371.3918205123364,-0.0103217914263356,-0.0091617073649598,0.01207,1800.0
1371.4925850253521,-0.0092683608021684,-0.0102083678642754,0.01207,1800.0
1371.6032908778607,-0.0079732868028894,-0.0112626933367808,0.01207,1800.0
1371.6937633376538,-0.0068096860902551,-0.0119934903795158,0.01207,1800.0
1371.7943268638073,-0.0054680103482745,-0.0126636837787779,0.01207,1800.0
1371.894896588844,-0.0040705153597497,-0.0131806820849912,0.01207,1800.0
1371.985394559425,-0.0027305239953479,-0.0135293958443671,0.01207,1800.0
1372.0859857421337,-0.0012073671144681,-0.0137536223754267,0.01207,1800.0
1372.1865578513562,0.0001992641791075,-0.0138186730562053,0.01207,1800.0
1372.2871476035534,0.0017243380663067,-0.0136989343439814,0.01207,1800.0
1372.3876982551037,0.0032158694958645,-0.0134311680370611,0.01207,1800.0
1372.4882617812573,0.0047078298134539,-0.0129712731659841,0.01207,1800.0
1372.5888176780163,0.006081406738573,-0.012379987058071,0.01207,1800.0
1372.6893626075207,0.0073674593810435,-0.0116687302398427,0.01207,1800.0
1372.7899173121868,0.0085674513095252,-0.0108070515922415,0.01207,1800.0
1372.8904758315502,0.009709252279522,-0.0097917550455445,0.01207,1800.0
1372.9910832267224,0.0107532586729646,-0.0086384398095372,0.01207,1800.0
1373.091655812782,0.0116271219364838,-0.0074318923006878,0.01207,1800.0
1373.1937192302166,0.0123514325957183,-0.0061508182036278,0.01207,1800.0
1373.2942796569287,0.0129746714931648,-0.0047203550707846,0.01207,1800.0
1373.3948672633587,0.0134140332633406,-0.0032841330428064,0.01207,1800.0
1373.4956689696728,0.0136493927856048,-0.0021453674039173,0.01207,1800.0
1373.586176476997,0.0137642794331776,-0.0010473643069455,0.01207,1800.0
1373.6867490630566,0.0137851641863424,0.0004423363446132,0.01207,1800.0
1373.787298522514,0.013666930690203,0.0018961157236029,0.01207,1800.0
1373.887870870155,0.0133831248528608,0.0033329700252893,0.01207,1800.0
1373.988405309242,0.0129221871867749,0.0048189062221261,0.01207,1800.0
1374.088991723579,0.0123076469795945,0.0062259457794388,0.01207,1800.0
1374.1895597796856,0.01156356989918,0.0075194862490364,0.01207,1800.0
1374.2901383262097,0.0106729616926914,0.0087474623563275,0.01207,1800.0
1374.3907020907818,0.0097162214285148,0.0097995587036701,0.01207,1800.0
1374.4912803988873,0.0086265755357116,0.0107923502997868,0.01207,1800.0
1374.5918210368573,0.0077120269045473,0.0114633779067422,0.01207,1800.0
1374.6923905234753,0.006459867354509,0.0122075214336564,0.01207,1800.0
1374.7929025512158,0.005106566158532,0.0128203162829908,0.01207,1800.0
1374.893469653648,0.0036495649866704,0.0133070967605207,0.01207,1800.0
1374.9879361014782,0.0026145334586103,0.0135615839938846,0.01207,1800.0
1375.0885043960034,0.0022039999999999,0.013644,0.01207,1800.0
1375.1890445571362,0.002200919494336,0.0136390237985429,0.01207,1800.0
1375.2896021228253,0.0008185427008926,0.0114061732017635,0.01207,1800.0
1375.3902045112072,-0.0027084406828261,0.0057093233453288,0.01207,1800.0
1375.4907711368023,-0.0068916430077082,-0.0010474498442039,0.01207,1800.0
1375.5913461070477,-0.0102463064507795,-0.0064660397454631,0.01207,1800.0
1375.6922074180065,-0.010788,-0.0073409999999999,0.01207,1800.0
1375.7927785735546,-0.0109001050373866,-0.007184661269567,0.01207,1800.0
1375.8933482985913,-0.0115580535815587,-0.0060482945856414,0.01207,1800.0
1375.9939297061383,-0.0121704262273993,-0.0046810473094084,0.01207,1800.0
1376.0947376113354,-0.0126228487558794,-0.0032751476309664,0.01207,1800.0
1376.18525346331,-0.012885090699315,-0.0019484419400794,0.01207,1800.0
1376.2886207919537,-0.0130250985239475,-0.0004055652884072,0.01207,1800.0
1376.3891847949444,-0.012979400099183,0.0010979270435388,0.01207,1800.0
1376.4897549968182,-0.0127661937246196,0.0025922283721896,0.01207,1800.0
1376.5903228145062,-0.0123987677104537,0.0040233958910675,0.01207,1800.0
1376.6908949237286,-0.0118529244561127,0.0054307306211962,0.01207,1800.0
1376.7914620261608,-0.0111393581647196,0.006816317457333,0.01207,1800.0
1376.8920324664532,-0.0103077350889433,0.0080095986617079,0.01207,1800.0
1376.9925886016308,-0.0093291044315927,0.0091341489674569,0.01207,1800.0
1377.0931580882489,-0.0082288370890841,0.0101180093449994,0.01207,1800.0
1377.193734250587,-0.0069619931156249,0.011016539535665,0.01207,1800.0
1377.2943104129254,-0.0056718314475712,0.0117600075230827,0.01207,1800.0
1377.384818873924,-0.0044256815312468,0.0122709823825633,0.01207,1800.0
1377.485412679237,-0.0029745712816601,0.012688716201682,0.01207,1800.0
1377.5909973006665,-0.0014244799535047,0.012946139350761,0.01207,1800.0
1377.6915660720288,0.0001254721287561,0.0130390168615224,0.01207,1800.0
1377.7921515326916,0.0016397623342337,0.0129392985992153,0.01207,1800.0
1377.8927307944714,0.0031445289761757,0.0126669883454591,0.01207,1800.0
1377.9933083873211,0.0045864469894974,0.012221289060768,0.01207,1800.0
1378.100172362846,0.0060282865392995,0.01157440716058,0.01207,1800.0
1378.1906865458905,0.0071851152461459,0.0108783308011923,0.01207,1800.0
1378.2912538867413,0.0083780583789299,0.009971299661444,0.01207,1800.0
1378.391810021919,0.0094566345484906,0.0089670708123676,0.01207,1800.0
1378.4923513751446,0.0104221407052749,0.0078147189703284,0.01207,1800.0
1378.5929249148785,0.0112535806088946,0.0065721956131617,0.01207,1800.0
1378.6934994082867,0.0119289105978953,0.0052361750773841,0.01207,1800.0
1378.7940629344403,0.0124693120732528,0.0038123874720298,0.01207,1800.0
1378.8946410041272,0.012825862051404,0.0023287272640239,0.01207,1800.0
1378.9851635318219,0.0130086176781227,0.0009454588505649,0.01207,1800.0
1379.0857213359295,0.0130364249404626,-0.0005541662425716,0.01207,1800.0
1379.1863304000317,0.01288900217482,-0.0019922449012214,0.01207,1800.0
1379.2868994098126,0.0125604254963581,-0.0034850546331579,0.01207,1800.0
1379.3874810557782,0.0120912655161657,-0.0048657435647833,0.01207,1800.0
1379.4880565028607,0.0114315743067376,-0.0062573276784527,0.01207,1800.0
1379.5890589576184,0.0106087818875769,-0.0075686832773545,0.01207,1800.0
1379.6896260600506,0.0096882617100317,-0.0087195590202206,0.01207,1800.0
1379.790196500343,0.0086137433362426,-0.0097754407416294,0.01207,1800.0
1379.8907185416638,0.0074242414680264,-0.0107105632005369,0.01207,1800.0
1379.991334996742,0.0061633390981029,-0.0114786887812402,0.01207,1800.0
1380.0918997149884,0.0047734300172383,-0.0121224196731369,0.01207,1800.0
1380.1924675326763,0.0033767335855173,-0.0125915165626063,0.01207,1800.0
1380.2930467944561,0.0018886799847638,-0.0129114731272989,0.01207,1800.0
1380.3936160426556,0.0003621576113013,-0.0130444206434947,0.01207,1800.0
1380.494191012901,-0.001142989696122,-0.0129932705334149,0.01207,1800.0
1380.5846999507366,-0.0024563024475038,-0.0128044907541009,0.01207,1800.0
1380.6852637153088,-0.003894132829885,-0.0124369074345793,0.01207,1800.0
1380.7858332019268,-0.0052978015791528,-0.0119077001456534,0.01207,1800.0
1380.8867290835797,-0.0066576626004662,-0.0111955565873206,0.01207,1800.0
1380.988652787727,-0.0079379079916338,-0.0103293639997157,0.01207,1800.0
1381.0891829352795,-0.009057314199602,-0.009359242258819,0.01207,1800.0
1381.1897478919445,-0.0100509217662061,-0.0082960393740953,0.01207,1800.0
1381.290323339027,-0.0107636832104783,-0.0073754901402399,0.01207,1800.0
1381.3908921103894,-0.010788,-0.0073409999999999,0.01207,1800.0
1381.491463504356,-0.010788,-0.0073409999999999,0.01207,0.0
