2736.3738151244006,-0.011148,-0.0108384,0.0284,0.0
2736.4743998698077,-0.0111429410154314,-0.0107361362405075,0.0284,0.0
2736.5749831847033,-0.0110957362919591,-0.009782451521255,0.0284,0.0
2736.6755629233203,-0.0109918811498665,-0.0076848188080346,0.0284,0.0
2736.776079957851,-0.0108846141954818,-0.0055190013634299,0.0284,0.0
2736.8766475371203,-0.0107759141017966,-0.0033243033395448,0.0284,0.0
2736.9772253683886,-0.0106678937747835,-0.0011432748797919,0.0284,0.0
2737.077784364589,-0.010561200621846,0.0010104256672031,0.0284,0.0
2737.1783490828357,-0.0104551505902004,0.003151694034578,0.0284,0.0
2737.2688766173205,-0.0103566177051218,0.0051411111791527,0.0284,0.0
2737.369382446178,-0.0102498059491963,0.0072987490824978,0.0284,0.0
2737.4699624232135,-0.0101459945687222,0.0093953438947829,0.0284,0.0
2737.574576681026,-0.0100914295918085,0.010496210724126,0.0284,0.0
2737.6751464060626,-0.0100859999999999,0.0106049999999999,0.0284,0.0
2737.7757001570544,-0.0100876460545303,0.0106034197876507,0.0284,0.0
2737.876270597347,-0.010337523546352,0.0103377632175458,0.0284,1800.0
2737.9768424681506,-0.0112320565112142,0.0093591778494619,0.0284,1800.0
2738.07732779301,-0.0120890364660406,0.0082151407208722,0.0284,1800.0
2738.177892988094,-0.0129015186077434,0.0068954462469231,0.0284,1800.0
2738.2788217715106,-0.0135290643108023,0.0055601963110978,0.0284,1800.0
2738.3693304709277,-0.0138521173771515,0.0046826413848913,0.0284,1800.0
2738.469911163219,-0.0142017765298765,0.0034092494883362,0.0284,1800.0
2738.5704808882556,-0.0144749359489556,0.0019894448557091,0.0284,1800.0
2738.6710448912463,-0.0145965536326147,0.0005067527359395,0.0284,1800.0
2738.771631067165,-0.0145677084998293,-0.0010270007230611,0.0284,1800.0
2738.8722086600146,-0.0143877123014185,-0.0025388628766903,0.0284,1800.0
2738.973891561397,-0.0141119129751156,-0.0038376702767706,0.0284,1800.0
2739.074459379085,-0.0137670263147246,-0.0049222187826882,0.0284,1800.0
2739.1750178984485,-0.0132178717990584,-0.0062345455427542,0.0284,1800.0
2739.275576894649,-0.0125409831123862,-0.007510905730494,0.0284,1800.0
2739.371884887584,-0.0117158343017397,-0.0087677039081163,0.0284,1800.0
2739.4724524668536,-0.0107650865614555,-0.0098853442253947,0.0284,1800.0
2739.573234622844,-0.0096907931714278,-0.0109413019499102,0.0284,1800.0
2739.675617998012,-0.0084970132880748,-0.0118865572948674,0.0284,1800.0
2739.77617913998,-0.0072033900372105,-0.0127052918671198,0.0284,1800.0
2739.876735513576,-0.0059299672183813,-0.0133523484719633,0.0284,1800.0
2739.9773052386126,-0.0048099397456796,-0.0138059258933783,0.0284,1800.0
2740.077875678905,-0.0036905271470705,-0.0141407419196341,0.0284,1800.0
2740.1784465960345,-0.0024321004209559,-0.0144164591994519,0.0284,1800.0
2740.2690392187915,-0.00127839449229,-0.0145620440514594,0.0284,1800.0
2740.3695974997363,0.0001868179021206,-0.0146167056060253,0.0284,1800.0
2740.475923364528,0.0017935893978363,-0.014520334474446,0.0284,1800.0
2740.5776737383685,0.0032634587531148,-0.0142530207837294,0.0284,1800.0
2740.678223674663,0.0047079797054455,-0.0138412507665005,0.0284,1800.0
2740.778791969188,0.0061125437745098,-0.0132769783915296,0.0284,1800.0
2740.8693073443255,0.0073342625800243,-0.012630056597833,0.0284,1800.0
2740.9698718241534,0.0085546542014485,-0.0118010743323689,0.0284,1800.0
2741.070464198955,0.0097162829027326,-0.0108646955229789,0.0284,1800.0
2741.171045129665,0.0108251344653314,-0.009801777753389,0.0284,1800.0
2741.271610563167,0.0117750624380383,-0.0086514598912099,0.0284,1800.0
2741.372172181972,0.0125890219470605,-0.007423189762976,0.0284,1800.0
2741.4727855376086,0.0133158524692825,-0.0060163447018202,0.0284,1800.0
2741.5733569315753,0.0138727987266571,-0.0046347156106257,0.0284,1800.0
2741.6722841910205,0.0142604628331441,-0.0032276835632194,0.0284,1800.0
2741.7728498629413,0.0145207353954451,-0.0017033955894457,0.0284,1800.0
2741.873417203792,0.0146156835867204,-0.0001997182442755,0.0284,1800.0
2741.973933523067,0.0145497138238944,0.0012993541985319,0.0284,1800.0
2742.0744949034533,0.0143402028154226,0.002780742033231,0.0284,1800.0
2742.175058429607,0.0140014381482514,0.0042537028286831,0.0284,1800.0
2742.2756088427386,0.0134865062902315,0.0056547017597008,0.0284,1800.0
2742.376267736324,0.0128263483077464,0.0069951067012463,0.0284,1800.0
2742.4768202952228,0.0120351071080635,0.0082825963384332,0.0284,1800.0
2742.5773883513293,0.0111316590442265,0.0094626592478878,0.0284,1800.0
2742.677948539623,0.0101313402202587,0.010529255622297,0.0284,1800.0
2742.7785130194507,0.0089882260245776,0.0115379229240101,0.0284,1800.0
2742.869019334682,0.0078300477870953,0.012344690815181,0.0284,1800.0
2742.9695602110705,0.0065209404908188,0.0130838027531673,0.0284,1800.0
2743.0701196841082,0.0051555015931858,0.0136738207913485,0.0284,1800.0
2743.1706760577044,0.0037600229546085,0.0141173165456275,0.0284,1800.0
2743.2691949061236,0.0022838688923833,0.0144223718800465,0.0284,1800.0
2743.3697705916247,0.0007940248300949,0.0145855660091047,0.0284,1800.0
2743.470292394527,-0.0007087566794011,0.0145882801096742,0.0284,1800.0
2743.570855682262,-0.0021123632010016,0.0144697309436203,0.0284,1800.0
2743.671417777904,-0.0032584163274775,0.014249648935048,0.0284,1800.0
2743.7719994238696,-0.00449794461754,0.0139118194046718,0.0284,1800.0
2743.872568672069,-0.0055171554644031,0.0135444702329059,0.0284,1800.0
2743.968977039226,-0.0067326831631532,0.0129833232566849,0.0284,1800.0
2744.0695486716113,-0.0080667806236206,0.0121983617203824,0.0284,1800.0
2744.170107667812,-0.0092504824895986,0.0113132299477736,0.0284,1800.0
2744.2706642798266,-0.0099330122316878,0.0107405256091253,0.0284,1800.0
2744.371214931377,-0.0100859999999999,0.0106049999999999,0.0284,1800.0
2744.4708579233966,-0.0101252026018281,0.0103490170050599,0.0284,1800.0
2744.571427886852,-0.010483399087355,0.0080092717843954,0.0284,1800.0
2744.6719856909594,-0.0108359999999999,0.0057059999999999,0.0284,1800.0
2744.7725408724627,-0.0107587097920137,0.0058379588916837,0.0284,1800.0
2744.8731086901507,-0.0102927333319513,0.006595246113783,0.0284,1800.0
2744.9739649943194,-0.009471611355424,0.0077497210969449,0.0284,1800.0
2745.069138830074,-0.0085010164105049,0.0088053397173575,0.0284,1800.0
2745.1696942499957,-0.007318649247367,0.0097941448124597,0.0284,1800.0
2745.270257299312,-0.00606146158741,0.0106166819099156,0.0284,1800.0
2745.3708117655597,-0.0046708601295067,0.0112816098459781,0.0284,1800.0
2745.4713349989734,-0.0032482826018878,0.01177527301989,0.0284,1800.0
2745.571909253963,-0.001780178395414,0.012087617869465,0.0284,1800.0
2745.6724649123034,-0.0002840418655636,0.0122072605993383,0.0284,1800.0
2745.7730401209674,0.0012290777972696,0.0121490230127227,0.0284,1800.0
2745.873604839214,0.0027123155517561,0.0119180167800892,0.0284,1800.0
2745.975309913524,0.0041238223144485,0.0115037310012159,0.0284,1800.0
2746.0758751086078,0.0055690700603533,0.0108762083642612,0.0284,1800.0
2746.176455324062,0.0068806451497559,0.010127989622064,0.0284,1800.0
2746.2770329169116,0.0080452190770091,0.0092164486549378,0.0284,1800.0
2746.3776081255755,0.0090750083985559,0.0081915086608385,0.0284,1800.0
2746.478183095821,0.0100519468311191,0.0069650097866806,0.0284,1800.0
2746.5726860216937,0.0107818994396467,0.005739546930833,0.0284,1800.0
2746.673254316219,0.011407865129357,0.0043682856169842,0.0284,1800.0
2746.773816888698,0.011855943251671,0.0029339620774371,0.0284,1800.0
2746.8743811301074,0.0121236032743765,0.0014881646492702,0.0284,1800.0
2746.974943941005,0.0122101164057825,1.2637149326033548e-05,0.0284,1800.0
2747.0755155733905,0.0121227327272354,-0.0015145116644243,0.0284,1800.0
2747.1761015108905,0.0118459378090936,-0.0030087757388577,0.0284,1800.0
2747.276674812206,0.0114020457465378,-0.0044051971736645,0.0284,1800.0
2747.377908771404,0.0107850947204058,-0.0057882221228662,0.0284,1800.0
2747.4684396437488,0.0100336474263663,-0.0069871822898737,0.0284,1800.0
2747.5690081766925,0.0091195413391178,-0.0081369932745985,0.0284,1800.0
2747.6695500067553,0.0080714869038251,-0.0091771811940846,0.0284,1800.0
2747.7699816874347,0.0069032737303178,-0.0100817186278538,0.0284,1800.0
2747.8711341074786,0.0055729860023792,-0.0108614828244491,0.0284,1800.0
2747.9717052630267,0.0041907668406384,-0.0114774383358247,0.0284,1800.0
2748.072281902202,0.0027559941994737,-0.0118953137842977,0.0284,1800.0
2748.1728516272387,0.0012477347675128,-0.0121569083488088,0.0284,1800.0
2748.273409669765,-0.0002522250797346,-0.012215297250344,0.0284,1800.0
2748.373981540569,-0.001743413717451,-0.0120979763236321,0.0284,1800.0
2748.4745612791858,-0.0032492810534753,-0.0117882881644706,0.0284,1800.0
2748.5750828436694,-0.0046842651190585,-0.011302291388207,0.0284,1800.0
2748.675659959682,-0.0059847846548836,-0.0106671051721301,0.0284,1800.0
2748.7762399367175,-0.0072204419395472,-0.0098643889596567,0.0284,1800.0
2748.876814906963,-0.0083878501151312,-0.0088954437320329,0.0284,1800.0
2748.972438638576,-0.0093913279075743,-0.0078101428083307,0.0284,1800.0
2749.073004072078,-0.0102797982711629,-0.0065894661687439,0.0284,1800.0
2749.173567598232,-0.0110057039313476,-0.0053068747684444,0.0284,1800.0
2749.2743237665973,-0.0115688663835838,-0.0039161862517139,0.0284,1800.0
2749.3748579672656,-0.011964664078853,-0.0024626074025147,0.0284,1800.0
2749.4754315069995,-0.0121773512168109,-0.0009942060047207,0.0284,1800.0
2749.576007430919,-0.0122105034861509,0.0005422528229883,0.0284,1800.0
2749.6771345785937,-0.0120540867824305,0.0020546596922461,0.0284,1800.0
2749.7777093104205,-0.0117281880749661,0.0035176760602846,0.0284,1800.0
2749.878274505504,-0.011204954658049,0.0048853696028656,0.0284,1800.0
2749.9687863043628,-0.0109038786841837,0.0055627998994399,0.0284,1800.0
2750.069360320934,-0.0108359999999999,0.0057059999999999,0.0284,1800.0
2750.1699577025256,-0.010836,0.0057059999999999,0.0284,0.0
