2022.3230130904058,-0.0114429999999999,-0.0194353999999999,0.01846,0.0
2022.4235778086522,-0.0114067455264745,-0.0192771713660626,0.01846,0.0
2022.5244422190526,-0.0108647365956014,-0.0169135306617481,0.01846,0.0
2022.624984287534,-0.0101427644870557,-0.0137652445416572,0.01846,0.0
2022.7255480521062,-0.0093878460363499,-0.0104734774802062,0.01846,0.0
2022.8261203997472,-0.0086230675876639,-0.0071387479012709,0.01846,0.0
2022.9266791575292,-0.007857407274846,-0.0038000123424025,0.01846,0.0
2023.0272367232183,-0.0070770915170775,-0.0003973280035096,0.01846,0.0
2023.1278140776494,-0.0063171672885594,0.0029162217261559,0.01846,0.0
2023.2294314139226,-0.0055168834385766,0.0064061399253451,0.01846,0.0
2023.3299992316106,-0.0047698793577571,0.0096633387558484,0.01846,0.0
2023.4305587046483,-0.0039740192143735,0.0131340490721489,0.01846,0.0
2023.5210712187627,-0.0034385907882993,0.0154687007220676,0.01846,0.0
2023.6216447584966,-0.0033060257855358,0.0160465834233872,0.01846,0.0
2023.7221787207463,-0.003305,0.016051,0.01846,0.0
2023.8227555983403,-0.0034207524143315,0.0160227024348634,0.01846,1800.0
2023.9240482085088,-0.0042722018110917,0.015788634752327,0.01846,1800.0
2024.025348924909,-0.0056771342915269,0.0153493762237479,0.01846,1800.0
2024.1259191267827,-0.0070863359799084,0.0147489918563952,0.01846,1800.0
2024.226493620191,-0.0084448998378246,0.0140178899691602,0.01846,1800.0
2024.3270688288549,-0.0096958452848653,0.0131888378420003,0.01846,1800.0
2024.4276488058904,-0.0109027781128907,0.0122244749821451,0.01846,1800.0
2024.5282261603215,-0.011931782024304,0.0112214912130932,0.01846,1800.0
2024.6287605994085,-0.0128901383944926,0.0100875397587342,0.01846,1800.0
2024.7293374770024,-0.01362065069901,0.0090891137452599,0.01846,1800.0
2024.8299246065953,-0.0143345794647749,0.007909387324319,0.01846,1800.0
2024.9305100672582,-0.0150066663031099,0.0065217460179152,0.01846,1800.0
2025.022152447019,-0.0155008664129812,0.0052265724408662,0.01846,1800.0
2025.1227278941014,-0.0159206635193533,0.0037723710573486,0.01846,1800.0
2025.2233069174627,-0.0162052338816397,0.0022703833298732,0.01846,1800.0
2025.3240602248052,-0.0163492478415315,0.0007962751919341,0.01846,1800.0
2025.424634956632,-0.0163548135385312,-0.0006593094240666,0.01846,1800.0
2025.5252144568303,-0.0162238107868841,-0.002205204180782,0.01846,1800.0
2025.6257701151708,-0.0159490771209733,-0.0037307991167885,0.01846,1800.0
2025.726358198438,-0.015550137386711,-0.0051479085917728,0.01846,1800.0
2025.8269496195653,-0.0150284149408564,-0.0064990177919078,0.01846,1800.0
2025.927507423673,-0.0143543427675874,-0.0078579843613543,0.01846,1800.0
2026.0280907385686,-0.0136249073392972,-0.0090685590901319,0.01846,1800.0
2026.1286182635167,-0.0128304279455006,-0.0101615218298479,0.01846,1800.0
2026.22411277226,-0.0119538264630768,-0.0111770311338273,0.01846,1800.0
2026.3246782057622,-0.0108873271013408,-0.012214917160429,0.01846,1800.0
2026.4252450697759,-0.0097229046701862,-0.0131617892767153,0.01846,1800.0
2026.5258031123021,-0.0084667835271879,-0.0140087549384396,0.01846,1800.0
2026.6263694994786,-0.007174311957118,-0.0147145833255354,0.01846,1800.0
2026.726954721723,-0.0057889973471952,-0.0153176825328417,0.01846,1800.0
2026.8274982207158,-0.0043919644901332,-0.0157844954980045,0.01846,1800.0
2026.9280858271459,-0.0028576307062501,-0.0161239507032103,0.01846,1800.0
2027.0286066763738,-0.0019522172985418,-0.0162622278426385,0.01846,1800.0
2027.1291723482946,-0.0004647107475102,-0.0163567269751184,0.01846,1800.0
2027.2297487490514,0.0010640949142083,-0.0163316582549131,0.01846,1800.0
2027.3303232424596,0.0025680441259466,-0.0161629892911849,0.01846,1800.0
2027.4208503001073,0.0038929703294605,-0.0158899568025757,0.01846,1800.0
2027.5214359991887,0.005333465082386,-0.0154727630097862,0.01846,1800.0
2027.6220288508275,0.0067180247051001,-0.0149226816631171,0.01846,1800.0
2027.7225775950292,0.0079434760291847,-0.0143168958693157,0.01846,1800.0
2027.8231678240636,0.0088414136861735,-0.0137801516488536,0.01846,1800.0
2027.925917887006,0.0100207811753991,-0.0129481885853469,0.01846,1800.0
2028.0265012019017,0.0112130799614404,-0.0119470952820258,0.01846,1800.0
2028.1270759337285,0.0122201732394354,-0.010901649414179,0.01846,1800.0
2028.227639459882,0.0131676377713557,-0.0097212512939827,0.01846,1800.0
2028.3282196753362,0.0139988992963096,-0.0084811153276983,0.01846,1800.0
2028.4288075201848,0.0147244268076633,-0.0071456493431467,0.01846,1800.0
2028.529388212476,0.0153280465404318,-0.0057199761520537,0.01846,1800.0
2028.6299624674657,0.0157928676638522,-0.0042771293265946,0.01846,1800.0
2028.7305398218969,0.0161152582313165,-0.0028451762239281,0.01846,1800.0
2028.8210578196386,0.0162908906743845,-0.0015315399705086,0.01846,1800.0
2028.9216354124883,0.0163669163669994,9.522590924793128e-06,0.01846,1800.0
2029.0231149428228,0.0163001875622664,0.0015877844653782,0.01846,1800.0
2029.1236844294408,0.0160939889653151,0.0030214364765466,0.01846,1800.0
2029.224234604154,0.0157576849063544,0.0044651865348627,0.01846,1800.0
2029.3276725046971,0.0152332261203326,0.0060094262670642,0.01846,1800.0
2029.4282696478704,0.0146109321985543,0.0073738885936308,0.01846,1800.0
2029.5288453333715,0.0138951013210051,0.008645961285561,0.01846,1800.0
2029.6293688052037,0.0130582100656446,0.0098640687772025,0.01846,1800.0
2029.7299452059606,0.0120924199864646,0.0110201697154891,0.01846,1800.0
2029.8305182688573,0.0110039511537978,0.012107156501495,0.01846,1800.0
2029.921027206693,0.0099521820385234,0.0129884414490173,0.01846,1800.0
2030.0215873949865,0.0088211514309071,0.013796946666196,0.01846,1800.0
2030.1221652262548,0.0079684739975938,0.0143030253922241,0.01846,1800.0
2030.2237351172307,0.0066587584102579,0.0149581682866166,0.01846,1800.0
2030.3242936365941,0.0052359517357635,0.0155257399648486,0.01846,1800.0
2030.4248666994908,0.003736118563388,0.0159369052546916,0.01846,1800.0
2030.5255215399602,0.0023160102118058,0.016205957397625,0.01846,1800.0
2030.6260886423925,0.0008223277476591,0.0163481801998221,0.01846,1800.0
2030.7291987173894,-0.000723598841961,0.0163519297234307,0.01846,1800.0
2030.8297686808446,-0.0019326124481841,0.0162534133224693,0.01846,1800.0
2030.9303241007665,-0.002872276842361,0.016123888753815,0.01846,1800.0
2031.020800852094,-0.003305,0.016051,0.01846,1800.0
2031.121319317136,-0.0033251824739329,0.0159963781728064,0.01846,1800.0
2031.2218377821782,-0.0038389321237486,0.0146050918280279,0.01846,1800.0
2031.3224015467504,-0.0062665783154482,0.0080302382820644,0.01846,1800.0
2031.4237106078008,-0.0089259060187125,0.0008279231547228,0.01846,1800.0
2031.5242684119085,-0.0101086650407218,-0.0023753449275462,0.01846,1800.0
2031.6248324148992,-0.010175,-0.0025549999999999,0.01846,1800.0
2031.7253954642156,-0.0103158611408005,-0.0018322031477622,0.01846,1800.0
2031.8259620898107,-0.0104494075952991,-0.0005781342246603,0.01846,1800.0
2031.9264893763402,-0.0104142592304049,0.000939720583636,0.01846,1800.0
2032.0270557635167,-0.0101644232214331,0.0024472610516457,0.01846,1800.0
2032.1276362173894,-0.0097242218349787,0.0038656640101991,0.01846,1800.0
2032.2281406157354,-0.009078664531567,0.0051991726175197,0.01846,1800.0
2032.3286025755742,-0.008259060232811,0.0064187794621367,0.01846,1800.0
2032.4291718237737,-0.0072705638702607,0.0075399327766579,0.01846,1800.0
2032.5202148192266,-0.0061767529021924,0.0084701945525712,0.01846,1800.0
2032.6207788222173,-0.0049119226912558,0.0092538518879178,0.01846,1800.0
2032.721316837583,-0.0035624355568719,0.0098529653831778,0.01846,1800.0
2032.8218856089452,-0.0021247019137011,0.0102368177843345,0.01846,1800.0
2032.9224608176091,-0.0006136876801273,0.0104466061826036,0.01846,1800.0
2033.023049616132,0.0009288106222577,0.0104151072885829,0.01846,1800.0
2033.123650335584,0.0023871830497508,0.0101809907826885,0.01846,1800.0
2033.224226021085,0.0038143915509432,0.009735911415689,0.01846,1800.0
2033.3247652285436,0.00520079032028,0.0090774061856056,0.01846,1800.0
2033.4253227942327,0.0064129161421736,0.0082593617754688,0.01846,1800.0
2033.5258953802922,0.0075443030656907,0.0072782502436067,0.01846,1800.0
2033.6264391177037,0.0085317974585598,0.0060747789144577,0.01846,1800.0
2033.7270043127874,0.0092803956639365,0.0048751204484506,0.01846,1800.0
2033.821380399976,0.009857858391178,0.0035513200691134,0.01846,1800.0
2033.9219587080815,0.0102500724096005,0.0020994604078818,0.01846,1800.0
2034.022512697492,0.010446816993916,0.0005737214894387,0.01846,1800.0
2034.1230814688543,0.0104237231332675,-0.000903353984604,0.01846,1800.0
2034.2236345045903,0.0101690604898399,-0.0024084291237532,0.01846,1800.0
2034.3241999380925,0.0097351087864151,-0.0038432187257052,0.01846,1800.0
2034.4247706168035,0.0090860666654301,-0.0051734909469028,0.01846,1800.0
2034.5253319971898,0.0082166880623772,-0.006462574799834,0.01846,1800.0
2034.6258921854833,0.0072225411724193,-0.0075909319945298,0.01846,1800.0
2034.7264766924718,0.00607440425285,-0.0085235861229585,0.01846,1800.0
2034.8270416491368,0.0047834673599665,-0.0093182064041659,0.01846,1800.0
2034.9276316397527,0.0034697409720733,-0.0098973709692049,0.01846,1800.0
2035.028185152326,0.0019657718222177,-0.0102938988975696,0.01846,1800.0
2035.128762506757,0.000483737296562,-0.0104593650336112,0.01846,1800.0
2035.223240398679,-0.000921955889262,-0.0104190731157405,0.01846,1800.0
2035.3238158457616,-0.002421451140688,-0.0101704776826606,0.01846,1800.0
2035.4243848555425,-0.0038475686339456,-0.0097266633815145,0.01846,1800.0
2035.524984144483,-0.005214074414104,-0.0090615294044689,0.01846,1800.0
2035.625573419843,-0.0064609040744027,-0.0082225457528305,0.01846,1800.0
2035.7261269324163,-0.0075298385842313,-0.0072590151140752,0.01846,1800.0
2035.8268492453435,-0.0085131910813124,-0.0060876546934083,0.01846,1800.0
2035.92741563252,-0.0093275444085501,-0.0047569667044702,0.01846,1800.0
2036.0279770129064,-0.0098945537958852,-0.0034791326152723,0.01846,1800.0
2036.1285522215703,-0.0101667141076773,-0.0025823038580294,0.01846,1800.0
2036.229131006513,-0.010175,-0.0025549999999999,0.01846,1800.0
2036.3296909563878,-0.0100405759159987,-0.0025895207410985,0.01846,1800.0
2036.4202125304082,-0.0056685443166997,-0.0037103877321846,0.01846,1800.0
2036.5207569830754,0.0013811220405944,-0.0055176437872514,0.01846,1800.0
2036.624083065305,0.0086065895403608,-0.0073699857742576,0.01846,1800.0
2036.7246487372258,0.0120968792081251,-0.0082647728818263,0.01846,1800.0
2036.8252144091466,0.0121329999999999,-0.0082739999999999,0.01846,1800.0
2036.9257912867406,0.012138295860164,-0.0082663097349745,0.01846,1800.0
2037.0263726942876,0.0122740447236588,-0.0080459248106136,0.01846,1800.0
2037.1269443266729,0.0129546390461608,-0.0068872562878702,0.01846,1800.0
2037.2275219195226,0.0135736310405231,-0.005572643654106,0.01846,1800.0
2037.328038477216,0.0140874232213071,-0.0041031201041804,0.01846,1800.0
2037.4286248915532,0.0144297868345569,-0.0026540201010467,0.01846,1800.0
2037.5291986697057,0.0146144673537518,-0.0013002253493347,0.01846,1800.0
2037.6297879450658,0.0146689453225082,-0.0001087108604759,0.01846,1800.0
2037.7203064196447,0.0146184941795153,0.0010875432580258,0.01846,1800.0
2037.8208759062627,0.0144380637329997,0.0025458492199488,0.01846,1800.0
2037.9214556448796,0.0140992985153882,0.0040135598466714,0.01846,1800.0
2038.0219776862004,0.0136134219364741,0.0054415512852532,0.01846,1800.0
2038.1225543253759,0.0129769215590627,0.0068300409154269,0.01846,1800.0
2038.2231240504125,0.0121746731784633,0.0081991774879591,0.01846,1800.0
2038.3327777617314,0.0111988504857157,0.0094762556470948,0.01846,1800.0
2038.4232866995671,0.0102898723971409,0.0104692035963908,0.01846,1800.0
2038.5238657229283,0.0095862713830452,0.0111106638702023,0.01846,1800.0
2038.6251425974706,0.0084101737758303,0.0120053586645423,0.01846,1800.0
2038.7257168524602,0.0071674632353707,0.0127941118915951,0.01846,1800.0
2038.8262531988958,0.0058041392645374,0.0134609516894926,0.01846,1800.0
2038.9268307917455,0.0043609378657968,0.0139956787517697,0.01846,1800.0
2039.027404569898,0.0028915672435746,0.0143701548290407,0.01846,1800.0
2039.1280045740941,0.0014076224077327,0.0145937829485536,0.01846,1800.0
2039.2285514109471,-6.094893770779153e-05,0.0146636342979459,0.01846,1800.0
2039.329122089658,-0.001513459332666,0.014583683216549,0.01846,1800.0
2039.4296946757177,-0.0030182932198537,0.0143536944632462,0.01846,1800.0
2039.5202138655523,-0.0043673251176943,0.0140141365787802,0.01846,1800.0
2039.6207878821233,-0.0052913941181641,0.0136879280249453,0.01846,1800.0
2039.727424883161,-0.0062650302499303,0.0132681595210669,0.01846,1800.0
2039.8280029528478,-0.0074884041681439,0.0126120480756889,0.01846,1800.0
2039.9285404913762,-0.0087445116827721,0.0117677574354393,0.01846,1800.0
2040.0291040175298,-0.0098889731559229,0.0108256683910538,0.01846,1800.0
2040.1296668284276,-0.0109700862570495,0.0097205207481763,0.01846,1800.0
2040.2201845877507,-0.0118351345249239,0.0086486086104321,0.01846,1800.0
2040.32074716023,-0.0126466393267517,0.0074208746468297,0.01846,1800.0
2040.4213128321508,-0.0133418605956114,0.0060863761258223,0.01846,1800.0
2040.5231621497014,-0.0139157691656948,0.0046427625361417,0.01846,1800.0
2040.6237278216222,-0.0143085558478282,0.0032359870910565,0.01846,1800.0
2040.724298023496,-0.0145865670453594,0.0016946923153921,0.01846,1800.0
2040.8248758547643,-0.0146710792907401,0.0002638968689596,0.01846,1800.0
2040.9254544012883,-0.0146162674489675,-0.0012921674228322,0.01846,1800.0
2041.026015066419,-0.0144086213891765,-0.0027353195341696,0.01846,1800.0
2041.1289513342717,-0.0140360670169494,-0.0042387807626763,0.01846,1800.0
2041.229479336057,-0.013511604321986,-0.0056782297416935,0.01846,1800.0
2041.3300585978368,-0.0128616630359594,-0.0070365561825844,0.01846,1800.0
2041.4205329649785,-0.0121662230391707,-0.0081792495765323,0.01846,1800.0
2041.5210991137365,-0.0112749986289582,-0.0093746593035963,0.01846,1800.0
2041.6218655341008,-0.0102623770554122,-0.0104787367356747,0.01846,1800.0
2041.7224374049047,-0.0091384520631055,-0.0114743355740395,0.01846,1800.0
2041.823000454221,-0.0078562139363591,-0.0124066029800936,0.01846,1800.0
2041.923560404096,-0.0065265538424177,-0.013145042869377,0.01846,1800.0
2042.0241227381566,-0.0052484312929425,-0.013705587742618,0.01846,1800.0
2042.1247019999364,-0.0042415381892753,-0.0140549308054576,0.01846,1800.0
2042.2252660029271,-0.00290326102312,-0.0143698760084335,0.01846,1800.0
2042.3258245222905,-0.0013930468819751,-0.0145973565498482,0.01846,1800.0
2042.4263899557927,0.000116578462507,-0.0146582567530905,0.01846,1800.0
2042.527234577451,0.001616884751632,-0.0145696878826249,0.01846,1800.0
2042.627800726209,0.0031309087891639,-0.0143233642531739,0.01846,1800.0
2042.7283671133855,0.0046241967016243,-0.0139155973462743,0.01846,1800.0
2042.8290279143193,0.0060141256611293,-0.0133751693937811,0.01846,1800.0
2042.9295850031713,0.0073208430132247,-0.0127097689112338,0.01846,1800.0
2043.0213058226445,0.008466493841256,-0.0119891409938551,0.01846,1800.0
2043.1229181521276,0.0096705193150196,-0.0110342735220995,0.01846,1800.0
2043.2234850161412,0.0107549308709954,-0.0099758570010548,0.01846,1800.0
2043.32403256825,0.0117182461913391,-0.0088195712327199,0.01846,1800.0
2043.4245429270604,0.0120624286810448,-0.0083710607436248,0.01846,1800.0
2043.525095724378,0.012133,-0.0082739999999999,0.01846,1800.0
2043.6256439917424,0.0109611829596957,-0.0080158978395888,0.01846,1800.0
2043.7262146704534,0.0059806525131339,-0.0069187314744135,0.01846,1800.0
2043.8267150156835,-0.0017304933514264,-0.0052199432489913,0.01846,1800.0
2043.9272914164403,-0.0082766408420006,-0.0037777652913414,0.01846,1800.0
2044.0278547041753,-0.0118159999999999,-0.002998,0.01846,1800.0
2044.128406786237,-0.0118228085220767,-0.0029638485016574,0.01846,1800.0
2044.2289738886693,-0.0120323742243261,-0.0019126684287575,0.01846,1800.0
2044.322508835111,-0.0121585810153373,-0.0005473571652901,0.01846,1800.0
2044.4230616324285,-0.0121396601376385,0.0009142845031281,0.01846,1800.0
2044.5236356489995,-0.0119221667135961,0.0024209351542851,0.01846,1800.0
2044.6242044203618,-0.0115323036363085,0.0038667318074695,0.01846,1800.0
2044.724766992841,-0.0109681360956234,0.0052340666504417,0.01846,1800.0
2044.8253383868077,-0.0102436641349914,0.0065608909241846,0.01846,1800.0
2044.9259171717504,-0.0093328181825638,0.007804579219927,0.01846,1800.0
2045.0264821284154,-0.0083033683938031,0.0089051751688688,0.01846,1800.0
2045.1270482771733,-0.00719189056318,0.0098244242497798,0.01846,1800.0
2045.2276201479772,-0.0059326660730279,0.0106311031658745,0.01846,1800.0
2045.3281848662236,-0.0045165548553745,0.0113113344631554,0.01846,1800.0
2045.4287514918187,-0.0031172384380078,0.0117762210112081,0.01846,1800.0
2045.5293057196477,-0.0015960719069982,0.0120753302458311,0.01846,1800.0
2045.619822286878,-0.0002544403602519,0.0121687652971331,0.01846,1800.0
2045.7238440745214,0.0013117591861826,0.0120899596172769,0.01846,1800.0
2045.8244040243962,0.0027610180011733,0.0118425451128512,0.01846,1800.0
2045.9249596827367,0.0041653202067695,0.0114215166240951,0.01846,1800.0
2046.025521063123,0.005552759004186,0.0108209854343278,0.01846,1800.0
2046.1260478728154,0.006873281402099,0.0100393322387298,0.01846,1800.0
2046.2265925639012,0.008079185230142,0.0090983956335604,0.01846,1800.0
2046.3271546595433,0.0091503200861253,0.0080260620493082,0.01846,1800.0
2046.4276948206762,0.0100434819374462,0.0068882897233322,0.01846,1800.0
2046.528242849622,0.0108204468233074,0.0056030039291991,0.01846,1800.0
2046.6288185351232,0.0114355215942899,0.0042047509391718,0.01846,1800.0
2046.7293853991368,0.0118565864495805,0.0027310218527657,0.01846,1800.0
2046.8198604815343,0.0120803978668704,0.0014065045062903,0.01846,1800.0
2046.9203667872289,0.0121548731075195,-0.000109697843876,0.01846,1800.0
2047.021112942014,0.0120521322570218,-0.0016312963796716,0.01846,1800.0
2047.1248605482915,0.0117523395518038,-0.0031308263398232,0.01846,1800.0
2047.2254111998418,0.0112832549530381,-0.0045477065631368,0.01846,1800.0
2047.3259368174413,0.0106338617314916,-0.0059162966227401,0.01846,1800.0
2047.4264908068517,0.0098398153799155,-0.007155388988808,0.01846,1800.0
2047.523110889707,0.0088981546650544,-0.0083102488121345,0.01846,1800.0
2047.6245615713933,0.0078676535249204,-0.0093052849292485,0.01846,1800.0
2047.725119375501,0.006655192165527,-0.0102054974451585,0.01846,1800.0
2047.8256759875158,0.0053717697274537,-0.010972252713168,0.01846,1800.0
2047.9262359373906,0.0039390733926205,-0.0115232395492285,0.01846,1800.0
2048.02680184773,0.0024708972002682,-0.0119064022814061,0.01846,1800.0
2048.1273591750005,0.0010030722648909,-0.0121206631721594,0.01846,1800.0
2048.2278826468328,-0.0005246670707988,-0.0121463312892908,0.01846,1800.0
2048.328443073545,-0.0020664207314123,-0.0119876661716034,0.01846,1800.0
2048.4289896719793,-0.0035332143987673,-0.0116413730851241,0.01846,1800.0
2048.5295274489263,-0.0049118393139748,-0.0111270554458233,0.01846,1800.0
2048.619956993375,-0.0061118147335698,-0.0105343218701307,0.01846,1800.0
2048.720523857389,-0.0073646382832094,-0.0097087098679327,0.01846,1800.0
2048.8212249510625,-0.0085199598194084,-0.0087163345763554,0.01846,1800.0
2048.9274194472173,-0.0095786719493207,-0.0075201066725113,0.01846,1800.0
2049.027975582395,-0.0104408411554441,-0.0062598361947924,0.01846,1800.0
2049.1285279028752,-0.0111108259330218,-0.004948686212998,0.01846,1800.0
2049.2290864222387,-0.0116224704483077,-0.0035898952780933,0.01846,1800.0
2049.3195920222142,-0.0118046055191643,-0.0030376587125189,0.01846,1800.0
2049.4201624625066,-0.0118159999999999,-0.002998,0.01846,1800.0
2049.520729564939,-0.0118159999999999,-0.002998,0.01846,0.0
