2801.579890832735,-0.0108609999999999,-0.0096713999999999,0.02982,0.0
2801.680493221117,-0.0108609436042791,-0.0096714358881859,0.02982,0.0
2801.7812181566487,-0.0108599206065959,-0.0096720868867116,0.02982,0.0
2801.881773338152,-0.010265832675227,-0.0100013123091449,0.02982,0.0
2801.9823278043996,-0.0094230549276597,-0.0104683307088764,0.02982,0.0
2802.082889661623,-0.0085808716448596,-0.0109349843358432,0.02982,0.0
2802.183454141451,-0.0077483532603844,-0.0113963420767055,0.02982,0.0
2802.2840131376515,-0.0069412745045488,-0.0118435865493919,0.02982,0.0
2802.3845373247395,-0.0061315461958121,-0.0122922745065409,0.02982,0.0
2802.486988410784,-0.0052737735644622,-0.0127675803072371,0.02982,0.0
2802.5875428770314,-0.0044320383854023,-0.0132339982275517,0.02982,0.0
2802.6782656763326,-0.0037011671578616,-0.0136389927214396,0.02982,0.0
2802.778827533556,-0.002995544377896,-0.0140300021720017,0.02982,0.0
2802.8785096262227,-0.0028799999999999,-0.0140939999999999,0.02982,0.0
2802.979537830187,-0.0026962130528118,-0.0141239769001239,0.02982,0.0
2803.080107316805,-0.0013855778238261,-0.01429276618145,0.02982,1800.0
2803.1806896780263,8.913666086070304e-05,-0.0143638557213907,0.02982,1800.0
2803.281231031252,0.0013003462231116,-0.0143139354922025,0.02982,1800.0
2803.3817542646657,0.0024136924646457,-0.0141674737971081,0.02982,1800.0
2803.482341632677,0.0037413210837031,-0.0138579520910144,0.02982,1800.0
2803.5829545114766,0.0051897884651453,-0.0133831689855132,0.02982,1800.0
2803.6835087393056,0.0065450457815,-0.0127827484168603,0.02982,1800.0
2803.7840534303914,0.0078567670303411,-0.0120206412492652,0.02982,1800.0
2803.8846336458455,0.009087691957776,-0.0111226861413764,0.02982,1800.0
2803.985197171999,0.0102157726505971,-0.0101077737184639,0.02982,1800.0
2804.085759267641,0.0111981530822845,-0.0090069134780697,0.02982,1800.0
2804.190358505083,0.0121464619904018,-0.007683397122743,0.02982,1800.0
2804.2808743570577,0.0127728749086803,-0.0065715558427265,0.02982,1800.0
2804.3814128492604,0.0134006604251415,-0.0051470834815325,0.02982,1800.0
2804.481949672533,0.0138588833593161,-0.0037338870874336,0.02982,1800.0
2804.5824769590627,0.0141710029180092,-0.0022859041633644,0.02982,1800.0
2804.6830261801015,0.0143365573938124,-0.0007850641602772,0.02982,1800.0
2804.7835808847676,0.0143390077514491,0.0007033833224472,0.02982,1800.0
2804.8841549013387,0.0141900839319563,0.0021903875381176,0.02982,1800.0
2804.9847217653523,0.0138825135790206,0.0036655516101005,0.02982,1800.0
2805.0852912519704,0.0134151970848372,0.0051395756013408,0.02982,1800.0
2805.1776171777974,0.0128757547068678,0.0063918306820951,0.02982,1800.0
2805.2781587694417,0.0121054959264575,0.0077403847227586,0.02982,1800.0
2805.3789702509175,0.0112060083975681,0.008981226533369,0.02982,1800.0
2805.479544505907,0.01025722454248,0.0100573358742085,0.02982,1800.0
2805.580116853548,0.0091254587757084,0.0110813341322991,0.02982,1800.0
2805.6806782339345,0.0079187137627506,0.0119708743574354,0.02982,1800.0
2805.781221971346,0.0066494555505121,0.0127249870274728,0.02982,1800.0
2805.881779537035,0.0052559701411104,0.0133551937192233,0.02982,1800.0
2805.9823657129537,0.0037931789093756,0.0138448755791403,0.02982,1800.0
2806.0829375837575,0.0024683879867532,0.0141613059854281,0.02982,1800.0
2806.183515176607,0.0014511583870753,0.0142997720885686,0.02982,1800.0
2806.284088716341,9.79633763201343e-05,0.0143668347822965,0.02982,1800.0
2806.384667262865,-0.0013883927397941,0.0143086175432189,0.02982,1800.0
2806.4852212522756,-0.0028514701036897,0.0140923993840559,0.02982,1800.0
2806.592104778124,-0.0044416472502804,0.0136641608295635,0.02982,1800.0
2806.682614192797,-0.0056566660007086,0.0132020579997227,0.02982,1800.0
2806.783182487322,-0.0069963570527052,0.0125292868058591,0.02982,1800.0
2806.8837534044515,-0.0083054307958425,0.0117083266424383,0.02982,1800.0
2806.984291419817,-0.0094714700112756,0.0107908867135412,0.02982,1800.0
2807.084855422808,-0.0105414660547944,0.0097388755594733,0.02982,1800.0
2807.1862736795674,-0.0115387020769628,0.0085474163269587,0.02982,1800.0
2807.2767873857747,-0.0122810308374925,0.0074607404934681,0.02982,1800.0
2807.377345905138,-0.0130069747694762,0.0061017558627315,0.02982,1800.0
2807.4779730890523,-0.0135948776800483,0.0046872485028542,0.02982,1800.0
2807.5785389993916,-0.0139877974919523,0.0032940073662927,0.02982,1800.0
2807.6791158769856,-0.0142555789288278,0.0017577640582889,0.02982,1800.0
2807.779684171511,-0.0143639434334248,0.0002965064337298,0.02982,1800.0
2807.880183801485,-0.014298622814863,-0.0012391775165294,0.02982,1800.0
2807.9812973593007,-0.014104848313527,-0.0026955048028845,0.02982,1800.0
2808.0818499181996,-0.0137503050419017,-0.0041164658481564,0.02982,1800.0
2808.1824246500264,-0.0132336100337539,-0.0055495275829538,0.02982,1800.0
2808.2829917524587,-0.0125846053258137,-0.0069245245471176,0.02982,1800.0
2808.3835471723805,-0.011790121986103,-0.0081935837209637,0.02982,1800.0
2808.484061584307,-0.0108620287058699,-0.0093924825627498,0.02982,1800.0
2808.576527938677,-0.0099055897766847,-0.0104232705862272,0.02982,1800.0
2808.677496776415,-0.0087129030209874,-0.0114305357458804,0.02982,1800.0
2808.778059587313,-0.0074764190432835,-0.0122720365378355,0.02982,1800.0
2808.8786297891866,-0.006207313305893,-0.0129533831644245,0.02982,1800.0
2808.97918663962,-0.0048123163287393,-0.013524758402946,0.02982,1800.0
2809.084851369692,-0.0033727282655562,-0.013962891656029,0.02982,1800.0
2809.185404882265,-0.0028942440491315,-0.0140905014616167,0.02982,1800.0
2809.285965308977,-0.0028799999999999,-0.0140939999999999,0.02982,1800.0
2809.3865250204335,-0.003569454141039,-0.012169978948087,0.02982,1800.0
2809.4770434950124,-0.0052577534583969,-0.0074583709824347,0.02982,1800.0
2809.577589378191,-0.0078797239021029,-0.0001408119349356,0.02982,1800.0
2809.679264173342,-0.0101372166129907,0.0061594860050318,0.02982,1800.0
2809.77983699782,-0.010409,0.006918,0.02982,1800.0
2809.8803893183003,-0.0104089228981959,0.0069181110196044,0.02982,1800.0
2809.980939254595,-0.0103694128560022,0.006975001896686,0.02982,1800.0
2810.081493959261,-0.009657423865006,0.0079018322075434,0.02982,1800.0
2810.1820517633687,-0.0086193590437596,0.0090041210727688,0.02982,1800.0
2810.2859295461903,-0.0074483490087277,0.0100017781847679,0.02982,1800.0
2810.38650046332,-0.0062039424339391,0.0108101441656945,0.02982,1800.0
2810.4770027254353,-0.0049810113929204,0.011421085076928,0.02982,1800.0
2810.5775726888905,-0.0035235884950188,0.0119558912980189,0.02982,1800.0
2810.6781428907643,-0.0020237499454446,0.0123073407096032,0.02982,1800.0
2810.778705224825,-0.0005506563378244,0.0124603893689184,0.02982,1800.0
2810.8792766187917,0.0009371337451193,0.0124399914853716,0.02982,1800.0
2810.9772375677358,0.0024273515212506,0.0122584170039687,0.02982,1800.0
2811.0778094385396,0.0038352560601932,0.0118810993356217,0.02982,1800.0
2811.178374633623,0.0052538214686672,0.0113065094124161,0.02982,1800.0
2811.2789660547505,0.0065784342983272,0.0106014501501082,0.02982,1800.0
2811.379500732256,0.0077670867571783,0.0097560556148899,0.02982,1800.0
2811.477289542986,0.0088708361326269,0.0087442666381943,0.02982,1800.0
2811.5778461550008,0.0098895403798265,0.0075928530015459,0.02982,1800.0
2811.6787663553487,0.0107127327130644,0.0063822017984122,0.02982,1800.0
2811.779282913042,0.0113873111109583,0.005056679292124,0.02982,1800.0
2811.8798504923116,0.0119431110239347,0.0035997334395078,0.02982,1800.0
2811.980409011675,0.0122915130391196,0.002185402434298,0.02982,1800.0
2812.0809684847127,0.0124569387873965,0.0007214810552277,0.02982,1800.0
2812.1817985628377,0.0124554923381997,-0.0008375455621747,0.02982,1800.0
2812.282379255129,0.0122696726260614,-0.0023438155207147,0.02982,1800.0
2812.3829513643514,0.0119018009739965,-0.0037463734703034,0.02982,1800.0
2812.483520612551,0.0113509084620123,-0.0051547229117028,0.02982,1800.0
2812.584097966982,0.0106249395059736,-0.0065275153709574,0.02982,1800.0
2812.684666261507,0.0097432094479316,-0.0077717721333266,0.02982,1800.0
2812.7860106085072,0.0087357409612296,-0.0088875114175275,0.02982,1800.0
2812.8765085790883,0.0077153429662698,-0.0097825510468892,0.02982,1800.0
2812.9770580385457,0.0064740086069593,-0.0106614562543445,0.02982,1800.0
2813.077618226839,0.0051694315156626,-0.0113479168471853,0.02982,1800.0
2813.178169116808,0.0037435286508897,-0.0119076027377301,0.02982,1800.0
2813.278738603426,0.0023160350052007,-0.0122759173165404,0.02982,1800.0
2813.380436048342,0.0007857560318245,-0.0124563335991758,0.02982,1800.0
2813.4809990976582,-0.000680928413119,-0.0124592025750695,0.02982,1800.0
2813.581557378603,-0.0021995283528552,-0.012272220660384,0.02982,1800.0
2813.678660735918,-0.0035864829069901,-0.0119441724184615,0.02982,1800.0
2813.7792306993733,-0.0050143390179278,-0.0114079091538308,0.02982,1800.0
2813.879803285433,-0.0063666125146215,-0.0107158302213217,0.02982,1800.0
2813.980358705355,-0.0075884001664332,-0.0098922918629904,0.02982,1800.0
2814.080887183977,-0.0087013937582731,-0.0089186060226443,0.02982,1800.0
2814.181447133852,-0.0097202460014843,-0.0078061470906979,0.02982,1800.0
2814.282001838518,-0.0106016814119647,-0.0065765159106266,0.02982,1800.0
2814.3825672720204,-0.0113422876599208,-0.0051898387696447,0.02982,1800.0
2814.486282453371,-0.0119156057651231,-0.0037248011916332,0.02982,1800.0
2814.5767961595784,-0.0122376449920336,-0.0024333921637194,0.02982,1800.0
2814.679046020342,-0.0124333203122068,-0.0009653535707006,0.02982,1800.0
2814.7795649622212,-0.0124587094105203,0.0005227372890209,0.02982,1800.0
2814.8801308725606,-0.0122983495289315,0.0020568290558545,0.02982,1800.0
2814.9803980444203,-0.0119550071551022,0.0035183642168849,0.02982,1800.0
2815.0810018633138,-0.0114608951029288,0.0049492324059136,0.02982,1800.0
2815.182281122042,-0.0108401058635683,0.0062266152850021,0.02982,1800.0
2815.282835111452,-0.0104192118230913,0.0069010236571538,0.02982,1800.0
2815.383393392397,-0.010409,0.006918,0.02982,1800.0
2815.483999833895,-0.010409,0.006918,0.02982,0.0
