2834.2067545707678,-0.010409,-0.0086754,0.03053,0.0
2834.3072732742285,-0.0104000119618774,-0.0086440413491873,0.03053,0.0
2834.407830124662,-0.0103073012324049,-0.0083205799494398,0.03053,0.0
2834.5093973930334,-0.0096765980872229,-0.0061198885305581,0.03053,0.0
2834.6099814231848,-0.0090446619341099,-0.0039151900601004,0.03053,0.0
2834.7128745372747,-0.0083661678563453,-0.0015480752830115,0.03053,0.0
2834.813448553846,-0.0077345163546317,0.0006555625208028,0.03053,0.0
2834.914027577207,-0.0071034695388932,0.0028573394156717,0.03053,0.0
2835.014595394895,-0.0064611224199536,0.0050983816135021,0.03053,0.0
2835.115163212583,-0.0058078779671019,0.0073773779165352,0.03053,0.0
2835.2157188709234,-0.005156482649636,0.009650001476768,0.03053,0.0
2835.3162850196813,-0.0045221768710354,0.0118629488329231,0.03053,0.0
2835.4067834670996,-0.004033771266155,0.0135668813404476,0.03053,0.0
2835.5073429401373,-0.0039789999999999,0.0137579999999999,0.03053,0.0
2835.609134321973,-0.0041552142017005,0.0136990261552763,0.03053,0.0
2835.7096973712896,-0.0054375322038325,0.0132227711981086,0.03053,1800.0
2835.810601359174,-0.0067767579983149,0.0125940744352076,0.03053,1800.0
2835.9111512954687,-0.0080427695790083,0.0118133719516028,0.03053,1800.0
2836.0137268360113,-0.0092530760208601,0.0108918307255566,0.03053,1800.0
2836.1142453010534,-0.0103368440353592,0.009864700122796,0.03053,1800.0
2836.2148062046026,-0.0113154605083203,0.0087244130198786,0.03053,1800.0
2836.3153644855474,-0.0121795054277665,0.0074828197311371,0.03053,1800.0
2836.415923481748,-0.0128990384881749,0.0061633109952953,0.03053,1800.0
2836.5064257438635,-0.0134213700203473,0.0049446361078226,0.03053,1800.0
2836.607007866666,-0.0138735862043161,0.0035055870312615,0.03053,1800.0
2836.7090529258703,-0.0141694525780418,0.0019521126676712,0.03053,1800.0
2836.80958855705,-0.0142992778798163,0.0004294599593699,0.03053,1800.0
2836.9101675804113,-0.0142580610475262,-0.0010759385236411,0.03053,1800.0
2837.0107189472174,-0.0140580035353851,-0.0025746401097863,0.03053,1800.0
2837.1112839038824,-0.0137234046503536,-0.0040099368603141,0.03053,1800.0
2837.2118550594305,-0.0132273951883383,-0.0054082239937719,0.03053,1800.0
2837.3124359901403,-0.0125710431260891,-0.0067952079895728,0.03053,1800.0
2837.413007384107,-0.011783031195071,-0.0080959619443845,0.03053,1800.0
2837.513581400678,-0.0108866484860246,-0.0092579416122637,0.03053,1800.0
2837.6141551788305,-0.0098748982799203,-0.0103419963325801,0.03053,1800.0
2837.713414316938,-0.008754148341777,-0.0113119425165779,0.03053,1800.0
2837.813971167371,-0.0074886090848383,-0.012187543753491,0.03053,1800.0
2837.914558296964,-0.0061978862075741,-0.0129050811698233,0.03053,1800.0
2838.015127783582,-0.0047868559779309,-0.0134806727184618,0.03053,1800.0
2838.1156953628515,-0.0033173090908347,-0.0139107757555326,0.03053,1800.0
2838.2062150295233,-0.0020116662946444,-0.0141479916501375,0.03053,1800.0
2838.306785231397,-0.0005172772462098,-0.0142785464019275,0.03053,1800.0
2838.4073141868566,0.000982444883732,-0.0142604636528071,0.03053,1800.0
2838.508782511518,0.0024832472156762,-0.0140744168978296,0.03053,1800.0
2838.6093596275305,0.0039641213331552,-0.0137334865302048,0.03053,1800.0
2838.709936743543,0.0053942963425439,-0.0132368093617688,0.03053,1800.0
2838.810488110349,0.0068207144931087,-0.0125676127352986,0.03053,1800.0
2838.911047344968,0.0080896380868936,-0.0117997186712142,0.03053,1800.0
2839.011614685819,0.0092276362710623,-0.0109404625622195,0.03053,1800.0
2839.115503674314,0.0103598901307875,-0.0098668568871509,0.03053,1800.0
2839.21610200958,0.0113809836685381,-0.0086707165851416,0.03053,1800.0
2839.3066133316015,0.0121451542967843,-0.0075338624744633,0.03053,1800.0
2839.4071964080786,0.012852474524967,-0.0062567478467871,0.03053,1800.0
2839.507882481382,0.0134238553937058,-0.0048863628902113,0.03053,1800.0
2839.6084588821386,0.0138780175169389,-0.0034118390170742,0.03053,1800.0
2839.709127312467,0.014164148817283,-0.001924283953409,0.03053,1800.0
2839.809688931272,0.0142855926129837,-0.0004627280566217,0.03053,1800.0
2839.910272484586,0.0142575332924605,0.0010684793343024,0.03053,1800.0
2840.0108333881353,0.0140772636382836,0.0025370061332098,0.03053,1800.0
2840.1114248092626,0.0137258102187539,0.0040235551461562,0.03053,1800.0
2840.2120086009954,0.0132474491722367,0.0054166106002195,0.03053,1800.0
2840.312547093198,0.0125912130734156,0.0067797830435594,0.03053,1800.0
2840.413071280286,0.0117735068200537,0.0081115361702127,0.03053,1800.0
2840.5184634979223,0.0108273808594429,0.0093428894893818,0.03053,1800.0
2840.608963852689,0.0099037915841789,0.0102998644438427,0.03053,1800.0
2840.709536915586,0.0087380718711443,0.0113074236757195,0.03053,1800.0
2840.8100999649023,0.0074830363750661,0.0121788902818318,0.03053,1800.0
2840.910675888822,0.0061687598842233,0.0128889295038507,0.03053,1800.0
2841.0112007911657,0.0047595176063044,0.0134767917252008,0.03053,1800.0
2841.1117516811346,0.0033215149610442,0.013911461728382,0.03053,1800.0
2841.2125097568487,0.0018766104422766,0.0141776724455333,0.03053,1800.0
2841.3130770976995,0.0003784473790901,0.014308392780991,0.03053,1800.0
2841.4136754329656,-0.0011742645438192,0.0142582336522379,0.03053,1800.0
2841.514239197538,-0.0026285002277809,0.0140666074603296,0.03053,1800.0
2841.6148055847143,-0.0037193432820996,0.0138206462916858,0.03053,1800.0
2841.715384369657,-0.0039789999999999,0.0137579999999999,0.03053,1800.0
2841.815957909391,-0.0039840963179795,0.0137529036820204,0.03053,1800.0
2841.913752919004,-0.006463044174389,0.0112493157376195,0.03053,1800.0
2842.0143214519476,-0.0091482390385504,0.0085373871002955,0.03053,1800.0
2842.114884978101,-0.0097119999999999,0.0079679999999999,0.03053,1800.0
2842.206256037519,-0.0097068830851849,0.0079736592606249,0.03053,1800.0
2842.30683339195,-0.0095129023221229,0.0081786150218581,0.03053,1800.0
2842.4109441097235,-0.0085037101092906,0.0092213447302623,0.03053,1800.0
2842.5115205104803,-0.0073331329411916,0.0101789797715146,0.03053,1800.0
2842.6120854671453,-0.006078005005591,0.0109867116008371,0.03053,1800.0
2842.7126542385076,-0.0047597609758029,0.0116049221271031,0.03053,1800.0
2842.813218956754,-0.0032843828135034,0.0120880860317399,0.03053,1800.0
2842.9137934501623,-0.001819472119209,0.0124022107415556,0.03053,1800.0
2843.0143345649694,-0.0003355337530621,0.0125224269750591,0.03053,1800.0
2843.11489856796,0.0011799617560481,0.0124696245449878,0.03053,1800.0
2843.215441590116,0.0026724482935406,0.012237750078576,0.03053,1800.0
2843.3160153682684,0.0041175797041425,0.0118356369187322,0.03053,1800.0
2843.406488781736,0.0053759332891458,0.0113254147534492,0.03053,1800.0
2843.507056361005,0.0066787331003737,0.010611092251108,0.03053,1800.0
2843.607639675901,0.0078927784019787,0.0097677874758366,0.03053,1800.0
2843.708974486158,0.0090116274688737,0.0087238798403485,0.03053,1800.0
2843.8095463569616,0.0100027467505671,0.0075525705664253,0.03053,1800.0
2843.911124592588,0.0108514273826119,0.0062889785471119,0.03053,1800.0
2844.011694556043,0.0115114513084557,0.0049497740925426,0.03053,1800.0
2844.1122614200567,0.0120109471495773,0.0035451634950561,0.03053,1800.0
2844.2128332908605,0.0123532327713641,0.0021061007195239,0.03053,1800.0
2844.3134011085485,0.0125052364493437,0.0006171755893455,0.03053,1800.0
2844.4140237625097,0.0124949768243227,-0.0009041746874631,0.03053,1800.0
2844.5146008785223,0.0122889164967088,-0.0024299318778042,0.03053,1800.0
2844.615171080396,0.0119135338225265,-0.0039100185074773,0.03053,1800.0
2844.715756541059,0.0113768899560873,-0.0052638220046521,0.03053,1800.0
2844.806274300382,0.0107155761946046,-0.0065235238016598,0.03053,1800.0
2844.9068294818853,0.0098683778529738,-0.0077511093093042,0.03053,1800.0
2845.0074182804083,0.0088785489400848,-0.0088490708194196,0.03053,1800.0
2845.108000880048,0.0077248942089283,-0.0098620951020411,0.03053,1800.0
2845.213520174787,0.0064227145539727,-0.0107644623468711,0.03053,1800.0
2845.3140469844793,0.0051407595295472,-0.0114316539151464,0.03053,1800.0
2845.4146028812384,0.0037433928875144,-0.0119477842762134,0.03053,1800.0
2845.5151768978094,0.0022697548793069,-0.0123212282161489,0.03053,1800.0
2845.6157409008,0.0007849692731155,-0.0125085410403635,0.03053,1800.0
2845.706271296308,-0.0005645361780683,-0.0125211336763351,0.03053,1800.0
2845.806832915113,-0.0020846751527488,-0.0123606993067815,0.03053,1800.0
2845.9074038322424,-0.0035175679623951,-0.0120510588782891,0.03053,1800.0
2846.007971173093,-0.0050153155850444,-0.0115047823904849,0.03053,1800.0
2846.109343415067,-0.006331225395067,-0.0108266798372919,0.03053,1800.0
2846.2099086101507,-0.0075543312937315,-0.0100045181476065,0.03053,1800.0
2846.310476904676,-0.008730769515443,-0.0089902935856615,0.03053,1800.0
2846.41550362663,-0.0097528519492212,-0.0077987429087275,0.03053,1800.0
2846.516075497434,-0.0106417697300201,-0.0065673762566407,0.03053,1800.0
2846.6065872962927,-0.0113075878010383,-0.0054225496628074,0.03053,1800.0
2846.707150345609,-0.0118507675748623,-0.0040530197179515,0.03053,1800.0
2846.807710295484,-0.0122668255750476,-0.0025619289305675,0.03053,1800.0
2846.908568030164,-0.0124916171738621,-0.001081107315776,0.03053,1800.0
2847.0091248805975,-0.0125362524654657,0.0003610845625143,0.03053,1800.0
2847.1096738632177,-0.012395589612312,0.00194185017133,0.03053,1800.0
2847.210491305158,-0.0120854615472341,0.0033920961706507,0.03053,1800.0
2847.311029082105,-0.0115709974398992,0.0048432033261567,0.03053,1800.0
2847.4115899856542,-0.0108980881231308,0.006185390187168,0.03053,1800.0
2847.512167101667,-0.0100936127623928,0.0074296650931682,0.03053,1800.0
2847.606661444471,-0.0097716439833199,0.0078877877324592,0.03053,1800.0
2847.7072509582495,-0.0097119999999999,0.0079679999999999,0.03053,1800.0
2847.8078061397528,-0.0097119999999999,0.0079679999999999,0.03053,0.0
