7560.699187517166,0.014378000000000002,-0.007043999999999995,0.02059,1800.0
7560.799175977707,0.014378000000000002,-0.007043999999999995,0.02059,1800.0
7560.899173498154,0.014804200000000003,-0.006090099999999987,0.02059,1800.0
7560.999172210693,0.01539299999999999,-0.004390500000000019,0.02059,1800.0
7561.099178552628,0.015723,-0.002989599999999981,0.02059,1800.0
7561.199164867401,0.015954400000000007,-0.0013264999999999527,0.02059,1800.0
7561.299201726913,0.01599529999999999,0.00047160000000001645,0.02059,1800.0
7561.39918923378,0.015889600000000004,0.0019067999999999863,0.02059,1800.0
7561.499157905579,0.015889600000000004,0.0019067999999999863,0.02059,1800.0
7561.599207639694,0.015609600000000001,0.0035622000000000154,0.02059,1800.0
7561.699140548706,0.0151453,0.005175900000000011,0.02059,1800.0
7561.7991733551025,0.014523999999999995,0.006735800000000014,0.02059,1800.0
7561.899185180664,0.013736100000000001,0.008218500000000017,0.02059,1800.0
7561.9991891384125,0.012869900000000004,0.009514999999999996,0.02059,1800.0
7562.099177122116,0.011806000000000011,0.010813799999999985,0.02059,1800.0
7562.199600219727,0.010692900000000005,0.011905600000000016,0.02059,1800.0
7562.29915189743,0.009483699999999998,0.012889500000000054,0.02059,1800.0
7562.399188041687,0.007980600000000004,0.013876999999999973,0.02059,1800.0
7562.499112606049,0.0065911000000000025,0.014584399999999997,0.02059,1800.0
7562.599205255508,0.005028699999999997,0.015199300000000027,0.02059,1800.0
7562.699220657349,0.005028699999999997,0.015199300000000027,0.02059,1800.0
7562.799175262451,0.0035260000000000014,0.015615300000000054,0.02059,1800.0
7562.899196863174,0.0018706,0.015896699999999986,0.02059,1800.0
7562.99918794632,0.00019529999999999548,0.01600700000000005,0.02059,1800.0
7563.09922003746,-0.0011459000000000052,0.015966199999999986,0.02059,1800.0
7563.1992247104645,-0.0022495000000000015,0.015847500000000014,0.02059,1800.0
7563.299221754074,-0.004012899999999986,0.015492100000000009,0.02059,1800.0
7563.399210691452,-0.005389900000000003,0.015073800000000026,0.02059,1800.0
7563.4992072582245,-0.007045599999999999,0.01437109999999997,0.02059,1800.0
7563.5992176532745,-0.008411499999999988,0.013619199999999998,0.02059,1800.0
7563.699213504791,-0.009793499999999997,0.012665499999999996,0.02059,1800.0
7563.799241781235,-0.009793499999999997,0.012665499999999996,0.02059,1800.0
7563.899166107178,-0.010975899999999997,0.011649100000000023,0.02059,1800.0
7563.999181509018,-0.012140700000000004,0.010439600000000049,0.02059,1800.0
7564.099169254303,-0.013228900000000002,0.00900709999999999,0.02059,1800.0
7564.199240207672,-0.013983399999999993,0.007781700000000058,0.02059,1800.0
7564.2991943359375,-0.014728699999999997,0.006277200000000038,0.02059,1800.0
7564.399190187454,-0.015085600000000005,0.005355300000000063,0.02059,1800.0
7564.49919128418,-0.015523499999999996,0.003918199999999983,0.02059,1800.0
7564.59916305542,-0.015843300000000005,0.0022697999999999885,0.02059,1800.0
7564.699100971222,-0.0159985,0.0005979999999999874,0.02059,1800.0
7564.799154758453,-0.015979099999999996,-0.0009610999999999925,0.02059,1800.0
7564.899154663086,-0.015789300000000006,-0.0026294999999999513,0.02059,1800.0
7564.9991710186005,-0.015789300000000006,-0.0026294999999999513,0.02059,1800.0
7565.0991678237915,-0.015427999999999997,-0.004268999999999967,0.02059,1800.0
7565.199178218842,-0.015019199999999996,-0.005530999999999953,0.02059,1800.0
7565.299143314362,-0.014575499999999991,-0.006607499999999988,0.02059,1800.0
7565.399185657501,-0.013803800000000005,-0.008098499999999953,0.02059,1800.0
7565.499183654785,-0.013016300000000008,-0.009319299999999975,0.02059,1800.0
7565.599192380905,-0.011990899999999999,-0.010604200000000008,0.02059,1800.0
7565.6991856098175,-0.010814299999999999,-0.011802099999999982,0.02059,1800.0
7565.79919219017,-0.009616699999999992,-0.012800599999999995,0.02059,1800.0
7565.899183034897,-0.008220400000000003,-0.013733200000000001,0.02059,1800.0
7565.9991364479065,-0.006846599999999994,-0.014470499999999997,0.02059,1800.0
7566.0991632938385,-0.0052928,-0.0151443,0.02059,1800.0
7566.199183702469,-0.0052928,-0.0151443,0.02059,1800.0
7566.299186468124,-0.0036802000000000085,-0.01557320000000001,0.02059,1800.0
7566.399188518524,-0.0021483999999999948,-0.015864099999999992,0.02059,1800.0
7566.49918794632,-0.001051300000000005,-0.015973899999999985,0.02059,1800.0
7566.599188566208,0.00041720000000000645,-0.016006699999999985,0.02059,1800.0
7566.699154615402,0.002090600000000012,-0.015867999999999938,0.02059,1800.0
7566.799188613892,0.003742399999999993,-0.015566499999999983,0.02059,1800.0
7566.899166107178,0.005238199999999998,-0.015126199999999979,0.02059,1800.0
7566.999188184738,0.00679310000000001,-0.014492800000000028,0.02059,1800.0
7567.0991888046265,0.008173300000000008,-0.013767399999999985,0.02059,1800.0
7567.199184656143,0.009565099999999993,-0.012828200000000012,0.02059,1800.0
7567.299119949341,0.009565099999999993,-0.012828200000000012,0.02059,1800.0
7567.39918088913,0.010859000000000008,-0.011758500000000005,0.02059,1800.0
7567.499186515808,0.01203209999999999,-0.010557699999999948,0.02059,1800.0
7567.599192142487,0.013000200000000003,-0.009335499999999997,0.02059,1800.0
7567.699155330658,0.013910199999999998,-0.007924500000000001,0.02059,1800.0
7567.799155950546,0.014378000000000002,-0.007043999999999995,0.02059,1800.0
7567.899141788483,0.014378000000000002,-0.007043999999999995,0.02059,1800.0
7567.999072551727,0.013701199999999997,-0.006885599999999992,0.02059,0.0
7568.099153757095,0.006233600000000006,-0.0051371000000000056,0.02059,0.0
7568.5991196632385,-0.010812000000000002,-0.0011459999999999804,0.02059,0.0
7568.699150800705,-0.01081399999999999,-0.0011117999999999961,0.02059,1800.0
7568.799155950546,-0.010860000000000009,0.00025330000000001185,0.02059,1800.0
7568.8991866111755,-0.01068920000000001,0.0019223000000000434,0.02059,1800.0
7568.999173164368,-0.010271000000000002,0.0035470000000000224,0.02059,1800.0
7569.099186420441,-0.009658099999999989,0.004980100000000043,0.02059,1800.0
7569.199120521545,-0.008771399999999999,0.006404700000000041,0.02059,1800.0
7569.299161911011,-0.0076888999999999985,0.007687100000000002,0.02059,1800.0
7569.399718999863,-0.006503999999999996,0.00869960000000003,0.02059,1800.0
7569.499168872833,-0.005087300000000003,0.009598800000000018,0.02059,1800.0
7569.599189519882,-0.0035493999999999942,0.010270100000000004,0.02059,1800.0
7569.699184179306,-0.0035493999999999942,0.010270100000000004,0.02059,1800.0
7569.799186229706,-0.0019247000000000014,0.010688699999999995,0.02059,1800.0
7569.8991487026215,-0.00037559999999998983,0.01085400000000003,0.02059,1800.0
7569.999179363251,0.001300599999999999,0.01078870000000004,0.02059,1800.0
7570.099189996719,0.002945199999999995,0.010455000000000048,0.02059,1800.0
7570.199172496796,0.004411999999999999,0.009928800000000015,0.02059,1800.0
7570.299156665802,0.005891000000000007,0.009135300000000013,0.02059,1800.0
7570.399176597595,0.007219900000000001,0.008110800000000029,0.02059,1800.0
7570.699166536331,0.0100431,0.004136300000000037,0.02059,1800.0
7570.799175739288,0.0100431,0.004136300000000037,0.02059,1800.0
7570.899191617966,0.01056370000000001,0.0025412000000000212,0.02059,1800.0
7570.9991755485535,0.01081979999999999,0.0010042000000000106,0.02059,1800.0
7571.099334716797,0.010838199999999992,-0.0006735999999999964,0.02059,1800.0
7571.1991901397705,0.01061469999999999,-0.0023364000000000162,0.02059,1800.0
7571.2991778850555,0.010169400000000009,-0.0038303000000000087,0.02059,1800.0
7571.399174213409,0.009454500000000005,-0.005348499999999978,0.02059,1800.0
7571.499177694321,0.008593600000000007,-0.006647499999999973,0.02059,1800.0
7571.599176645279,0.007466,-0.007889299999999988,0.02059,1800.0
7571.69918847084,0.006063600000000002,-0.00901379999999996,0.02059,1800.0
7571.7990934848785,0.0048214999999999925,-0.00973959999999996,0.02059,1800.0
7571.899120330811,0.0032633999999999996,-0.010363199999999961,0.02059,1800.0
7571.999187707901,0.0032633999999999996,-0.010363199999999961,0.02059,1800.0
7572.099187850952,0.0016280999999999934,-0.010739099999999946,0.02059,1800.0
7572.199190378189,7.500000000000562e-05,-0.010868500000000003,0.02059,1800.0
7572.299087762833,-0.001598199999999994,-0.010743999999999976,0.02059,1800.0
7572.399148225784,-0.0032342999999999955,-0.01037159999999998,0.02059,1800.0
7572.499158859253,-0.0047941000000000095,-0.009752499999999942,0.02059,1800.0
7572.599191188812,-0.006136799999999998,-0.00896180000000002,0.02059,1800.0
7572.699173927307,-0.007443599999999995,-0.00790970000000002,0.02059,1800.0
7572.7991762161255,-0.008575700000000006,-0.006671899999999953,0.02059,1800.0
7572.899189949036,-0.009439900000000001,-0.0053751000000000215,0.02059,1800.0
7572.999185085297,-0.010158399999999998,-0.003858499999999987,0.02059,1800.0
7573.099134683609,-0.010607400000000003,-0.0023658999999999764,0.02059,1800.0
7573.199189424515,-0.010607400000000003,-0.0023658999999999764,0.02059,1800.0
7573.2991580963135,-0.010812000000000002,-0.0011459999999999804,0.02059,1800.0
7573.3991684913635,-0.010812000000000002,-0.0011459999999999804,0.02059,1800.0
7573.499175071716,-0.010607599999999995,-0.0007023999999999919,0.02059,0.0
7573.599177598953,-0.0074626,0.006123600000000007,0.02059,0.0
7573.799110889435,-0.00394499999999999,0.013757999999999992,0.02059,0.0
7573.89916062355,-0.00394499999999999,0.013757999999999992,0.02059,1800.0
7573.999167919159,-0.004076200000000002,0.013715299999999986,0.02059,1800.0
7574.099191427231,-0.005483399999999999,0.013211399999999984,0.02059,1800.0
7574.199177026749,-0.006995899999999999,0.012483100000000025,0.02059,1800.0
7574.2991733551025,-0.006995899999999999,0.012483100000000025,0.02059,1800.0
7574.399165630341,-0.008409299999999995,0.011576600000000048,0.02059,1800.0
7574.499186992645,-0.009705599999999995,0.01051000000000002,0.02059,1800.0
7574.599189519882,-0.010794100000000001,0.009393700000000005,0.02059,1800.0
7574.699182271957,-0.011882799999999999,0.007962100000000027,0.02059,1800.0
7574.799170970917,-0.012684899999999999,0.006625200000000053,0.02059,1800.0
7574.899170875549,-0.013322399999999998,0.005202399999999996,0.02059,1800.0
7574.999140501022,-0.013850000000000001,0.0036085000000000145,0.02059,1800.0
7575.099150180817,-0.014153399999999997,0.0020791000000000004,0.02059,1800.0
7575.199169635773,-0.014304400000000009,0.0004070999999999936,0.02059,1800.0
7575.29917383194,-0.014251,-0.001271100000000025,0.02059,1800.0
7575.399169206619,-0.014028100000000002,-0.002814099999999986,0.02059,1800.0
7575.499171495438,-0.014028100000000002,-0.002814099999999986,0.02059,1800.0
7575.599191427231,-0.013565300000000002,-0.004552299999999954,0.02059,1800.0
7575.699151515961,-0.0129827,-0.005998100000000006,0.02059,1800.0
7575.799124717712,-0.012196899999999997,-0.0074812999999999685,0.02059,1800.0
7575.899178266525,-0.011397900000000002,-0.00864539999999997,0.02059,1800.0
7575.999208211899,-0.010309299999999993,-0.009923300000000024,0.02059,1800.0
7576.099531173706,-0.009166500000000008,-0.010983799999999988,0.02059,1800.0
7576.199199676514,-0.007818699999999998,-0.01198490000000002,0.02059,1800.0
7576.299124956131,-0.006359100000000006,-0.012814299999999945,0.02059,1800.0
7576.399188756943,-0.0048153999999999975,-0.013473899999999983,0.02059,1800.0
7576.499191999435,-0.0033190999999999915,-0.013911199999999957,0.02059,1800.0
7576.599173069,-0.0033190999999999915,-0.013911199999999957,0.02059,1800.0
7576.699124574661,-0.0021174999999999944,-0.014146099999999995,0.02059,1800.0
7576.799175024033,-0.0009112000000000009,-0.0142795,0.02059,1800.0
7576.8991866111755,0.0007675999999999933,-0.01428560000000001,0.02059,1800.0
7576.999140024185,0.0024363000000000024,-0.01410049999999996,0.02059,1800.0
7577.099192857742,0.004070599999999994,-0.013716300000000015,0.02059,1800.0
7577.199191331863,0.005539100000000005,-0.013192899999999952,0.02059,1800.0
7577.299189329147,0.007045499999999996,-0.012451400000000001,0.02059,1800.0
7577.3991804122925,0.008453299999999997,-0.011537400000000031,0.02059,1800.0
7577.499189376831,0.009659399999999999,-0.010549799999999943,0.02059,1800.0
7577.599189996719,0.010830000000000006,-0.009346999999999994,0.02059,1800.0
7577.699145793915,0.011852699999999994,-0.008015599999999956,0.02059,1800.0
7577.799185037613,0.011852699999999994,-0.008015599999999956,0.02059,1800.0
7577.899191617966,0.012707700000000002,-0.006570799999999988,0.02059,1800.0
7577.999182224274,0.013349699999999992,-0.005150099999999991,0.02059,1800.0
7578.099190235138,0.013887999999999998,-0.0034338999999999342,0.02059,1800.0
7578.199173927307,0.014164499999999997,-0.0020216000000000123,0.02059,1800.0
7578.299175739288,0.014298900000000003,-0.00034810000000001784,0.02059,1800.0
7578.399173736572,0.014243400000000003,0.0013293000000000332,0.02059,1800.0
7578.499175310135,0.01399220000000001,0.0029892999999999725,0.02059,1800.0
7578.599172830582,0.013582500000000011,0.004493399999999981,0.02059,1800.0
7578.699168682098,0.01296570000000001,0.0060551000000000355,0.02059,1800.0
7578.799173593521,0.012162800000000001,0.007529500000000022,0.02059,1800.0
7578.899174213409,0.0112762,0.00881190000000004,0.02059,1800.0
7578.999150276184,0.0112762,0.00881190000000004,0.02059,1800.0
7579.099186897278,0.010077000000000003,0.010152600000000067,0.02059,1800.0
7579.199171066284,0.0090094,0.011117700000000008,0.02059,1800.0
7579.299184322357,0.007641100000000012,0.012090600000000007,0.02059,1800.0
7579.399192094803,0.006064899999999998,0.01295590000000002,0.02059,1800.0
7579.499175310135,0.004732800000000009,0.013500599999999974,0.02059,1800.0
7579.59916806221,0.0031193999999999944,0.013963900000000029,0.02059,1800.0
7579.699239492416,0.0015812999999999938,0.014219599999999999,0.02059,1800.0
7579.799176931381,-0.00021509999999999585,0.01430210000000004,0.02059,1800.0
7579.8991713523865,-0.0018661999999999984,0.01418750000000002,0.02059,1800.0
7579.999092102051,-0.0026370000000000005,0.014059100000000047,0.02059,1800.0
7580.099161148071,-0.0039263000000000076,0.013762600000000014,0.02059,1800.0
7580.199132442474,-0.0039263000000000076,0.013762600000000014,0.02059,1800.0
7580.299178361893,-0.00394499999999999,0.013757999999999992,0.02059,1800.0
7580.399175405502,-0.003985299999999997,0.013687100000000008,0.02059,0.0
7580.499176979065,-0.007604099999999989,0.007312800000000008,0.02059,0.0
7580.799175977707,-0.012505000000000002,-0.0013199999999999323,0.02059,0.0
7580.899172306061,-0.012509499999999993,-0.001241099999999995,0.02059,1800.0
7580.999171257019,-0.012558899999999998,0.00031890000000001084,0.02059,1800.0
7581.099174261093,-0.012422299999999997,0.0018713000000000202,0.02059,1800.0
7581.199182033539,-0.012061100000000005,0.003510200000000019,0.02059,1800.0
7581.299181938171,-0.011534799999999998,0.004977100000000012,0.02059,1800.0
7581.399181842804,-0.011534799999999998,0.004977100000000012,0.02059,1800.0
7581.499135017395,-0.010770500000000002,0.006471300000000013,0.02059,1800.0
7581.599165678024,-0.009816699999999998,0.007852899999999996,0.02059,1800.0
7581.699169635773,-0.008766899999999994,0.009005200000000047,0.02059,1800.0
7581.799174070358,-0.007289699999999996,0.010228000000000015,0.02059,1800.0
7581.899183750153,-0.0060735999999999984,0.01099650000000002,0.02059,1800.0
7581.999173879623,-0.004554499999999989,0.01170990000000005,0.02059,1800.0
7582.099173545837,-0.0029531,0.012212900000000027,0.02059,1800.0
7582.199140548706,-0.0014189000000000007,0.012490100000000004,0.02059,1800.0
7582.299174308777,0.00025790000000000535,0.012561700000000009,0.02059,1800.0
7582.399216175079,0.0018108000000000013,0.012431299999999978,0.02059,1800.0
7582.499214887619,0.0018108000000000013,0.012431299999999978,0.02059,1800.0
7582.599192142487,0.0034514000000000072,0.012078000000000033,0.02059,1800.0
7582.699199914932,0.005031500000000008,0.011512200000000028,0.02059,1800.0
7582.799184799194,0.0066244000000000025,0.010678100000000024,0.02059,1800.0
7582.899148225784,0.007803699999999997,0.009852899999999998,0.02059,1800.0
7582.999172210693,0.009044700000000003,0.00872310000000004,0.02059,1800.0
7583.099188566208,0.010052100000000008,0.007534000000000041,0.02059,1800.0
7583.199186325073,0.010966900000000002,0.0061270999999999964,0.02059,1800.0
7583.2991778850555,0.011686500000000002,0.004610899999999973,0.02059,1800.0
7583.399173259735,0.012169200000000005,0.003128799999999987,0.02059,1800.0
7583.499135971069,0.012481000000000006,0.0014793000000000167,0.02059,1800.0
7583.599153280258,0.012564599999999995,-0.00019689999999999985,0.02059,1800.0
7583.6991646289825,0.012564599999999995,-0.00019689999999999985,0.02059,1800.0
7583.7991065979,0.012440400000000004,-0.0017504999999999882,0.02059,1800.0
7583.899082660675,0.012094999999999995,-0.0033927999999999736,0.02059,1800.0
7583.999051570892,0.011581600000000011,-0.004864199999999985,0.02059,1800.0
7584.0990426540375,0.010833599999999999,-0.0063665999999999445,0.02059,1800.0
7584.1990439891815,0.009889300000000004,-0.0077546,0.02059,1800.0
7584.29903960228,0.008679500000000007,-0.009084199999999987,0.02059,1800.0
7584.399050951004,0.007486699999999999,-0.01008709999999996,0.02059,1800.0
7584.4990429878235,0.0060756000000000004,-0.010995499999999991,0.02059,1800.0
7584.599041938782,0.004667400000000002,-0.011663199999999985,0.02059,1800.0
7584.699040651321,0.0031880999999999993,-0.012154300000000007,0.02059,1800.0
7584.799045562744,0.0031880999999999993,-0.012154300000000007,0.02059,1800.0
7584.899045705795,0.0014211000000000085,-0.012489899999999998,0.02059,1800.0
7584.9990446567535,-0.00013579999999999148,-0.012567600000000012,0.02059,1800.0
7585.099041938782,-0.001689999999999997,-0.012449600000000005,0.02059,1800.0
7585.199109077454,-0.0033339999999999897,-0.012112099999999959,0.02059,1800.0
7585.29903793335,-0.004918599999999995,-0.011559099999999989,0.02059,1800.0
7585.399039268494,-0.006416999999999992,-0.010803300000000016,0.02059,1800.0
7585.499042272568,-0.007801899999999987,-0.009854399999999985,0.02059,1800.0
7585.5990381240845,-0.008962700000000004,-0.008813999999999989,0.02059,1800.0
7585.699051141739,-0.010050799999999999,-0.007535999999999987,0.02059,1800.0
7585.799038887024,-0.0109659,-0.006129200000000001,0.02059,1800.0
7585.899132728577,-0.011639799999999992,-0.004724000000000006,0.02059,1800.0
7585.999297857285,-0.011639799999999992,-0.004724000000000006,0.02059,1800.0
7586.099042892456,-0.012137300000000004,-0.003247,0.02059,1800.0
7586.199040651321,-0.012461899999999998,-0.0016075999999999868,0.02059,1800.0
7586.299044370651,-0.012505000000000002,-0.0013199999999999323,0.02059,1800.0
7586.399133205414,-0.012505000000000002,-0.0013199999999999323,0.02059,0.0
7586.499143123627,-0.012505000000000002,-0.0013199999999999323,0.02059,0.0
7590.393190507865,0.014661699999999986,-0.022049229547638244,0.02059,0.0
