14719.69915175438,-0.01614900000000001,-0.004258999999999957,0.044020000000000004,1800.0
14719.799196243286,-0.01614900000000001,-0.004258999999999957,0.044020000000000004,1800.0
14719.899204492569,-0.015915399999999996,-0.005026900000000001,0.044020000000000004,1800.0
14719.999193429947,-0.015339500000000006,-0.0066042000000000045,0.044020000000000004,1800.0
14720.099122047424,-0.01464900000000001,-0.00800219999999996,0.044020000000000004,1800.0
14720.199203491211,-0.013769399999999987,-0.009432299999999949,0.044020000000000004,1800.0
14720.299178361893,-0.012759499999999993,-0.010773799999999945,0.044020000000000004,1800.0
14720.399176836014,-0.011693599999999998,-0.01191169999999997,0.044020000000000004,1800.0
14720.49908542633,-0.010529799999999992,-0.012948999999999988,0.044020000000000004,1800.0
14720.599173784256,-0.009081099999999995,-0.014015599999999961,0.044020000000000004,1800.0
14720.69924211502,-0.007730600000000004,-0.014795000000000003,0.044020000000000004,1800.0
14720.79922914505,-0.006315100000000004,-0.01544829999999997,0.044020000000000004,1800.0
14720.899176359177,-0.004733399999999999,-0.01601140000000001,0.044020000000000004,1800.0
14720.999150753021,-0.004733399999999999,-0.01601140000000001,0.044020000000000004,1800.0
14721.099180698395,-0.003100500000000006,-0.016401600000000016,0.044020000000000004,1800.0
14721.199186563492,-0.0020943999999999963,-0.016566099999999973,0.044020000000000004,1800.0
14721.299194812775,-0.0006695000000000034,-0.016679699999999964,0.044020000000000004,1800.0
14721.399105072021,0.0010093000000000046,-0.016660000000000008,0.044020000000000004,1800.0
14721.499110460281,0.00255989999999999,-0.016497499999999943,0.044020000000000004,1800.0
14721.599170684814,0.004319200000000009,-0.016123900000000024,0.044020000000000004,1800.0
14721.699181556702,0.0058041000000000065,-0.015648799999999963,0.044020000000000004,1800.0
14721.79920053482,0.007349700000000001,-0.014992899999999976,0.044020000000000004,1800.0
14721.899178028107,0.008815099999999992,-0.014173699999999956,0.044020000000000004,1800.0
14721.999199151993,0.010097800000000004,-0.013287599999999955,0.044020000000000004,1800.0
14722.099155664444,0.010097800000000004,-0.013287599999999955,0.044020000000000004,1800.0
14722.199169158936,0.011386400000000005,-0.01221129999999998,0.044020000000000004,1800.0
14722.299093961716,0.01255210000000001,-0.011003099999999988,0.044020000000000004,1800.0
14722.399077177048,0.013522200000000012,-0.009782699999999978,0.044020000000000004,1800.0
14722.49910736084,0.014442300000000005,-0.008378300000000005,0.044020000000000004,1800.0
14722.599117994308,0.015207299999999993,-0.0068837999999999955,0.044020000000000004,1800.0
14722.699124097824,0.0157809,-0.0054342,0.044020000000000004,1800.0
14722.79923081398,0.016252799999999998,-0.0038228999999999624,0.044020000000000004,1800.0
14722.899104595184,0.016550099999999998,-0.0021706000000000225,0.044020000000000004,1800.0
14722.999499082565,0.016677700000000004,-0.0006169000000000313,0.044020000000000004,1800.0
14723.09913611412,0.016660900000000006,0.0010619000000000045,0.044020000000000004,1800.0
14723.199190616608,0.016468700000000003,0.0027297000000000016,0.044020000000000004,1800.0
14723.29918551445,0.016468700000000003,0.0027297000000000016,0.044020000000000004,1800.0
14723.399137496948,0.01613909999999999,0.004253500000000021,0.044020000000000004,1800.0
14723.499144077301,0.015635800000000005,0.005855300000000063,0.044020000000000004,1800.0
14723.599177598953,0.015021800000000002,0.007288400000000028,0.044020000000000004,1800.0
14723.699155807495,0.014208000000000012,0.008757000000000015,0.044020000000000004,1800.0
14723.79918050766,0.0132607,0.010143100000000016,0.044020000000000004,1800.0
14723.899159908295,0.01217370000000001,0.011422600000000005,0.044020000000000004,1800.0
14723.999169111252,0.0110518,0.012505099999999991,0.044020000000000004,1800.0
14724.099133729935,0.009742299999999995,0.013555800000000007,0.044020000000000004,1800.0
14724.19915175438,0.008332199999999998,0.014466900000000005,0.044020000000000004,1800.0
14724.299149751663,0.006725500000000009,0.015275800000000062,0.044020000000000004,1800.0
14724.399164915085,0.005385899999999999,0.015801999999999983,0.044020000000000004,1800.0
14724.499148130417,0.005385899999999999,0.015801999999999983,0.044020000000000004,1800.0
14724.599101543427,0.003771799999999992,0.01626380000000005,0.044020000000000004,1800.0
14724.69913315773,0.0022371999999999947,0.016539400000000037,0.044020000000000004,1800.0
14724.799165010452,0.0005645999999999984,0.016684800000000055,0.044020000000000004,1800.0
14724.899213075638,-0.00111399999999999,0.016657000000000033,0.044020000000000004,1800.0
14724.999199390411,-0.0022013999999999923,0.01655300000000004,0.044020000000000004,1800.0
14725.099197149277,-0.003537399999999996,0.01631520000000003,0.044020000000000004,1800.0
14725.199208259583,-0.005042999999999992,0.01591039999999999,0.044020000000000004,1800.0
14725.299176931381,-0.006616700000000003,0.015325400000000045,0.044020000000000004,1800.0
14725.399170398712,-0.008124500000000007,0.014587000000000017,0.044020000000000004,1800.0
14725.599205493927,-0.010782199999999992,0.012743200000000066,0.044020000000000004,1800.0
14725.69920015335,-0.010782199999999992,0.012743200000000066,0.044020000000000004,1800.0
14725.79920887947,-0.012010899999999991,0.011599000000000026,0.044020000000000004,1800.0
14725.899173259735,-0.013108899999999993,0.010328800000000027,0.044020000000000004,1800.0
14725.99922156334,-0.0140179,0.00906220000000002,0.044020000000000004,1800.0
14726.099175453186,-0.014861300000000008,0.007610600000000023,0.044020000000000004,1800.0
14726.199189901352,-0.015500099999999989,0.006188400000000038,0.044020000000000004,1800.0
14726.29922580719,-0.0160454,0.004600500000000007,0.044020000000000004,1800.0
14726.399199962616,-0.01643209999999999,0.0029667999999999917,0.044020000000000004,1800.0
14726.4991812706,-0.0166404,0.0013007000000000435,0.044020000000000004,1800.0
14726.599215984344,-0.016689999999999997,-0.0003774999999999751,0.044020000000000004,1800.0
14726.699162483215,-0.016586099999999993,-0.0019331999999999683,0.044020000000000004,1800.0
14726.79932308197,-0.016299999999999995,-0.0035875999999999686,0.044020000000000004,1800.0
14726.899134635925,-0.016299999999999995,-0.0035875999999999686,0.044020000000000004,1800.0
14726.999156713486,-0.01614900000000001,-0.004258999999999957,0.044020000000000004,1800.0
14727.0992166996,-0.01614900000000001,-0.004258999999999957,0.044020000000000004,1800.0
14727.199244499207,-0.0148258,-0.0030900999999999845,0.044020000000000004,0.0
14727.299180746078,-0.008334899999999992,0.002644000000000035,0.044020000000000004,0.0
14727.699187755585,0.0001900000000000096,0.01017499999999999,0.044020000000000004,0.0
14727.799221992493,0.0012194000000000094,0.010107000000000033,0.044020000000000004,1800.0
14727.899217128754,0.002745600000000001,0.009793600000000013,0.044020000000000004,1800.0
14727.999183654785,0.002745600000000001,0.009793600000000013,0.044020000000000004,1800.0
14728.09922671318,0.00432189999999999,0.009219000000000033,0.044020000000000004,1800.0
14728.199215888977,0.005771799999999994,0.008375000000000021,0.044020000000000004,1800.0
14728.299203157425,0.006984500000000005,0.007397200000000048,0.044020000000000004,1800.0
14728.399196863174,0.008106199999999994,0.006150700000000009,0.044020000000000004,1800.0
14728.499180793762,0.008946099999999998,0.004838600000000026,0.044020000000000004,1800.0
14728.599169969559,0.009664800000000001,0.0031918000000000224,0.044020000000000004,1800.0
14728.699169874191,0.010051000000000004,0.0015592999999999857,0.044020000000000004,1800.0
14728.799108505249,0.010178300000000001,0.00012670000000003512,0.044020000000000004,1800.0
14728.899109840393,0.010053300000000001,-0.001545799999999986,0.044020000000000004,1800.0
14728.999157428741,0.009668600000000013,-0.0031787000000000343,0.044020000000000004,1800.0
14729.099162578583,0.0090108,-0.0047215999999999925,0.044020000000000004,1800.0
14729.199179887772,0.0090108,-0.0047215999999999925,0.044020000000000004,1800.0
14729.29915714264,0.008114200000000002,-0.006139499999999964,0.044020000000000004,1800.0
14729.399150133133,0.007084200000000013,-0.007308099999999984,0.044020000000000004,1800.0
14729.499178171158,0.005783099999999999,-0.008367199999999964,0.044020000000000004,1800.0
14729.599172830582,0.004334400000000002,-0.009213099999999974,0.044020000000000004,1800.0
14729.699206352234,0.0028740999999999906,-0.009756600000000004,0.044020000000000004,1800.0
14729.799191951752,0.001232999999999998,-0.010105099999999978,0.044020000000000004,1800.0
14729.89918756485,-0.00032340000000000146,-0.010167599999999943,0.044020000000000004,1800.0
14729.999185323715,-0.0019902000000000114,-0.009978299999999996,0.044020000000000004,1800.0
14730.09918475151,-0.0036025999999999975,-0.009516599999999986,0.044020000000000004,1800.0
14730.199193000793,-0.0050110000000000016,-0.008850999999999942,0.044020000000000004,1800.0
14730.299218893051,-0.0050110000000000016,-0.008850999999999942,0.044020000000000004,1800.0
14730.404081344604,-0.00640389999999999,-0.007915899999999976,0.044020000000000004,1800.0
14730.509603500366,-0.007608399999999987,-0.006748199999999982,0.044020000000000004,1800.0
14730.599168539047,-0.008623799999999987,-0.00541279999999994,0.044020000000000004,1800.0
14730.699142932892,-0.00934030000000001,-0.004029199999999955,0.044020000000000004,1800.0
14730.799170017242,-0.00988159999999999,-0.0024411999999999767,0.044020000000000004,1800.0
14730.899201393127,-0.010141999999999998,-0.0007843000000000155,0.044020000000000004,1800.0
14730.999207019806,-0.010142599999999988,0.0007733000000000323,0.044020000000000004,1800.0
14731.099092960358,-0.009884599999999993,0.002430600000000005,0.044020000000000004,1800.0
14731.199126005173,-0.009344500000000006,0.00401900000000005,0.044020000000000004,1800.0
14731.299191951752,-0.0085649,0.00550440000000002,0.044020000000000004,1800.0
14731.399190187454,-0.007615699999999989,0.006739999999999968,0.044020000000000004,1800.0
14731.49917602539,-0.007615699999999989,0.006739999999999968,0.044020000000000004,1800.0
14731.599214792252,-0.006501599999999996,0.007828600000000019,0.044020000000000004,1800.0
14731.699158668518,-0.005125599999999994,0.008787500000000004,0.044020000000000004,1800.0
14731.799145698547,-0.0036126000000000075,0.009512399999999976,0.044020000000000004,1800.0
14731.899120092392,-0.002000999999999989,0.009976399999999996,0.044020000000000004,1800.0
14731.999160528183,-0.0003343000000000096,0.010166900000000034,0.044020000000000004,1800.0
14732.099152326584,0.0001900000000000096,0.01017499999999999,0.044020000000000004,1800.0
14732.199158906937,0.0001900000000000096,0.01017499999999999,0.044020000000000004,0.0
14732.29918217659,0.0016544000000000003,0.009380600000000017,0.044020000000000004,0.0
14732.699141263962,0.014831999999999998,0.0022330000000000405,0.044020000000000004,0.0
14732.799166202545,0.014831999999999998,0.0022330000000000405,0.044020000000000004,1800.0
14732.899170160294,0.014805699999999991,0.0023732000000000197,0.044020000000000004,1800.0
14732.999144792557,0.014490500000000003,0.0038378000000000023,0.044020000000000004,1800.0
14733.099178791046,0.0139325,0.005547300000000033,0.044020000000000004,1800.0
14733.199120521545,0.013275600000000012,0.006961200000000001,0.044020000000000004,1800.0
14733.299165010452,0.012487999999999999,0.0083067,0.044020000000000004,1800.0
14733.399170160294,0.011474100000000001,0.009644800000000009,0.044020000000000004,1800.0
14733.499170541763,0.010330099999999995,0.010873500000000036,0.044020000000000004,1800.0
14733.599196910858,0.0090441,0.011952900000000044,0.044020000000000004,1800.0
14733.699136018753,0.007757100000000003,0.01283270000000003,0.044020000000000004,1800.0
14733.799179553986,0.006271899999999997,0.01361490000000004,0.044020000000000004,1800.0
14733.899124145508,0.006271899999999997,0.01361490000000004,0.044020000000000004,1800.0
14733.999189853668,0.004713000000000009,0.014238300000000037,0.044020000000000004,1800.0
14734.099176168442,0.0032080000000000025,0.014644500000000005,0.044020000000000004,1800.0
14734.199172973633,0.001550899999999994,0.014914499999999997,0.044020000000000004,1800.0
14734.299188137054,-5.900000000003125e-06,0.014992000000000005,0.044020000000000004,1800.0
14734.399162769318,-0.001681999999999989,0.014896400000000032,0.044020000000000004,1800.0
14734.499143123627,-0.003336599999999995,0.014614400000000027,0.044020000000000004,1800.0
14734.599107265472,-0.0048365999999999965,0.01418980000000003,0.044020000000000004,1800.0
14734.699159622192,-0.0063933000000000045,0.013562100000000021,0.044020000000000004,1800.0
14734.799178600311,-0.007868699999999992,0.012761100000000025,0.044020000000000004,1800.0
14734.899132490158,-0.009246100000000007,0.011801900000000032,0.044020000000000004,1800.0
14734.999070644379,-0.009246100000000007,0.011801900000000032,0.044020000000000004,1800.0
14735.099159955978,-0.010419999999999985,0.01077610000000001,0.044020000000000004,1800.0
14735.199169397354,-0.011407199999999992,0.009737800000000019,0.044020000000000004,1800.0
14735.299210309982,-0.0118124,0.009228300000000023,0.044020000000000004,1800.0
14735.399048566818,-0.012713000000000002,0.00795570000000001,0.044020000000000004,1800.0
14735.49910235405,-0.013515499999999986,0.00648120000000002,0.044020000000000004,1800.0
14735.5991396904,-0.014119999999999994,0.005044199999999999,0.044020000000000004,1800.0
14735.699145078659,-0.014591800000000002,0.003433300000000028,0.044020000000000004,1800.0
14735.799122810364,-0.014890299999999995,0.0017811999999999828,0.044020000000000004,1800.0
14735.899165391922,-0.014990000000000003,0.00022560000000004798,0.044020000000000004,1800.0
14735.999161958694,-0.0149252,-0.0014519999999999533,0.044020000000000004,1800.0
14736.09914779663,-0.014664700000000003,-0.0031101000000000045,0.044020000000000004,1800.0
14736.199171066284,-0.014664700000000003,-0.0031101000000000045,0.044020000000000004,1800.0
14736.29920554161,-0.014228500000000005,-0.004731399999999997,0.044020000000000004,1800.0
14736.399174690247,-0.013657799999999998,-0.006181900000000018,0.044020000000000004,1800.0
14736.499141931534,-0.0128809,-0.00767019999999996,0.044020000000000004,1800.0
14736.599112033844,-0.011942899999999992,-0.009062100000000017,0.044020000000000004,1800.0
14736.699163675308,-0.011353000000000002,-0.009797099999999948,0.044020000000000004,1800.0
14736.799203634262,-0.010255,-0.010931999999999997,0.044020000000000004,1800.0
14736.899218559265,-0.0089732,-0.012015999999999971,0.044020000000000004,1800.0
14736.999151468277,-0.0076737000000000055,-0.012877300000000036,0.044020000000000004,1800.0
14737.09916305542,-0.006189799999999995,-0.013662699999999972,0.044020000000000004,1800.0
14737.199147701263,-0.004620700000000005,-0.014260199999999945,0.044020000000000004,1800.0
14737.299173355103,-0.004620700000000005,-0.014260199999999945,0.044020000000000004,1800.0
14737.399187803268,-0.0031160999999999967,-0.014668699999999979,0.044020000000000004,1800.0
14737.499153137207,-0.001455999999999999,-0.014917499999999972,0.044020000000000004,1800.0
14737.599135875702,0.00022110000000000185,-0.014996599999999971,0.044020000000000004,1800.0
14737.699151277542,0.0017759999999999998,-0.01488529999999999,0.044020000000000004,1800.0
14737.799144268036,0.0034302999999999972,-0.014598800000000023,0.044020000000000004,1800.0
14737.899073839188,0.00503880000000001,-0.014118899999999934,0.044020000000000004,1800.0
14737.99907207489,0.006478600000000001,-0.013521000000000005,0.044020000000000004,1800.0
14738.099135875702,0.007948200000000002,-0.012710300000000008,0.044020000000000004,1800.0
14738.199143886566,0.00932100000000001,-0.011743899999999974,0.044020000000000004,1800.0
14738.299128293991,0.010657200000000006,-0.010540400000000005,0.044020000000000004,1800.0
14738.399140834808,0.0116208,-0.009471599999999969,0.044020000000000004,1800.0
14738.499160289764,0.0116208,-0.009471599999999969,0.044020000000000004,1800.0
14738.599160909653,0.012607300000000002,-0.008113699999999946,0.044020000000000004,1800.0
14738.699219942093,0.013380000000000003,-0.0067597999999999825,0.044020000000000004,1800.0
14738.799203157425,0.01405590000000001,-0.005223299999999931,0.044020000000000004,1800.0
14738.899163007736,0.014517500000000003,-0.003734200000000021,0.044020000000000004,1800.0
14738.999962329865,0.014849399999999999,-0.0020888000000000018,0.044020000000000004,1800.0
14739.099132299423,0.014984100000000014,-0.0004152999999999518,0.044020000000000004,1800.0
14739.199154138565,0.014941700000000002,0.0012627000000000055,0.044020000000000004,1800.0
14739.299140453339,0.014831999999999998,0.0022330000000000405,0.044020000000000004,1800.0
14739.39916563034,0.014831999999999998,0.0022330000000000405,0.044020000000000004,1800.0
14739.499147891998,0.014197700000000008,0.002653200000000022,0.044020000000000004,1800.0
14739.599244356155,0.014197700000000008,0.002653200000000022,0.044020000000000004,0.0
14739.699114561081,0.007236699999999999,0.007265100000000024,0.044020000000000004,0.0
14739.999188423157,0.00028200000000000447,0.011873000000000022,0.044020000000000004,0.0
14740.099176645279,0.0004989999999999994,0.011860800000000005,0.044020000000000004,1800.0
14740.199162006378,0.002022800000000005,0.01169690000000001,0.044020000000000004,1800.0
14740.299145936966,0.003768499999999994,0.011267599999999989,0.044020000000000004,1800.0
14740.399174928665,0.0052118999999999915,0.01067800000000002,0.044020000000000004,1800.0
14740.499134778976,0.0066597999999999935,0.009829500000000047,0.044020000000000004,1800.0
14740.599066257477,0.007887600000000008,0.008790499999999979,0.044020000000000004,1800.0
14740.699128389359,0.009142200000000003,0.007583300000000015,0.044020000000000004,1800.0
14740.799250602722,0.009142200000000003,0.007583300000000015,0.044020000000000004,1800.0
14740.899156093597,0.010059800000000008,0.0063234000000000345,0.044020000000000004,1800.0
14740.999216556549,0.010844500000000007,0.0048395999999999995,0.044020000000000004,1800.0
14741.099162101746,0.011381000000000002,0.0033767000000000102,0.044020000000000004,1800.0
14741.19917178154,0.011745000000000005,0.0017389000000000432,0.044020000000000004,1800.0
14741.299075126648,0.011877700000000005,0.0001862999999999726,0.044020000000000004,1800.0
14741.399132013321,0.011785799999999999,-0.0014892999999999712,0.044020000000000004,1800.0
14741.499117851257,0.011451299999999998,-0.003133700000000017,0.044020000000000004,1800.0
14741.599163293839,0.010895299999999997,-0.004716699999999963,0.044020000000000004,1800.0
14741.699142456055,0.010188300000000011,-0.006105499999999986,0.044020000000000004,1800.0
14741.799146175385,0.009230799999999997,-0.007484199999999996,0.044020000000000004,1800.0
14741.899163007736,0.0081658,-0.008621999999999963,0.044020000000000004,1800.0
14741.99917459488,0.0081658,-0.008621999999999963,0.044020000000000004,1800.0
14742.099188804626,0.006866200000000003,-0.0096831,0.044020000000000004,1800.0
14742.19917345047,0.005435300000000004,-0.010559299999999994,0.044020000000000004,1800.0
14742.299110651016,0.004007499999999997,-0.011184499999999986,0.044020000000000004,1800.0
14742.399163007736,0.0023906000000000066,-0.011634699999999998,0.044020000000000004,1800.0
14742.49915933609,0.000726499999999991,-0.011848199999999975,0.044020000000000004,1800.0
14742.599100351334,-0.0009510999999999964,-0.011835599999999946,0.044020000000000004,1800.0
14742.699152708054,-0.002494200000000002,-0.011617199999999994,0.044020000000000004,1800.0
14742.799156665802,-0.004105700000000004,-0.01114759999999998,0.044020000000000004,1800.0
14742.89912390709,-0.005632100000000001,-0.01045039999999997,0.044020000000000004,1800.0
14742.99908566475,-0.006951799999999994,-0.009622299999999973,0.044020000000000004,1800.0
14743.099048137665,-0.008244000000000001,-0.008551900000000001,0.044020000000000004,1800.0
14743.199137926102,-0.008244000000000001,-0.008551900000000001,0.044020000000000004,1800.0
14743.299136400223,-0.009296200000000004,-0.00740219999999997,0.044020000000000004,1800.0
14743.39903998375,-0.010239200000000004,-0.006013700000000011,0.044020000000000004,1800.0
14743.499038696289,-0.01098120000000001,-0.004508899999999982,0.044020000000000004,1800.0
14743.599035263062,-0.011480599999999994,-0.003032900000000005,0.044020000000000004,1800.0
14743.699039697647,-0.011801599999999995,-0.001385499999999984,0.044020000000000004,1800.0
14743.799139499664,-0.011872499999999994,0.0002910000000000412,0.044020000000000004,1800.0
14743.899090528488,-0.011727600000000005,0.001842300000000019,0.044020000000000004,1800.0
14743.99913430214,-0.011318599999999998,0.0035927000000000042,0.044020000000000004,1800.0
14744.099131345749,-0.010756899999999986,0.005046700000000015,0.044020000000000004,1800.0
14744.199102163315,-0.0099355,0.00651050000000003,0.044020000000000004,1800.0
14744.299064874649,-0.008992399999999998,0.007751100000000011,0.044020000000000004,1800.0
14744.399141788483,-0.008992399999999998,0.007751100000000011,0.044020000000000004,1800.0
14744.499162197113,-0.007809399999999994,0.008940300000000012,0.044020000000000004,1800.0
14744.599169015884,-0.006574399999999994,0.009890200000000016,0.044020000000000004,1800.0
14744.699184417725,-0.005117300000000005,0.010723199999999988,0.044020000000000004,1800.0
14744.799158334732,-0.003552600000000003,0.01133010000000001,0.044020000000000004,1800.0
14744.899072408676,-0.0019195000000000045,0.011714400000000014,0.044020000000000004,1800.0
14744.999121427536,-0.0003690999999999972,0.011868099999999993,0.044020000000000004,1800.0
14745.099067687988,0.00028200000000000447,0.011873000000000022,0.044020000000000004,1800.0
14745.199114561081,0.00028200000000000447,0.011873000000000022,0.044020000000000004,0.0
14745.299070596695,0.00028200000000000447,0.011873000000000022,0.044020000000000004,0.0
14749.489729942297,-0.01614900000000001,-0.019887786991721543,0.044020000000000004,0.0
