0.0,0.0068547346799259,-0.0168506801188887,0.00071,1800.0
0.10056471824645996,0.008225747423978,-0.0162269675346721,0.00071,1800.0
0.20114803314208984,0.0095239201658101,-0.0155045322285443,0.00071,1800.0
0.302196741104126,0.0107533431923252,-0.0146827760856824,0.00071,1800.0
0.39373159408569336,0.0118893402879059,-0.0137871680392127,0.00071,1800.0
0.4943056106567383,0.0129407467721102,-0.0127955520752342,0.00071,1800.0
0.59505295753479,0.0139674871424529,-0.0116578889435788,0.00071,1800.0
0.6963486671447754,0.0148909586205067,-0.0104588555423061,0.00071,1800.0
0.7969465255737305,0.015681544684272,-0.0092371058724212,0.00071,1800.0
0.897451639175415,0.0163943608112167,-0.007869202098148,0.00071,1800.0
0.9979939460754395,0.017006714513895,-0.0064573141133505,0.00071,1800.0
1.0985684394836426,0.0174767922670652,-0.0050414000206119,0.00071,1800.0
1.199143886566162,0.0178388584281784,-0.0035661241779024,0.00071,1800.0
1.2997007369995117,0.0180802184602948,-0.0020752703286486,0.00071,1800.0
1.4002721309661865,0.0181893264984156,-0.0005760448497638,0.00071,1800.0
1.5019481182098389,0.018176760434506,0.0009248123893786,0.00071,1800.0
1.602527141571045,0.0180473998002059,0.0024318277453719,0.00071,1800.0
1.703002691268921,0.0177838805326668,0.0039262856537817,0.00071,1800.0
1.7935113906860352,0.0174171042089903,0.0052660032691473,0.00071,1800.0
1.8947117328643799,0.0169125250809953,0.0066954888055775,0.00071,1800.0
1.9955394268035889,0.0163259961608811,0.0080250791264283,0.00071,1800.0
2.0961127281188965,0.015595122615888,0.0093595392230074,0.00071,1800.0
2.1966841220855713,0.0147567840692798,0.0106410934598061,0.00071,1800.0
2.297253131866455,0.0138458852037686,0.0117978086233783,0.00071,1800.0
2.3978214263916016,0.0128346494877072,0.0128908107790506,0.00071,1800.0
2.498389959335327,0.0117587899200617,0.0138913379814648,0.00071,1800.0
2.5989608764648438,0.0105458211557204,0.014840772191378,0.00071,1800.0
2.6995389461517334,0.0092104715479627,0.015702243544322,0.00071,1800.0
2.8001034259796143,0.0079041696847951,0.0163987922624329,0.00071,1800.0
2.9006805419921875,0.0065423531275929,0.016984537435515,0.00071,1800.0
3.001246213912964,0.0051379532053889,0.0174576358631096,0.00071,1800.0
3.1018266677856445,0.0036933954075724,0.0178115793557776,0.00071,1800.0
3.2024083137512207,0.0021893177969724,0.0180573096590629,0.00071,1800.0
3.30298113822937,0.0006948377781936,0.0181772469765468,0.00071,1800.0
3.393500328063965,-0.0006385054441518,0.0181817804070509,0.00071,1800.0
3.494067430496216,-0.002151914767364,0.0180703561152043,0.00071,1800.0
3.59464955329895,-0.0036817002203614,0.0178179055229758,0.00071,1800.0
3.696443796157837,-0.0051792166833211,0.0174463145498554,0.00071,1800.0
3.797239065170288,-0.006623161550574,0.0169556212143515,0.00071,1800.0
3.8978209495544434,-0.0079410062539725,0.0163906932210047,0.00071,1800.0
3.9983699321746826,-0.0092672064488748,0.0156619433961405,0.00071,1800.0
4.098934650421143,-0.0105219967782298,0.0148403045199408,0.00071,1800.0
4.19950532913208,-0.0117361709096563,0.0139040401420333,0.00071,1800.0
4.300532817840576,-0.0128809369616732,0.0128509859690462,0.00071,1800.0
4.4011030197143555,-0.0139084084577951,0.0117247036529841,0.00071,1800.0
4.501659870147705,-0.0148009705081853,0.0105769527614046,0.00071,1800.0
4.602217197418213,-0.0156193562318833,0.0093134384655189,0.00071,1800.0
4.702774524688721,-0.0163627426718496,0.0079620971330601,0.00071,1800.0
4.793265342712402,-0.0168988870916877,0.0067676543543034,0.00071,1800.0
4.89383602142334,-0.0174017006173153,0.0053377373807034,0.00071,1800.0
4.994403600692749,-0.0177966119354809,0.003832308497381,0.00071,1800.0
5.094972133636475,-0.0180511864265722,0.0023666922368255,0.00071,1800.0
5.195549249649048,-0.018182852668489,0.0009241694163208,0.00071,1800.0
5.296054124832153,-0.0181880064067195,-0.0006045215148494,0.00071,1800.0
5.396603345870972,-0.0180657173242623,-0.0021286050339111,0.00071,1800.0
5.497142314910889,-0.0178221588994738,-0.0036359208968172,0.00071,1800.0
5.598300218582153,-0.0174714559728816,-0.0050830065613194,0.00071,1800.0
5.698871850967407,-0.0170023048661363,-0.0064744402372589,0.00071,1800.0
5.799424648284912,-0.0163931436540694,-0.0078822384755478,0.00071,1800.0
5.899997234344482,-0.0156690417294588,-0.0092410883385506,0.00071,1800.0
6.000558853149414,-0.0148812210103969,-0.010468492856112,0.00071,1800.0
6.101900577545166,-0.0139361382448173,-0.0117110283270376,0.00071,1800.0
6.202468156814575,-0.0129489498503108,-0.0127965256925844,0.00071,1800.0
6.303042650222778,-0.0118494936745305,-0.013820352095336,0.00071,1800.0
6.393545866012573,-0.0107330012035453,-0.0146910351911442,0.00071,1800.0
6.49408221244812,-0.0094718397905303,-0.0155436286543597,0.00071,1800.0
6.5946364402771,-0.0082173352737233,-0.0162372879534467,0.00071,1800.0
6.695346117019653,-0.0068275920024186,-0.0168594496711453,0.00071,1800.0
6.79592227935791,-0.0053927142262985,-0.017369925732132,0.00071,1800.0
6.896480321884155,-0.0039402530082168,-0.0177612172022579,0.00071,1800.0
6.997044324874878,-0.0024558480979099,-0.0180338279572761,0.00071,1800.0
7.097618341445923,-0.0011425326791638,-0.0181708617876609,0.00071,1800.0
7.198173761367798,-0.0003449999999999,-0.0182139999999999,0.00071,1800.0
7.298741102218628,-0.000344929424472,-0.0182084480584668,0.00071,1800.0
7.401019811630249,-0.0003398279180902,-0.0178140726353555,0.00071,0.0
7.5016069412231445,-0.0002528621403359,-0.0111141034280504,0.00071,0.0
7.602123975753784,-0.0002253520372922,-0.0089985966326498,0.00071,0.0
7.702702522277832,-0.0002209999999999,-0.008664,0.00071,0.0
7.8032660484313965,-0.0002406701926858,-0.0086631059003324,0.00071,0.0
7.8945605754852295,-0.0010341747645193,-0.0085612476547117,0.00071,1800.0
7.995136737823486,-0.0024217687915681,-0.008280026053712,0.00071,1800.0
8.095698118209839,-0.003812741734896,-0.007728892687889,0.00071,1800.0
8.196262836456299,-0.0050940037339924,-0.006960602502134,0.00071,1800.0
8.296877145767212,-0.0061861263488337,-0.0060121132922789,0.00071,1800.0
8.397450923919678,-0.0071503805139071,-0.0048567680708987,0.00071,1800.0
8.497981548309326,-0.0078961395134246,-0.0035601318701565,0.00071,1800.0
8.598540306091309,-0.0084043935824471,-0.002053010129004,0.00071,1800.0
8.699126720428467,-0.0086137010024163,-0.0006397615235367,0.00071,1800.0
8.799700021743774,-0.0085791925736111,0.0009181081581979,0.00071,1800.0
8.900270462036133,-0.008303530843943,0.0023459596792983,0.00071,1800.0
9.000864267349243,-0.0077700941603281,0.0037435632573415,0.00071,1800.0
9.101429462432861,-0.0070001455669281,0.0050247413452121,0.00071,1800.0
9.203060626983643,-0.0060334436499143,0.0061898383250968,0.00071,1800.0
9.293574333190918,-0.0050190321408001,0.0070917913378307,0.00071,1800.0
9.39414119720459,-0.0037034547188349,0.0078326421873765,0.00071,1800.0
9.49470567703247,-0.0022304406755845,0.0083417395080818,0.00071,1800.0
9.595273494720459,-0.0007559802413039,0.0086093777198477,0.00071,1800.0
9.696274995803833,0.0007098014105986,0.0086304423220008,0.00071,1800.0
9.79684042930603,0.0022508017160311,0.0083504367233681,0.00071,1800.0
9.89742922782898,0.0035868867918991,0.0078678404808077,0.00071,1800.0
9.997998237609863,0.0048847528534766,0.0071108961812872,0.00071,1800.0
10.098567008972168,0.0060474040086856,0.006150789931586,0.00071,1800.0
10.19913125038147,0.0070306474067863,0.0049864742289014,0.00071,1800.0
10.299698829650879,0.0077928039563541,0.0036945180290975,0.00071,1800.0
10.400268077850342,0.0083140426666029,0.0022710885377209,0.00071,1800.0
10.500853538513184,0.0085808075640717,0.0007955209349885,0.00071,1800.0
10.60142731666565,0.0086046666966229,-0.0006573162867869,0.00071,1800.0
10.701992750167847,0.0083488879451512,-0.0021713118464215,0.00071,1800.0
10.80255937576294,0.0078601164328681,-0.0035830232569273,0.00071,1800.0
10.894208669662476,0.0071811786455715,-0.0048211278872168,0.00071,1800.0
10.99479055404663,0.0062665714239447,-0.0059415274337324,0.00071,1800.0
11.095322847366333,0.0051570883956577,-0.0069270179509977,0.00071,1800.0
11.19588565826416,0.0038735348913691,-0.0077116588571647,0.00071,1800.0
11.29645323753357,0.002473619034743,-0.0082626792100856,0.00071,1800.0
11.39702033996582,0.0009617693403143,-0.0085647418177393,0.00071,1800.0
11.497530937194824,1.936551372341833e-05,-0.0086566214286293,0.00071,1800.0
11.598461866378784,-0.0002209999999999,-0.008664,0.00071,1800.0
11.699033260345459,-0.000227406413181,-0.0092265850699416,0.00071,1800.0
11.799623250961304,-0.0002594576093957,-0.0120493458071797,0.00071,1800.0
11.900941848754883,-0.0003099184108713,-0.0165035356610793,0.00071,1800.0
12.001508474349976,-0.0003099999999999,-0.016513,0.00071,1800.0
12.102092266082764,-0.0003078534710597,-0.0165129628199375,0.00071,1800.0
12.20265531539917,0.0003983771073962,-0.0165007301886709,0.00071,1800.0
12.304019212722778,0.0018789226279559,-0.0163946045096796,0.00071,1800.0
12.394525527954102,0.0032109950541514,-0.0161775492643803,0.00071,1800.0
12.495100259780884,0.0046240895853893,-0.0158276400555267,0.00071,1800.0
12.596705913543701,0.0060609198431983,-0.0153345081862741,0.00071,1800.0
12.697266340255737,0.0074631396086823,-0.0146990492047365,0.00071,1800.0
12.797842264175415,0.0087839740787137,-0.0139572546680591,0.00071,1800.0
12.898412942886353,0.0099940842379856,-0.0131240404963511,0.00071,1800.0
12.998981952667236,0.0111311592843537,-0.0121715181808325,0.00071,1800.0
13.099541187286377,0.0122296469807115,-0.0110702362990988,0.00071,1800.0
13.200100660324097,0.01317478481954,-0.0099576702307447,0.00071,1800.0
13.300655126571655,0.0140263806517115,-0.0087015907096011,0.00071,1800.0
13.40164041519165,0.0147746899970373,-0.0073405355368025,0.00071,1800.0
13.502208709716797,0.0153745659786788,-0.0059852560606095,0.00071,1800.0
13.602779150009155,0.0158537135470377,-0.0045354557923891,0.00071,1800.0
13.693313121795654,0.0161681008626916,-0.0032398714378483,0.00071,1800.0
13.793872594833374,0.0163950700993026,-0.0017423822024724,0.00071,1800.0
13.8944411277771,0.0164876291922939,-0.0002170792402856,0.00071,1800.0
13.994955778121948,0.0164405627354926,0.0012717939968632,0.00071,1800.0
14.09718942642212,0.0162562629704639,0.0028023514716777,0.00071,1800.0
14.197744846343994,0.0159409588100801,0.0042429744409583,0.00071,1800.0
14.298302173614502,0.0154905980022501,0.0056998980534886,0.00071,1800.0
14.39887547492981,0.0149243883428992,0.0070626824076417,0.00071,1800.0
14.499460220336914,0.0141820215918115,0.0084261620984619,0.00071,1800.0
14.600054740905762,0.0133545551363162,0.0096925148473775,0.00071,1800.0
14.70081615447998,0.0124058968610759,0.0108735328924827,0.00071,1800.0
14.803005933761597,0.0113559136281813,0.0119554916352246,0.00071,1800.0
14.893519401550293,0.0103639390300721,0.0128284757029994,0.00071,1800.0
14.994078397750854,0.0091364646321759,0.0137259301661145,0.00071,1800.0
15.094642162322998,0.0078157854952704,0.0145162948840958,0.00071,1800.0
15.195232152938843,0.0064780064347046,0.0151664106198358,0.00071,1800.0
15.295819997787476,0.0050756527543835,0.0156976067413778,0.00071,1800.0
15.396410942077637,0.0035766745553377,0.0161070427567406,0.00071,1800.0
15.4969961643219,0.0021278838954517,0.0163712830706208,0.00071,1800.0
15.598919868469238,0.0006326791708559,0.0164899345121663,0.00071,1800.0
15.699490547180176,-0.0008591250742662,0.0164725722775976,0.00071,1800.0
15.800052642822266,-0.0024240394722145,0.0163231572623595,0.00071,1800.0
15.900617122650146,-0.0038490297758072,0.0160397532435932,0.00071,1800.0
16.001184701919556,-0.0053183964953435,0.0156079266071652,0.00071,1800.0
16.102124214172363,-0.0067671556443885,0.0150370893553836,0.00071,1800.0
16.19455885887146,-0.0079787399807275,0.014431953981114,0.00071,1800.0
16.29515051841736,-0.0092313973714615,0.0136604696746628,0.00071,1800.0
16.39570188522339,-0.0104725985128513,0.0127511250088301,0.00071,1800.0
16.496258020401,-0.011582226193511,0.0117442849355735,0.00071,1800.0
16.596816301345825,-0.0126121592244799,0.0106388885884357,0.00071,1800.0
16.69738006591797,-0.0135311388745649,0.0094585526585389,0.00071,1800.0
16.797942399978638,-0.0143380741334192,0.0081698744745569,0.00071,1800.0
16.900169134140015,-0.0150179233490961,0.0068366662919798,0.00071,1800.0
17.00072479248047,-0.015586930726402,0.0054104357477457,0.00071,1800.0
17.10127854347229,-0.0160019923477399,0.0039816881788055,0.00071,1800.0
17.201846837997437,-0.0162978004523729,0.00252265553238,0.00071,1800.0
17.302428483963013,-0.0164539007072837,0.0009921341887718,0.00071,1800.0
17.402970552444458,-0.0164793069883143,-0.0005231933375467,0.00071,1800.0
17.493461847305298,-0.0163877535291602,-0.0018411668854609,0.00071,1800.0
17.59502673149109,-0.0161589221025019,-0.0033377261729776,0.00071,1800.0
17.69633722305298,-0.0157573518485537,-0.0048859774925764,0.00071,1800.0
17.79688286781311,-0.0152585379632077,-0.0062860592276536,0.00071,1800.0
17.897443532943726,-0.0146446662847189,-0.0076168129061069,0.00071,1800.0
17.99691867828369,-0.0139004753987078,-0.0088792108541523,0.00071,1800.0
18.09747552871704,-0.0130310954611233,-0.0101202847195079,0.00071,1800.0
18.198038339614868,-0.0120654199285619,-0.0112490559228536,0.00071,1800.0
18.298606395721436,-0.0109588469228009,-0.0123196516413423,0.00071,1800.0
18.399084329605103,-0.0097563343044217,-0.0132963016135035,0.00071,1800.0
18.499637126922607,-0.0085335208879939,-0.0141130461037373,0.00071,1800.0
18.600459337234497,-0.007202574172896,-0.0148270291322408,0.00071,1800.0
18.701303720474243,-0.0057846666355106,-0.0154464218322161,0.00071,1800.0
18.80186629295349,-0.0043895328273846,-0.0158983670160208,0.00071,1800.0
18.902406454086304,-0.0029046351649904,-0.0162370972561983,0.00071,1800.0
19.002952814102173,-0.0014542702774999,-0.0164484254902347,0.00071,1800.0
19.093462228775024,-0.0003659798859603,-0.0165099215055753,0.00071,1800.0
19.194052934646606,-0.0003102342481601,-0.016513,0.00071,1800.0
19.29462504386902,-0.0003099999999999,-0.016513,0.00071,1800.0
19.3978009223938,-0.000258727454981,-0.0123631886754307,0.00071,1800.0
19.498377799987793,-0.0002365551634676,-0.0105706351121157,0.00071,1800.0
19.59894299507141,-0.0002339999999999,-0.0103649999999999,0.00071,1800.0
19.699516534805298,-0.0003267123203999,-0.0103606805499141,0.00071,1800.0
19.800039529800415,-0.0009628330978471,-0.0102958744647399,0.00071,1800.0
19.900614261627197,-0.0023932794168057,-0.0100434105935328,0.00071,1800.0
20.001190423965454,-0.0038691535074296,-0.0095848267366872,0.00071,1800.0
20.102905988693237,-0.0051909553252076,-0.0089498026011148,0.00071,1800.0
20.193364143371582,-0.0063587211192512,-0.0081783279781584,0.00071,1800.0
20.293972730636597,-0.00745528444007,-0.0071756211940157,0.00071,1800.0
20.39455533027649,-0.0083875772179514,-0.0060372604244367,0.00071,1800.0
20.49511408805847,-0.0091915419413645,-0.0047101351178204,0.00071,1800.0
20.595683097839355,-0.0097916013243982,-0.003296927599786,0.00071,1800.0
20.69624638557434,-0.0101591088805047,-0.0018234669373345,0.00071,1800.0
20.816795110702515,-0.0103330346464677,-8.329762722564249e-05,0.00071,1800.0
20.897254705429077,-0.0102667076072803,0.0010971867993084,0.00071,1800.0
20.999140977859497,-0.0100032095292317,0.0026072975144251,0.00071,1800.0
21.099708557128906,-0.0095148597717806,0.0040176012554186,0.00071,1800.0
21.200268745422363,-0.0088138289353168,0.0054074232829616,0.00071,1800.0
21.300840854644775,-0.0079791718601204,0.0065986983453532,0.00071,1800.0
21.40142297744751,-0.0069051612592548,0.0077098355573317,0.00071,1800.0
21.50197672843933,-0.005734455187087,0.0086117206596655,0.00071,1800.0
21.602551460266113,-0.0044070666154292,0.0093591519286627,0.00071,1800.0
21.69414496421814,-0.0031445396547227,0.0098518549728356,0.00071,1800.0
21.7949321269989,-0.0016913058763032,0.0101870291713663,0.00071,1800.0
21.895490407943726,-0.0001767034273774,0.0103201226627198,0.00071,1800.0
21.99603271484375,0.001343540381027,0.0102475508836316,0.00071,1800.0
22.096548795700073,0.0027814573085781,0.0099583072050752,0.00071,1800.0
22.200184106826782,0.0042158735734263,0.0094233279032109,0.00071,1800.0
22.300750017166138,0.0055758881693503,0.0087004010260923,0.00071,1800.0
22.401278257369995,0.0067489742944485,0.0078357687831855,0.00071,1800.0
22.501848936080933,0.007868794115566,0.0067246069496699,0.00071,1800.0
22.602423906326294,0.0087267601970221,0.0055651117104055,0.00071,1800.0
22.702993631362915,0.0094666813748735,0.0041729227706487,0.00071,1800.0
22.793460845947266,0.0099138982761813,0.0029427875077738,0.00071,1800.0
22.893980741500854,0.0102283644886392,0.0014955837696947,0.00071,1800.0
22.994498252868652,0.0103233539051408,-7.263347004737852e-06,0.00071,1800.0
23.095064163208008,0.0102102169692209,-0.0015212380108292,0.00071,1800.0
23.19562864303589,0.009897056900959,-0.0029721597181107,0.00071,1800.0
23.296445846557617,0.0093689293295537,-0.0043422899973635,0.00071,1800.0
23.39701271057129,0.0086372951051704,-0.0056740330404785,0.00071,1800.0
23.49758005142212,0.0076916523131732,-0.0069078680737701,0.00071,1800.0
23.598135948181152,0.0066419716858473,-0.0079359136199658,0.00071,1800.0
23.69869065284729,0.0053918189504741,-0.0088357286741908,0.00071,1800.0
23.799262285232544,0.0040384890932742,-0.0095295300990396,0.00071,1800.0
23.90003514289856,0.0026462008934306,-0.0099998783309439,0.00071,1800.0
24.003445386886597,0.0011172345629514,-0.0102891875696831,0.00071,1800.0
24.093952655792236,0.0001700357609628,-0.0103520553073497,0.00071,1800.0
24.19452452659607,-0.0002339999999999,-0.0103649999999999,0.00071,1800.0
24.29509425163269,-0.0002353102904424,-0.0104675770232076,0.00071,1800.0
24.395683526992798,-0.000256867576845,-0.0122095199499108,0.00071,1800.0
24.496399402618408,-0.000289,-0.0148119999999999,0.00071,1800.0
24.597468376159668,-0.0001249846920866,-0.0148091734075242,0.00071,1800.0
24.69803524017334,0.0007269044550098,-0.0147848711797795,0.00071,1800.0
24.798606872558594,0.0022715141787935,-0.0146306969141938,0.00071,1800.0
24.89912700653076,0.0037118859647929,-0.0143288178012074,0.00071,1800.0
24.999688386917114,0.0051335730964569,-0.0138756780768362,0.00071,1800.0
25.10049343109131,0.0065710379820153,-0.0132561673378936,0.00071,1800.0
25.201070308685303,0.0079046988445928,-0.0124973113915602,0.00071,1800.0
25.303582906723022,0.0091524376238148,-0.011612318824024,0.00071,1800.0
25.394092798233032,0.0101622997503838,-0.0107438049690898,0.00071,1800.0
25.494651794433594,0.0111753740421055,-0.009686873938203,0.00071,1800.0
25.595242738723755,0.0120900754404311,-0.0085230466019747,0.00071,1800.0
25.695814609527588,0.0129057718938163,-0.0072284082304569,0.00071,1800.0
25.796367168426514,0.0135785667689346,-0.005890840780264,0.00071,1800.0
25.89693522453308,0.0141321167466811,-0.0044169843213149,0.00071,1800.0
25.998714208602905,0.0145067202928282,-0.0029630717665338,0.00071,1800.0
26.099207162857056,0.0147259528762577,-0.0014416441821346,0.00071,1800.0
26.19977378845215,0.0147930789963268,4.102514568277149e-05,0.00071,1800.0
26.300315141677856,0.0147140379277612,0.0015148514931604,0.00071,1800.0
26.40088939666748,0.0144741282850205,0.0030192472386699,0.00071,1800.0
26.501489877700806,0.0140958543586816,0.0044753631129153,0.00071,1800.0
26.60206151008606,0.0135581515717331,0.005894870573119,0.00071,1800.0
26.69857406616211,0.0129067263381931,0.0072157845664313,0.00071,1800.0
26.799307346343994,0.0121121672398648,0.0084924018622867,0.00071,1800.0
26.89987063407898,0.0112145265832583,0.0096487695739915,0.00071,1800.0
27.000433206558228,0.0102113700794306,0.0107170674284933,0.00071,1800.0
27.10099959373474,0.0090689650510957,0.0117010884180379,0.00071,1800.0
27.201674938201904,0.0078313284487864,0.0125734459446755,0.00071,1800.0
27.3021821975708,0.0064441945567354,0.0133183795791174,0.00071,1800.0
27.393933057785034,0.0051934179237429,0.0138512345203547,0.00071,1800.0
27.494502305984497,0.0037736477914402,0.014297055020823,0.00071,1800.0
27.595107793807983,0.0023355256893787,0.0146024851848036,0.00071,1800.0
27.69566321372986,0.0008597168882677,0.014761646994674,0.00071,1800.0
27.796253204345703,-0.00068182191578,0.0147634483956558,0.00071,1800.0
27.896812677383423,-0.0022174220970779,0.0146217219050714,0.00071,1800.0
27.997387170791626,-0.0036675036319306,0.0143300846168211,0.00071,1800.0
28.09794855117798,-0.0050833750131422,0.0138903687094789,0.00071,1800.0
28.19851303100586,-0.0065363418085609,0.0132862460312229,0.00071,1800.0
28.299086332321167,-0.0077810852667415,0.0125958073874348,0.00071,1800.0
28.39967632293701,-0.0090332801958378,0.0117304925318948,0.00071,1800.0
28.506267547607422,-0.0102454535189355,0.0106813560475845,0.00071,1800.0
28.59677743911743,-0.0111548695389479,0.0097040238453934,0.00071,1800.0
28.69735050201416,-0.0120863194810457,0.0085192920465984,0.00071,1800.0
28.79792070388794,-0.0129151786857603,0.0071956862160708,0.00071,1800.0
28.898480653762817,-0.0135942644949857,0.0058152523103079,0.00071,1800.0
28.999051570892334,-0.0141106117163283,0.0044282804611516,0.00071,1800.0
29.099595308303833,-0.0144806296113601,0.0030095977602255,0.00071,1800.0
29.200161695480347,-0.0147092706785899,0.0015249784625323,0.00071,1800.0
29.30074667930603,-0.0147926719582208,-1.0143958243447049e-05,0.00071,1800.0
29.402426719665527,-0.0147219755898529,-0.0015751856973306,0.00071,1800.0
29.492929220199585,-0.0145121421515982,-0.0029154739383605,0.00071,1800.0
29.593480110168457,-0.0141646215934773,-0.0042831892062434,0.00071,1800.0
29.694071531295776,-0.0136402268178012,-0.0057155072321809,0.00071,1800.0
29.794639110565186,-0.0129881267919638,-0.0070783596664743,0.00071,1800.0
29.895207166671753,-0.012187063804188,-0.0083713115043477,0.00071,1800.0
29.996468544006348,-0.0112540486240058,-0.0095908929082044,0.00071,1800.0
30.09702181816101,-0.0102203526680073,-0.0106853801266616,0.00071,1800.0
30.19752597808838,-0.0090875146456959,-0.0116685066653945,0.00071,1800.0
30.29808735847473,-0.0078711227613406,-0.012523989622007,0.00071,1800.0
30.398650407791138,-0.0065891310348133,-0.0132435120018634,0.00071,1800.0
30.49921727180481,-0.0051367681953474,-0.0138796953265152,0.00071,1800.0
30.599772214889526,-0.0036986200336597,-0.0143372802288582,0.00071,1800.0
30.700321912765503,-0.002274460820721,-0.0146304510702432,0.00071,1800.0
30.80087161064148,-0.0007991446635845,-0.0147783232692934,0.00071,1800.0
30.901442289352417,-0.000353393095532,-0.0148084850930386,0.00071,1800.0
31.002023220062256,-0.000289,-0.0148119999999999,0.00071,1800.0
31.102600812911987,-0.001748003765911,-0.0136531731356609,0.00071,1800.0
31.193073272705078,-0.0055224468704608,-0.01065518289415,0.00071,1800.0
31.293633222579956,-0.0090105428563778,-0.007884574346262,0.00071,1800.0
31.400338411331177,-0.0094379999999999,-0.0075449999999999,0.00071,1800.0
31.50091862678528,-0.0094503428347255,-0.0075265289046764,0.00071,1800.0
31.601484060287476,-0.0096862381517221,-0.0071775508655308,0.00071,1800.0
31.70204210281372,-0.0104578290768463,-0.0059818137978724,0.00071,1800.0
31.793763875961304,-0.011067692041674,-0.0047483073844523,0.00071,1800.0
31.894338607788086,-0.0115626328009836,-0.0033575475637582,0.00071,1800.0
31.995250701904297,-0.0118831401171314,-0.0019133722157821,0.00071,1800.0
32.09582185745239,-0.0120267819700304,-0.000416053966844,0.00071,1800.0
32.19639587402344,-0.0119701369134679,0.0011433744139974,0.00071,1800.0
32.296958923339844,-0.0117395841494942,0.0026411712023661,0.00071,1800.0
32.398919105529785,-0.0113126224662601,0.004098231364712,0.00071,1800.0
32.49946331977844,-0.0107122340120042,0.0054896547184815,0.00071,1800.0
32.59998321533203,-0.0099535069382008,0.0067873014241212,0.00071,1800.0
32.700801372528076,-0.0090371167764813,0.0079682520049481,0.00071,1800.0
32.80136823654175,-0.007968744079836,0.0090359085667854,0.00071,1800.0
32.90194249153137,-0.0068084205790322,0.0099377606135137,0.00071,1800.0
33.00251650810242,-0.0055469941731558,0.0107027339154914,0.00071,1800.0
33.105907917022705,-0.0040767842909273,0.0113298764323965,0.00071,1800.0
33.19644212722778,-0.002801191152154,0.0117092824948617,0.00071,1800.0
33.29701280593872,-0.0012992309086517,0.0119617419196194,0.00071,1800.0
33.39754009246826,0.0001910385473856,0.0120304637008005,0.00071,1800.0
33.49809288978577,0.0017080098767407,0.0119182233488397,0.00071,1800.0
33.59867238998413,0.0031697253214297,0.0116236022184224,0.00071,1800.0
33.69924855232239,0.0045557698027048,0.0111457140837472,0.00071,1800.0
33.79993200302124,0.0059403946456361,0.0104714394504344,0.00071,1800.0
33.90051078796387,0.0072214163091623,0.009636055730026,0.00071,1800.0
34.00106978416443,0.0083126676994841,0.0087178101025194,0.00071,1800.0
34.10163450241089,0.0093323353013463,0.0076154809371202,0.00071,1800.0
34.20219588279724,0.0102405363953476,0.0063540038596842,0.00071,1800.0
34.29271650314331,0.0108890860082852,0.0051332966911398,0.00071,1800.0
34.39330339431763,0.0114269826606266,0.0037824068367106,0.00071,1800.0
34.49363040924072,0.0118107760725228,0.002290379210913,0.00071,1800.0
34.594202518463135,0.0120121903132658,0.0008237443014633,0.00071,1800.0
34.694766998291016,0.0120198172167479,-0.0006827875501111,0.00071,1800.0
34.795342683792114,0.0118340437298033,-0.0022148202088962,0.00071,1800.0
34.89601731300354,0.0114632041037184,-0.0036704477578847,0.00071,1800.0
34.99658536911011,0.0109126091739921,-0.0050843291283866,0.00071,1800.0
35.097161293029785,0.010220147977808,-0.0063675250468165,0.00071,1800.0
35.19853091239929,0.009353186556479,-0.0075841271065226,0.00071,1800.0
35.29910349845886,0.0083210615631234,-0.0087146511396906,0.00071,1800.0
35.39967942237854,0.0071681787057802,-0.0096833203780649,0.00071,1800.0
35.500248193740845,0.0058639244471369,-0.01052183506473,0.00071,1800.0
35.60082507133484,0.0045124544926733,-0.0111648136071485,0.00071,1800.0
35.70138454437256,0.0031222988379506,-0.0116376695279102,0.00071,1800.0
35.80354905128479,0.0016060129931457,-0.0119337475972584,0.00071,1800.0
35.89407300949097,0.0002395038012862,-0.0120372687399142,0.00071,1800.0
35.9946494102478,-0.0012644550608261,-0.0119668420506088,0.00071,1800.0
36.095216274261475,-0.0027541221601746,-0.0117100134920153,0.00071,1800.0
36.19578981399536,-0.0041848397168544,-0.0112923525395517,0.00071,1800.0
36.29636812210083,-0.0055103939438708,-0.0107056368409635,0.00071,1800.0
36.39694046974182,-0.0068221424881806,-0.0099332160000885,0.00071,1800.0
36.4975061416626,-0.0079845812767904,-0.0090283824230124,0.00071,1800.0
36.59947729110718,-0.0091046525170139,-0.0078982669615306,0.00071,1800.0
36.70005679130554,-0.0094007323785826,-0.0075850200952148,0.00071,1800.0
36.80064821243286,-0.0094379999999999,-0.0075449999999999,0.00071,1800.0
36.90123462677002,-0.0094379999999999,-0.0075449999999999,0.00071,0.0
