19493.399094820023,-0.016969299999999993,-0.005984399999999945,0.05751,1800.0
19493.499168634415,-0.016613199999999995,-0.0069210000000000105,0.05751,1800.0
19493.599351882935,-0.015993099999999996,-0.008250299999999988,0.05751,1800.0
19493.69917845726,-0.015993099999999996,-0.008250299999999988,0.05751,1800.0
19493.799191474915,-0.015149099999999999,-0.009701899999999986,0.05751,1800.0
19493.89917421341,-0.014179700000000003,-0.011072799999999994,0.05751,1800.0
19493.999106645584,-0.013171299999999997,-0.012262099999999998,0.05751,1800.0
19494.099145412445,-0.011970400000000006,-0.013435799999999998,0.05751,1800.0
19494.19968032837,-0.010662499999999991,-0.014488799999999968,0.05751,1800.0
19494.299201726913,-0.009368799999999997,-0.015358800000000006,0.05751,1800.0
19494.399248600006,-0.007899299999999998,-0.016171599999999953,0.05751,1800.0
19494.499217271805,-0.006355700000000006,-0.016832500000000028,0.05751,1800.0
19494.599139213562,-0.004873799999999998,-0.017317499999999986,0.05751,1800.0
19494.69922685623,-0.0032384999999999914,-0.017698099999999994,0.05751,1800.0
19494.799192667007,-0.0032384999999999914,-0.017698099999999994,0.05751,1800.0
19494.899296045303,-0.0015751999999999988,-0.017928999999999973,0.05751,1800.0
19494.999252796173,-1.7100000000006e-05,-0.017993199999999987,0.05751,1800.0
19495.099152326584,0.0016600000000000087,-0.01791290000000001,0.05751,1800.0
19495.199190616608,0.0032052000000000053,-0.01770440000000001,0.05751,1800.0
19495.29918074608,0.004958299999999999,-0.017300399999999994,0.05751,1800.0
19495.399285316467,0.00632400000000001,-0.01684540000000001,0.05751,1800.0
19495.49916744232,0.007865400000000008,-0.016179699999999964,0.05751,1800.0
19495.599181175232,0.009341599999999992,-0.015379399999999988,0.05751,1800.0
19495.699157714844,0.010735999999999996,-0.014443700000000004,0.05751,1800.0
19495.799157619476,0.012030899999999997,-0.013374699999999962,0.05751,1800.0
19495.89956355095,0.013144000000000003,-0.012283099999999991,0.05751,1800.0
19495.999136209488,0.013144000000000003,-0.012283099999999991,0.05751,1800.0
19496.099162817,0.014228599999999994,-0.011017799999999967,0.05751,1800.0
19496.199169397354,0.014802600000000013,-0.010223800000000005,0.05751,1800.0
19496.29917407036,0.015635200000000002,-0.008905499999999955,0.05751,1800.0
19496.3996322155,0.016444600000000004,-0.007299200000000006,0.05751,1800.0
19496.49913096428,0.016893199999999997,-0.006202099999999988,0.05751,1800.0
19496.59915447235,0.017242500000000008,-0.005161199999999977,0.05751,1800.0
19496.699146032333,0.0174864,-0.004229999999999956,0.05751,1800.0
19496.799676656723,0.017672800000000002,-0.0033522999999999747,0.05751,1800.0
19496.89937567711,0.017835699999999996,-0.002369299999999963,0.05751,1800.0
19496.999353408813,0.017965700000000015,-0.0009235999999999689,0.05751,1800.0
19497.099126577377,0.017972000000000002,0.0007552000000000114,0.05751,1800.0
19497.19916677475,0.017972000000000002,0.0007552000000000114,0.05751,1800.0
19497.29917407036,0.017849699999999996,0.0022413000000000016,0.05751,1800.0
19497.399173736572,0.017702300000000004,0.0031915000000000138,0.05751,1800.0
19497.499095916748,0.017554700000000006,0.003965100000000055,0.05751,1800.0
19497.59920310974,0.017284000000000008,0.005008500000000027,0.05751,1800.0
19497.699566841125,0.016899499999999998,0.006180399999999975,0.05751,1800.0
19497.799250602722,0.016465700000000014,0.0072489000000000026,0.05751,1800.0
19497.89917421341,0.015781299999999998,0.008649900000000044,0.05751,1800.0
19497.99967980385,0.014903,0.01008110000000001,0.05751,1800.0
19498.09916138649,0.014310100000000006,0.01091700000000001,0.05751,1800.0
19498.19943022728,0.013345899999999994,0.012070200000000031,0.05751,1800.0
19498.29943728447,0.013345899999999994,0.012070200000000031,0.05751,1800.0
19498.399537801743,0.012158799999999997,0.013257700000000039,0.05751,1800.0
19498.49973487854,0.010871900000000004,0.014336100000000018,0.05751,1800.0
19498.59918475151,0.009491600000000003,0.015292600000000045,0.05751,1800.0
19498.699112415314,0.008129299999999992,0.016051499999999996,0.05751,1800.0
19498.799080848694,0.006596500000000005,0.016736799999999996,0.05751,1800.0
19498.899167060852,0.0050091000000000024,0.017284200000000027,0.05751,1800.0
19498.999077796936,0.0034943000000000057,0.017655200000000038,0.05751,1800.0
19499.099136829376,0.0018325999999999898,0.0178971,0.05751,1800.0
19499.19968676567,0.0001562000000000091,0.017989900000000003,0.05751,1800.0
19499.299147844315,-0.0014022999999999952,0.01794079999999998,0.05751,1800.0
19499.399178028107,-0.0030685999999999908,0.01773229999999998,0.05751,1800.0
19499.49977040291,-0.0030685999999999908,0.01773229999999998,0.05751,1800.0
19499.599343299866,-0.004591200000000004,0.01739590000000002,0.05751,1800.0
19499.699209690094,-0.0061925000000000036,0.016890799999999984,0.05751,1800.0
19499.79914355278,-0.0077435,0.01624730000000002,0.05751,1800.0
19499.89920258522,-0.009120099999999992,0.015514300000000036,0.05751,1800.0
19499.999101877213,-0.010522600000000007,0.014590999999999965,0.05751,1800.0
19500.099919319153,-0.011838299999999996,0.013547800000000054,0.05751,1800.0
19500.199728488922,-0.013054700000000002,0.012390200000000018,0.05751,1800.0
19500.299194335938,-0.014074699999999996,0.011210600000000015,0.05751,1800.0
19500.3991689682,-0.015054499999999998,0.009847099999999998,0.05751,1800.0
19500.599145650864,-0.016571500000000003,0.00702470000000005,0.05751,1800.0
19500.69915175438,-0.016571500000000003,0.00702470000000005,0.05751,1800.0
19500.799097776413,-0.016916100000000003,0.006124300000000027,0.05751,1800.0
19500.899262428284,-0.017388200000000006,0.004638200000000037,0.05751,1800.0
19500.9992249012,-0.017740900000000004,0.002996700000000019,0.05751,1800.0
19501.09911966324,-0.017938899999999994,0.0013293999999999806,0.05751,1800.0
19501.199167251587,-0.017988000000000004,-0.00034879999999998246,0.05751,1800.0
19501.299166679382,-0.017896800000000004,-0.0019055000000000044,0.05751,1800.0
19501.399161815643,-0.017731399999999994,-0.003067199999999992,0.05751,1800.0
19501.499086380005,-0.0174416,-0.004436799999999963,0.05751,1800.0
19501.59917497635,-0.0170583,-0.005742499999999984,0.05751,1800.0
19501.699524641037,-0.017048999999999995,-0.005772999999999973,0.05751,1800.0
19501.799157857895,-0.017048999999999995,-0.005772999999999973,0.05751,1800.0
19501.899171113968,-0.017041199999999992,-0.005771299999999979,0.05751,0.0
19501.999091386795,-0.011308899999999997,-0.004495399999999983,0.05751,0.0
19502.399139404297,0.008886999999999992,5.551115123125783e-17,0.05751,0.0
19502.499186515808,0.008886999999999992,5.551115123125783e-17,0.05751,1800.0
19502.59908270836,0.00883890000000001,-0.0007997999999999617,0.05751,1800.0
19502.699044942856,0.0085321,-0.0024476999999999416,0.05751,1800.0
19502.799173355103,0.007922100000000001,-0.004010099999999961,0.05751,1800.0
19502.899171113968,0.0070230999999999905,-0.005425399999999969,0.05751,1800.0
19502.99913597107,0.0070230999999999905,-0.005425399999999969,0.05751,1800.0
19503.099140405655,0.0059686000000000045,-0.006571799999999961,0.05751,1800.0
19503.199171304703,0.004625099999999993,-0.007574599999999987,0.05751,1800.0
19503.299168109894,0.003229899999999994,-0.008266499999999954,0.05751,1800.0
19503.399076461792,0.0016185999999999978,-0.008727299999999993,0.05751,1800.0
19503.499132871628,-5.189999999999362e-05,-0.008877799999999991,0.05751,1800.0
19503.599175930023,-0.0016025999999999957,-0.00873299999999999,0.05751,1800.0
19503.69917035103,-0.0032162000000000024,-0.008274899999999974,0.05751,1800.0
19503.79917192459,-0.004713599999999998,-0.007520899999999997,0.05751,1800.0
19503.899181604385,-0.005955699999999994,-0.006581200000000009,0.05751,1800.0
19503.999137163162,-0.007086099999999998,-0.005343600000000004,0.05751,1800.0
19504.099175930023,-0.007966799999999996,-0.003916599999999992,0.05751,1800.0
19504.19914841652,-0.007966799999999996,-0.003916599999999992,0.05751,1800.0
19504.29913163185,-0.008528999999999995,-0.0024644999999999806,0.05751,1800.0
19504.39917755127,-0.008839999999999987,-0.000816299999999992,0.05751,1800.0
19504.499146938324,-0.008834599999999998,0.000860300000000036,0.05751,1800.0
19504.59916973114,-0.0085475,0.0023911999999999822,0.05751,1800.0
19504.699278354645,-0.007945699999999986,0.003955700000000006,0.05751,1800.0
19504.799120426178,-0.0070603000000000055,0.005379800000000046,0.05751,1800.0
19504.899209976196,-0.005921899999999994,0.006610000000000005,0.05751,1800.0
19504.999200582504,-0.0046765,0.0075453000000000325,0.05751,1800.0
19505.099167346954,-0.003174200000000002,0.008289600000000008,0.05751,1800.0
19505.199222803116,-0.0016763000000000056,0.008716700000000022,0.05751,1800.0
19505.29918384552,-0.0016763000000000056,0.008716700000000022,0.05751,1800.0
19505.399213552475,-7.399999999990747e-06,0.008876400000000007,0.05751,1800.0
19505.49918603897,0.0015439000000000008,0.008738599999999985,0.05751,1800.0
19505.59908056259,0.0031603000000000048,0.008295500000000067,0.05751,1800.0
19505.699138641357,0.004663600000000004,0.007552200000000009,0.05751,1800.0
19505.799173116684,0.006000600000000009,0.00654070000000001,0.05751,1800.0
19505.899167776108,0.007051000000000002,0.005390600000000023,0.05751,1800.0
19505.999158382416,0.007940700000000009,0.0039696000000000176,0.05751,1800.0
19506.099228858948,0.0085456,0.0024051999999999962,0.05751,1800.0
19506.19910621643,0.00883429999999999,0.0008750000000000147,0.05751,1800.0
19506.29904127121,0.008886999999999992,5.551115123125783e-17,0.05751,1800.0
19506.39903998375,0.008886999999999992,5.551115123125783e-17,0.05751,1800.0
19506.499049663544,0.008886999999999992,5.551115123125783e-17,0.05751,1800.0
19506.59910774231,0.007836300000000004,-0.0003882000000000052,0.05751,0.0
19506.69918012619,-0.00015339999999999798,-0.0033396999999999455,0.05751,0.0
19506.99911761284,-0.013946,-0.00843499999999997,0.05751,0.0
19507.09914135933,-0.013946,-0.00843499999999997,0.05751,1800.0
19507.199075222015,-0.013866799999999999,-0.00855659999999997,0.05751,1800.0
19507.299210071564,-0.012944499999999998,-0.009888000000000008,0.05751,1800.0
19507.399193048477,-0.011863499999999985,-0.011172799999999983,0.05751,1800.0
19507.49957895279,-0.01073819999999999,-0.012252099999999988,0.05751,1800.0
19507.59915995598,-0.01073819999999999,-0.012252099999999988,0.05751,1800.0
19507.699169397354,-0.009419900000000009,-0.013291799999999965,0.05751,1800.0
19507.799130678177,-0.008003899999999994,-0.014193799999999979,0.05751,1800.0
19507.899065494537,-0.006498599999999993,-0.014937599999999995,0.05751,1800.0
19507.999216794968,-0.005042699999999997,-0.015495800000000004,0.05751,1800.0
19508.09914970398,-0.003420400000000004,-0.015927799999999992,0.05751,1800.0
19508.199037075043,-0.0018822000000000005,-0.01618219999999998,0.05751,1800.0
19508.29903817177,-0.00020699999999999885,-0.01629560000000002,0.05751,1800.0
19508.399224996567,0.0014704999999999996,-0.01622329999999994,0.05751,1800.0
19508.499164819717,0.003133800000000006,-0.015993199999999985,0.05751,1800.0
19508.599194526672,0.004646700000000004,-0.015615699999999955,0.05751,1800.0
19508.69911146164,0.0062288000000000066,-0.015053800000000006,0.05751,1800.0
19508.799077033997,0.0062288000000000066,-0.015053800000000006,0.05751,1800.0
19508.89914369583,0.00774720000000001,-0.014337299999999997,0.05751,1800.0
19508.99963760376,0.0090784,-0.013525499999999968,0.05751,1800.0
19509.099050998688,0.010425799999999999,-0.012523600000000024,0.05751,1800.0
19509.199142932892,0.0116565,-0.011381699999999995,0.05751,1800.0
19509.299087524414,0.012689500000000006,-0.010213999999999945,0.05751,1800.0
19509.3991625309,0.013679300000000005,-0.008857799999999971,0.05751,1800.0
19509.499132156372,0.014511099999999999,-0.007399199999999995,0.05751,1800.0
19509.599170684814,0.01515480000000001,-0.005979299999999965,0.05751,1800.0
19509.69915318489,0.01565860000000001,-0.004503900000000005,0.05751,1800.0
19509.79919576645,0.016033700000000012,-0.00286740000000002,0.05751,1800.0
19509.89915752411,0.016252599999999992,-0.0012025999999999981,0.05751,1800.0
19509.999202013016,0.016252599999999992,-0.0012025999999999981,0.05751,1800.0
19510.09933948517,0.01628120000000001,0.00047610000000003483,0.05751,1800.0
19510.199167728424,0.016149399999999994,0.002149900000000038,0.05751,1800.0
19510.29915690422,0.015871400000000008,0.0036839000000000177,0.05751,1800.0
19510.399208307266,0.015403299999999995,0.005296400000000034,0.05751,1800.0
19510.499049186707,0.014785300000000001,0.006857600000000019,0.05751,1800.0
19510.599118947983,0.0140546,0.008234999999999992,0.05751,1800.0
19510.69980454445,0.013203500000000007,0.009541200000000027,0.05751,1800.0
19510.799087524414,0.012157000000000001,0.010854200000000036,0.05751,1800.0
19510.89911031723,0.010969500000000007,0.012041300000000033,0.05751,1800.0
19510.99947333336,0.009677000000000005,0.013113099999999989,0.05751,1800.0
19511.099122047424,0.008272699999999994,0.01403340000000003,0.05751,1800.0
19511.199075222015,0.008272699999999994,0.01403340000000003,0.05751,1800.0
19511.29917907715,0.006894299999999992,0.014761899999999994,0.05751,1800.0
19511.399146318436,0.005339800000000006,0.01539630000000003,0.05751,1800.0
19511.499118328094,0.0037255000000000066,0.01585819999999999,0.05751,1800.0
19511.59946155548,0.002193300000000009,0.016146800000000017,0.05751,1800.0
19511.699689149857,0.0005199000000000037,0.01628240000000003,0.05751,1800.0
19511.799158334732,-0.0011588000000000015,0.016250700000000007,0.05751,1800.0
19511.899248600006,-0.0027076999999999934,0.01607110000000006,0.05751,1800.0
19511.999178409576,-0.0043451999999999935,0.01569970000000004,0.05751,1800.0
19512.099135160446,-0.005826999999999999,0.015215100000000037,0.05751,1800.0
19512.199185848236,-0.007361599999999996,0.0145343,0.05751,1800.0
19512.29914546013,-0.007361599999999996,0.0145343,0.05751,1800.0
19512.399073123932,-0.00891879999999999,0.013633700000000026,0.05751,1800.0
19512.499173879623,-0.010091100000000006,0.01279830000000004,0.05751,1800.0
19512.599212646484,-0.011349200000000004,0.011686400000000041,0.05751,1800.0
19512.69921350479,-0.012495099999999995,0.010459099999999999,0.05751,1800.0
19512.79918527603,-0.013502299999999995,0.00911590000000001,0.05751,1800.0
19512.899185180664,-0.014367399999999989,0.007676999999999989,0.05751,1800.0
19512.99920630455,-0.015042400000000011,0.006271599999999988,0.05751,1800.0
19513.09917497635,-0.015599500000000002,0.004687600000000014,0.05751,1800.0
19513.199050188065,-0.016005100000000008,0.003058300000000014,0.05751,1800.0
19513.299115896225,-0.016221600000000003,0.0015144000000000268,0.05751,1800.0
19513.39917063713,-0.016287999999999997,-0.00016319999999997448,0.05751,1800.0
19513.499361276627,-0.016287999999999997,-0.00016319999999997448,0.05751,1800.0
19513.599155664444,-0.0162066,-0.001720200000000005,0.05751,1800.0
19513.699199438095,-0.015934699999999996,-0.0033769999999999634,0.05751,1800.0
19513.799132585526,-0.0155058,-0.005000199999999955,0.05751,1800.0
19513.89915752411,-0.014909199999999997,-0.006569400000000003,0.05751,1800.0
19513.999086380005,-0.014209399999999997,-0.007962499999999983,0.05751,1800.0
19514.099063634872,-0.013946,-0.00843499999999997,0.05751,1800.0
19514.19904613495,-0.013946,-0.00843499999999997,0.05751,0.0
19514.2990398407,-0.011872999999999995,-0.007722399999999963,0.05751,0.0
19514.799124717712,0.010590000000000002,5.551115123125783e-17,0.05751,0.0
19514.899215459824,0.010590000000000002,5.551115123125783e-17,0.05751,1800.0
19514.99912261963,0.010571200000000003,-0.0003237999999999852,0.05751,1800.0
19515.0991191864,0.010405899999999996,-0.0018694999999999684,0.05751,1800.0
19515.19916701317,0.010020399999999999,-0.0033787000000000122,0.05751,1800.0
19515.299213647842,0.009367899999999998,-0.0049243999999999954,0.05751,1800.0
19515.39919400215,0.008468100000000006,-0.006341099999999988,0.05751,1800.0
19515.69921565056,0.004728100000000013,-0.009470699999999999,0.05751,1800.0
19515.799320936203,0.004728100000000013,-0.009470699999999999,0.05751,1800.0
19515.89946603775,0.0031689000000000023,-0.010089300000000023,0.05751,1800.0
19515.999207019806,0.0016519000000000117,-0.010441900000000004,0.05751,1800.0
19516.099055051804,-2.0000000000006124e-05,-0.010577500000000017,0.05751,1800.0
19516.19912290573,-0.0016924999999999996,-0.010444999999999982,0.05751,1800.0
19516.29917907715,-0.003207600000000005,-0.010080299999999986,0.05751,1800.0
19516.39918589592,-0.004758699999999991,-0.009441299999999986,0.05751,1800.0
19516.499145269394,-0.006195499999999993,-0.008575300000000008,0.05751,1800.0
19516.599441051483,-0.007393700000000003,-0.007578299999999982,0.05751,1800.0
19516.699185848236,-0.008487399999999992,-0.006305999999999978,0.05751,1800.0
19516.799153327942,-0.009376599999999999,-0.004884100000000002,0.05751,1800.0
19516.899228811264,-0.009999800000000003,-0.0034563999999999706,0.05751,1800.0
19516.9990940094,-0.009999800000000003,-0.0034563999999999706,0.05751,1800.0
19517.09909415245,-0.010420700000000005,-0.001832300000000009,0.05751,1800.0
19517.19940495491,-0.010572999999999999,-0.00016139999999997823,0.05751,1800.0
19517.299237966537,-0.010481000000000004,0.0013936000000000504,0.05751,1800.0
19517.399243593216,-0.010134899999999988,0.0030352000000000157,0.05751,1800.0
19517.49917459488,-0.009529399999999993,0.00459970000000004,0.05751,1800.0
19517.599132061005,-0.008743500000000001,0.0059446999999999695,0.05751,1800.0
19517.69922399521,-0.007774400000000001,0.007163900000000001,0.05751,1800.0
19517.79974269867,-0.006458199999999997,0.0083878,0.05751,1800.0
19517.899205207825,-0.005152799999999999,0.009239500000000012,0.05751,1800.0
19517.999185562134,-0.003625199999999995,0.009933100000000028,0.05751,1800.0
19518.09916472435,-0.0020094000000000084,0.010384100000000007,0.05751,1800.0
19518.199140548706,-0.0020094000000000084,0.010384100000000007,0.05751,1800.0
19518.299223661423,-0.00034250000000000946,0.010576200000000036,0.05751,1800.0
19518.39917588234,0.0012144000000000044,0.01050950000000006,0.05751,1800.0
19518.499271392822,0.002743100000000012,0.010210600000000014,0.05751,1800.0
19518.59939932823,0.004323400000000005,0.009649399999999975,0.05751,1800.0
19518.69957590103,0.005801000000000001,0.008854799999999996,0.05751,1800.0
19518.799221754074,0.00712320000000001,0.00782090000000002,0.05751,1800.0
19518.899215698242,0.00819049999999999,0.006686000000000025,0.05751,1800.0
19518.9991440773,0.009148400000000001,0.0053086999999999995,0.05751,1800.0
19519.09938120842,0.009878999999999999,0.0037979000000000207,0.05751,1800.0
19519.199211597443,0.010346099999999997,0.0021866000000000385,0.05751,1800.0
19519.29971766472,0.010346099999999997,0.0021866000000000385,0.05751,1800.0
19519.39967417717,0.010551700000000011,0.0006427000000000516,0.05751,1800.0
19519.499147176743,0.010590000000000002,5.551115123125783e-17,0.05751,1800.0
19519.599212408066,0.010590000000000002,5.551115123125783e-17,0.05751,0.0
19519.699239730835,0.008465700000000007,-0.0003988999999999798,0.05751,0.0
19520.099232673645,-0.013854000000000005,-0.004588999999999954,0.05751,0.0
19520.199186325073,-0.013854000000000005,-0.004588999999999954,0.05751,1800.0
19520.299465417862,-0.013844099999999998,-0.004622299999999968,0.05751,1800.0
19520.39922785759,-0.013297299999999998,-0.0060050999999999854,0.05751,1800.0
19520.499604463577,-0.013297299999999998,-0.0060050999999999854,0.05751,1800.0
19520.599183797836,-0.012583099999999986,-0.007390799999999975,0.05751,1800.0
19520.69963645935,-0.011953999999999992,-0.008376500000000009,0.05751,1800.0
19520.799171447754,-0.01104540000000001,-0.009533299999999967,0.05751,1800.0
19520.89918923378,-0.009967299999999998,-0.010659599999999991,0.05751,1800.0
19520.999287605286,-0.0086749,-0.01173059999999998,0.05751,1800.0
19521.09925055504,-0.0072741999999999946,-0.012656399999999957,0.05751,1800.0
19521.199161291122,-0.005769300000000005,-0.013400999999999996,0.05751,1800.0
19521.29922604561,-0.004308599999999996,-0.013945899999999956,0.05751,1800.0
19521.399678707123,-0.0026774999999999993,-0.014343899999999965,0.05751,1800.0
19521.499104499817,-0.0010124999999999856,-0.014556499999999972,0.05751,1800.0
19521.59924507141,-0.0010124999999999856,-0.014556499999999972,0.05751,1800.0
19521.699184179306,0.0005462999999999996,-0.014581899999999981,0.05751,1800.0
19521.79958152771,0.0022169000000000078,-0.014419999999999988,0.05751,1800.0
19521.899583101273,0.0038606000000000057,-0.01407750000000002,0.05751,1800.0
19521.999178171158,0.005337800000000004,-0.013578999999999952,0.05751,1800.0
19522.09916949272,0.006865300000000005,-0.01288239999999996,0.05751,1800.0
19522.19927930832,0.008196000000000009,-0.012069899999999967,0.05751,1800.0
19522.299748659134,0.009531200000000004,-0.011052600000000024,0.05751,1800.0
19522.39913582802,0.010735999999999996,-0.009883099999999978,0.05751,1800.0
19522.499146938324,0.011729500000000004,-0.008681999999999968,0.05751,1800.0
19522.599232435226,0.0126473,-0.0071733999999999964,0.05751,1800.0
19522.69912147522,0.013396600000000009,-0.00577430000000001,0.05751,1800.0
19522.79911351204,0.0139402,-0.0043131999999999615,0.05751,1800.0
19522.899106025696,0.0139402,-0.0043131999999999615,0.05751,1800.0
19522.999132156372,0.014338900000000002,-0.0026826999999999823,0.05751,1800.0
19523.099115371704,0.014559600000000006,-0.0010184000000000304,0.05751,1800.0
19523.199523687363,0.014577599999999996,0.0005404999999999993,0.05751,1800.0
19523.299194335938,0.014425499999999994,0.0022123000000000004,0.05751,1800.0
19523.39921450615,0.014072000000000001,0.0038536000000000126,0.05751,1800.0
19523.499228954315,0.013535400000000003,0.0054439000000000015,0.05751,1800.0
19523.599200487137,0.012879100000000004,0.006858000000000031,0.05751,1800.0
19523.699231147766,0.012004899999999999,0.00829089999999999,0.05751,1800.0
19523.799209594727,0.0110547,0.009526800000000002,0.05751,1800.0
19523.89919257164,0.00988470000000001,0.010730300000000026,0.05751,1800.0
19523.999220132828,0.00988470000000001,0.010730300000000026,0.05751,1800.0
19524.09923672676,0.008591799999999997,0.011801300000000015,0.05751,1800.0
19524.19917845726,0.007175700000000007,0.012703499999999979,0.05751,1800.0
19524.299399137497,0.005782000000000009,0.013401700000000016,0.05751,1800.0
19524.399208068848,0.004203200000000004,0.013972700000000005,0.05751,1800.0
19524.499230384827,0.0025705000000000033,0.014361999999999986,0.05751,1800.0
19524.599137067795,0.0010237000000000024,0.01455679999999998,0.05751,1800.0
19524.69912481308,-0.000654799999999997,0.014576100000000036,0.05751,1800.0
19524.79913663864,-0.002325800000000003,0.014411600000000024,0.05751,1800.0
19524.899131298065,-0.0038476999999999956,0.014073400000000014,0.05751,1800.0
19524.999150276184,-0.005441199999999993,0.013544600000000018,0.05751,1800.0
19525.09913611412,-0.0069578,0.012824400000000014,0.05751,1800.0
19525.19913482666,-0.0069578,0.012824400000000014,0.05751,1800.0
19525.29919409752,-0.008385199999999995,0.011941299999999988,0.05751,1800.0
19525.399193048477,-0.009611300000000003,0.010978300000000052,0.05751,1800.0
19525.499292612076,-0.010638999999999996,0.009991899999999998,0.05751,1800.0
19525.599207639694,-0.011319899999999994,0.009214800000000023,0.05751,1800.0
19525.69916176796,-0.012012099999999998,0.008289800000000014,0.05751,1800.0
19525.7991836071,-0.012786999999999993,0.007022500000000043,0.05751,1800.0
19525.899127960205,-0.013441800000000004,0.005692199999999981,0.05751,1800.0
19525.999176740646,-0.013783599999999993,0.00479240000000003,0.05751,1800.0
19526.099467992783,-0.014212099999999991,0.0032937000000000105,0.05751,1800.0
19526.199130773544,-0.014502899999999999,0.001640200000000036,0.05751,1800.0
19526.29924273491,-0.014502899999999999,0.001640200000000036,0.05751,1800.0
19526.399231910706,-0.014588000000000004,-0.00015640000000000098,0.05751,1800.0
19526.499611377716,-0.014492999999999992,-0.0017123,0.05751,1800.0
19526.59918498993,-0.014222399999999996,-0.003247600000000017,0.05751,1800.0
19526.69921040535,-0.013855999999999993,-0.004582599999999992,0.05751,1800.0
19526.79930782318,-0.013854000000000005,-0.004588999999999954,0.05751,1800.0
19526.899107694626,-0.013846200000000003,-0.004587700000000028,0.05751,0.0
19526.999172449112,-0.006847099999999995,-0.0033593000000000095,0.05751,0.0
19527.49916768074,0.012292999999999998,5.551115123125783e-17,0.05751,0.0
19527.59918642044,0.012292999999999998,5.551115123125783e-17,0.05751,1800.0
19527.699117422104,0.012237700000000004,-0.0009195999999999649,0.05751,1800.0
19527.799170970917,0.012001600000000001,-0.0025803999999999827,0.05751,1800.0
19527.899198532104,0.011580800000000002,-0.004080899999999998,0.05751,1800.0
19527.99908208847,0.010922000000000001,-0.00562479999999993,0.05751,1800.0
19528.099183797836,0.010049299999999997,-0.007059099999999985,0.05751,1800.0
19528.19916677475,0.009074200000000004,-0.008275599999999939,0.05751,1800.0
19528.2991669178,0.007863800000000004,-0.009439199999999981,0.05751,1800.0
19528.399143218994,0.006499999999999992,-0.010417699999999974,0.05751,1800.0
19528.49917626381,0.005127199999999998,-0.011155099999999973,0.05751,1800.0
19528.59916830063,0.0035572000000000104,-0.011745799999999973,0.05751,1800.0
19528.699172496796,0.0035572000000000104,-0.011745799999999973,0.05751,1800.0
19528.79936146736,0.0019224000000000047,-0.012120100000000023,0.05751,1800.0
19528.899187088013,0.0003717000000000026,-0.012266800000000022,0.05751,1800.0
19528.999158620834,-0.0013048999999999977,-0.01220460000000001,0.05751,1800.0
19529.099171876907,-0.0029580000000000023,-0.0119166,0.05751,1800.0
19529.199200868607,-0.004556699999999997,-0.011405299999999952,0.05751,1800.0
19529.299278736115,-0.005963399999999994,-0.010733699999999957,0.05751,1800.0
19529.399544239044,-0.007373699999999997,-0.009823200000000032,0.05751,1800.0
19529.499200820923,-0.008647700000000008,-0.008729799999999954,0.05751,1800.0
19529.599282741547,-0.009680399999999992,-0.00756190000000001,0.05751,1800.0
19529.699143886566,-0.010614899999999997,-0.006168199999999957,0.05751,1800.0
19529.799146175385,-0.010614899999999997,-0.006168199999999957,0.05751,1800.0
19529.89917731285,-0.011355099999999993,-0.004662499999999958,0.05751,1800.0
19529.999201774597,-0.011852799999999997,-0.0031862999999999753,0.05751,1800.0
19530.099459409714,-0.012175900000000003,-0.0015399999999999858,0.05751,1800.0
19530.19916820526,-0.012273000000000006,1.489999999998437e-05,0.05751,1800.0
19530.29917192459,-0.01215759999999999,0.0016887999999999903,0.05751,1800.0
19530.399108171463,-0.011815999999999993,0.00333159999999999,0.05751,1800.0
19530.499111890793,-0.011299900000000002,0.004801900000000026,0.05751,1800.0
19530.59913468361,-0.0105431,0.006299800000000022,0.05751,1800.0
19530.69922399521,-0.009593299999999999,0.007683800000000018,0.05751,1800.0
19530.79915380478,-0.008450100000000002,0.008913500000000019,0.05751,1800.0
19530.899132966995,-0.007251499999999994,0.009910100000000033,0.05751,1800.0
19530.999126195908,-0.007251499999999994,0.009910100000000033,0.05751,1800.0
19531.099182367325,-0.005831399999999987,0.010804800000000059,0.05751,1800.0
19531.199228048325,-0.0043027000000000065,0.011496700000000026,0.05751,1800.0
19531.299447774887,-0.0028114999999999946,0.011948700000000034,0.05751,1800.0
19531.399201393127,-0.0011554999999999899,0.012218600000000024,0.05751,1800.0
19531.49916791916,0.0005215999999999971,0.012262300000000004,0.05751,1800.0
19531.599313735962,0.002070599999999992,0.012096900000000022,0.05751,1800.0
19531.699136972427,0.003586099999999995,0.011737500000000012,0.05751,1800.0
19531.79916715622,0.005154800000000001,0.011143299999999967,0.05751,1800.0
19531.89909219742,0.006629800000000005,0.01034240000000003,0.05751,1800.0
19531.9991877079,0.007976499999999997,0.009340100000000018,0.05751,1800.0
19532.099202871323,0.009173899999999999,0.008163500000000046,0.05751,1800.0
19532.19917488098,0.009173899999999999,0.008163500000000046,0.05751,1800.0
19532.29917025566,0.010135900000000003,0.006936600000000015,0.05751,1800.0
19532.399155139923,0.010984599999999997,0.0054883000000000015,0.05751,1800.0
19532.499143123627,0.0115899,0.004052200000000006,0.05751,1800.0
19532.599185228348,0.012029499999999999,0.0024329000000000156,0.05751,1800.0
19532.69917488098,0.012246999999999994,0.0007697999999999872,0.05751,1800.0
19532.79928779602,0.012292999999999998,5.551115123125783e-17,0.05751,1800.0
19532.89921593666,0.012292999999999998,5.551115123125783e-17,0.05751,1800.0
19532.999574184418,0.012292999999999998,5.551115123125783e-17,0.05751,0.0
19533.099140644073,0.012292999999999998,5.551115123125783e-17,0.05751,0.0
19537.428291883447,-0.017048999999999995,-0.021401802092622962,0.05751,0.0
