2530.3991522789,-0.0006550000000000028,0.017581000000000013,0.00781,1800.0
2530.4991686344147,-0.0007918999999999982,0.017573600000000023,0.00781,1800.0
2530.5992052555084,-0.0022805999999999937,0.017442000000000013,0.00781,1800.0
2530.6990859508514,-0.003933800000000001,0.017147300000000032,0.00781,1800.0
2530.7991852760315,-0.005550100000000002,0.016691999999999985,0.00781,1800.0
2530.8991956710815,-0.007116300000000006,0.016086300000000053,0.00781,1800.0
2530.999181032181,-0.008513899999999991,0.015394799999999986,0.00781,1800.0
2531.099080324173,-0.008513899999999991,0.015394799999999986,0.00781,1800.0
2531.1991584300995,-0.009942199999999998,0.014511800000000019,0.00781,1800.0
2531.299077987671,-0.011279999999999998,0.013496900000000034,0.00781,1800.0
2531.3990619182587,-0.012430499999999997,0.012444400000000022,0.00781,1800.0
2531.4990453720093,-0.013563999999999993,0.011205400000000032,0.00781,1800.0
2531.5991377830505,-0.014565999999999996,0.009858000000000033,0.00781,1800.0
2531.699141263962,-0.015381599999999995,0.008529100000000012,0.00781,1800.0
2531.799072742462,-0.016128299999999998,0.007025100000000006,0.00781,1800.0
2531.8991606235504,-0.016723500000000002,0.005455000000000043,0.00781,1800.0
2531.999037027359,-0.0171626,0.0038344000000000156,0.00781,1800.0
2532.099103450775,-0.0174362,0.00229950000000001,0.00781,1800.0
2532.19917011261,-0.0174362,0.00229950000000001,0.00781,1800.0
2532.299157142639,-0.017540700000000006,0.0012399999999999634,0.00781,1800.0
2532.399155855179,-0.01758399999999999,-0.00015049999999999786,0.00781,1800.0
2532.499132156372,-0.0175356,-0.0013239999999999919,0.00781,1800.0
2532.5992319583893,-0.0173754,-0.002715999999999996,0.00781,1800.0
2532.6991391181946,-0.0170699,-0.004244999999999943,0.00781,1800.0
2532.7992091178894,-0.016589099999999996,-0.005853699999999962,0.00781,1800.0
2532.8991470336914,-0.015951599999999996,-0.0074071,0.00781,1800.0
2532.9991326332092,-0.015233799999999992,-0.008791300000000002,0.00781,1800.0
2533.099143743515,-0.014331999999999998,-0.010207799999999989,0.00781,1800.0
2533.199142932892,-0.013367799999999985,-0.011433499999999985,0.00781,1800.0
2533.299039363861,-0.012129399999999999,-0.012738499999999986,0.00781,1800.0
2533.3991532325745,-0.012129399999999999,-0.012738499999999986,0.00781,1800.0
2533.4991750717163,-0.010954299999999986,-0.013763499999999984,0.00781,1800.0
2533.5990767478943,-0.009694999999999995,-0.01468330000000001,0.00781,1800.0
2533.6990642547607,-0.008248099999999994,-0.015535599999999983,0.00781,1800.0
2533.7991614341736,-0.006618299999999994,-0.01629720000000001,0.00781,1800.0
2533.8991165161133,-0.005150100000000005,-0.016822699999999968,0.00781,1800.0
2533.9991583824158,-0.0036397999999999986,-0.017211100000000035,0.00781,1800.0
2534.099172592163,-0.0019821999999999895,-0.01748029999999995,0.00781,1800.0
2534.199159383774,-0.00030639999999999834,-0.017587499999999978,0.00781,1800.0
2534.299068212509,0.0012525999999999926,-0.01754929999999999,0.00781,1800.0
2534.3991701602936,0.003038000000000013,-0.017327099999999984,0.00781,1800.0
2534.499174118042,0.004560900000000007,-0.016991599999999996,0.00781,1800.0
2534.599142551422,0.004560900000000007,-0.016991599999999996,0.00781,1800.0
2534.6991539001465,0.006046600000000013,-0.016517899999999974,0.00781,1800.0
2534.7991721630096,0.007486300000000001,-0.015919000000000016,0.00781,1800.0
2534.899175643921,0.009073500000000012,-0.015071799999999969,0.00781,1800.0
2534.999189853668,0.010371999999999992,-0.01420840000000001,0.00781,1800.0
2535.099181175232,0.011678400000000005,-0.013153299999999979,0.00781,1800.0
2535.1991233825684,0.012879500000000002,-0.011979799999999985,0.00781,1800.0
2535.299169778824,0.013893600000000006,-0.010795200000000005,0.00781,1800.0
2535.3991849422455,0.014473,-0.009996299999999958,0.00781,1800.0
2535.6991577148438,0.016660300000000003,-0.005631799999999965,0.00781,1800.0
2535.7991399765015,0.016660300000000003,-0.005631799999999965,0.00781,1800.0
2535.8991479873657,0.01712580000000001,-0.004018400000000033,0.00781,1800.0
2535.999172925949,0.01741680000000001,-0.0024865000000000026,0.00781,1800.0
2536.099123954773,0.017515100000000006,-0.001592299999999991,0.00781,1800.0
2536.199149608612,0.017592999999999998,7.989999999996611e-05,0.00781,1800.0
2536.299150466919,0.017511300000000007,0.0016268000000000393,0.00781,1800.0
2536.3991706371307,0.01741229999999999,0.0025265000000000426,0.00781,1800.0
2536.49910902977,0.0170854,0.004173500000000052,0.00781,1800.0
2536.599096059799,0.016608399999999995,0.005783399999999994,0.00781,1800.0
2536.6991217136383,0.01603299999999999,0.007232499999999975,0.00781,1800.0
2536.799170255661,0.0152732,0.008729700000000007,0.00781,1800.0
2536.899156332016,0.0152732,0.008729700000000007,0.00781,1800.0
2536.9991533756256,0.0144074,0.010088900000000012,0.00781,1800.0
2537.0991570949554,0.013867699999999997,0.010826800000000025,0.00781,1800.0
2537.199140548706,0.012768600000000005,0.012096400000000007,0.00781,1800.0
2537.299082994461,0.011557600000000001,0.013259500000000035,0.00781,1800.0
2537.3991305828094,0.01033930000000001,0.014232800000000045,0.00781,1800.0
2537.499181985855,0.0089341,0.015152200000000005,0.00781,1800.0
2537.599079847336,0.007557399999999992,0.01588440000000002,0.00781,1800.0
2537.699145793915,0.0060080999999999884,0.016532000000000047,0.00781,1800.0
2537.799139738083,0.004405500000000007,0.017033200000000026,0.00781,1800.0
2537.8991737365723,0.0028792000000000123,0.017353200000000013,0.00781,1800.0
2537.999105453491,0.00121170000000001,0.017551499999999998,0.00781,1800.0
2538.099173784256,0.00121170000000001,0.017551499999999998,0.00781,1800.0
2538.1991877555847,-0.00044099999999999695,0.017584900000000014,0.00781,1800.0
2538.2991359233856,-0.0006550000000000028,0.017581000000000013,0.00781,1800.0
2538.3991708755493,-0.0006550000000000028,0.017581000000000013,0.00781,0.0
2538.499142885208,-0.0014122999999999913,0.013416700000000004,0.00781,0.0
2538.899122238159,-0.005243999999999999,-0.007655999999999996,0.00781,0.0
2538.9991731643677,-0.005243999999999999,-0.007655999999999996,0.00781,1800.0
2539.0991361141205,-0.0061543000000000014,-0.006942199999999954,0.00781,1800.0
2539.1991832256317,-0.007237199999999999,-0.005821999999999938,0.00781,1800.0
2539.2991733551025,-0.007237199999999999,-0.005821999999999938,0.00781,1800.0
2539.3991796970367,-0.008156499999999997,-0.004418899999999948,0.00781,1800.0
2539.4991714954376,-0.008826600000000004,-0.002881599999999984,0.00781,1800.0
2539.59916806221,-0.009197399999999994,-0.0012454000000000076,0.00781,1800.0
2539.6991531848907,-0.00927829999999999,0.00031050000000004685,0.00781,1800.0
2539.799047470093,-0.009071999999999997,0.001975400000000016,0.00781,1800.0
2539.8990437984467,-0.008609100000000008,0.0034631000000000522,0.00781,1800.0
2539.9991154670715,-0.007851400000000008,0.0049596000000000084,0.00781,1800.0
2540.0990850925446,-0.0068232000000000015,0.006284999999999985,0.00781,1800.0
2540.1991391181946,-0.005682499999999993,0.007345900000000016,0.00781,1800.0
2540.2990958690643,-0.004264900000000002,0.008243500000000015,0.00781,1800.0
2540.3991284370422,-0.004264900000000002,0.008243500000000015,0.00781,1800.0
2540.4990770816803,-0.0027116999999999974,0.008876900000000021,0.00781,1800.0
2540.5991191864014,-0.0010698000000000096,0.009220300000000015,0.00781,1800.0
2540.6991584300995,0.0004871999999999932,0.00926509999999997,0.00781,1800.0
2540.7991688251495,0.0021477000000000024,0.009031500000000026,0.00781,1800.0
2540.899118423462,0.0037354,0.008491200000000032,0.00781,1800.0
2540.999175786972,0.005204699999999993,0.0076837000000000155,0.00781,1800.0
2541.099042415619,0.0064165999999999945,0.006704900000000014,0.00781,1800.0
2541.199164390564,0.007518799999999992,0.0054407000000000205,0.00781,1800.0
2541.299167394638,0.008324999999999999,0.0041076000000000445,0.00781,1800.0
2541.399097442627,0.008924399999999999,0.0025409000000000126,0.00781,1800.0
2541.4990663528442,0.009230299999999997,0.0008938000000000557,0.00781,1800.0
2541.599156856537,0.009230299999999997,0.0008938000000000557,0.00781,1800.0
2541.699104309082,0.009252400000000008,-0.0006635999999999864,0.00781,1800.0
2541.7991755008698,0.008988499999999996,-0.0023192999999999686,0.00781,1800.0
2541.899174928665,0.008421299999999993,-0.0038980000000000126,0.00781,1800.0
2541.9991552829742,0.007652300000000001,-0.005252499999999938,0.00781,1800.0
2542.0991785526276,0.006582199999999996,-0.0065442,0.00781,1800.0
2542.199098587036,0.005295099999999997,-0.007619900000000013,0.00781,1800.0
2542.2991375923157,0.0038375000000000076,-0.008448200000000017,0.00781,1800.0
2542.399150133133,0.0023695999999999995,-0.008968299999999985,0.00781,1800.0
2542.4991779327393,0.0007177000000000017,-0.009252899999999953,0.00781,1800.0
2542.599178791046,-0.000959500000000002,-0.009230499999999975,0.00781,1800.0
2542.699161052704,-0.0024898999999999893,-0.008940799999999971,0.00781,1800.0
2542.7991468906403,-0.0024898999999999893,-0.008940799999999971,0.00781,1800.0
2542.8990800380707,-0.00405839999999999,-0.008346599999999982,0.00781,1800.0
2542.9991385936737,-0.005221799999999985,-0.007670800000000033,0.00781,1800.0
2543.0991683006287,-0.005243999999999999,-0.007655999999999996,0.00781,1800.0
2543.199074745178,-0.005236199999999996,-0.007661199999999979,0.00781,0.0
2543.299134016037,0.0002964000000000022,-0.01129150000000001,0.00781,0.0
2543.499133348465,0.005696999999999994,-0.014834999999999987,0.00781,0.0
2543.5991220474243,0.005696999999999994,-0.014834999999999987,0.00781,1800.0
2543.6991472244263,0.005992600000000001,-0.014717900000000006,0.00781,1800.0
2543.799154996872,0.007508199999999993,-0.014004699999999981,0.00781,1800.0
2543.899174451828,0.007508199999999993,-0.014004699999999981,0.00781,1800.0
2543.9991755485535,0.008943000000000006,-0.013132699999999942,0.00781,1800.0
2544.0991547107697,0.010190499999999991,-0.012197100000000016,0.00781,1800.0
2544.1991007328033,0.011417200000000002,-0.01105039999999996,0.00781,1800.0
2544.299124956131,0.0125218,-0.009785799999999956,0.00781,1800.0
2544.3991918563843,0.013418199999999991,-0.008510099999999965,0.00781,1800.0
2544.4991936683655,0.014240500000000003,-0.007046300000000005,0.00781,1800.0
2544.59916806221,0.014645400000000003,-0.006157799999999991,0.00781,1800.0
2544.69913649559,0.015170300000000012,-0.004730299999999965,0.00781,1800.0
2544.7990651130676,0.015580800000000006,-0.003102500000000008,0.00781,1800.0
2544.899123430252,0.01582130000000001,-0.0014408999999999672,0.00781,1800.0
2544.999185562134,0.015890700000000008,0.00011650000000001937,0.00781,1800.0
2545.099179506302,0.015890700000000008,0.00011650000000001937,0.00781,1800.0
2545.199197769165,0.015783300000000014,0.0017921000000000187,0.00781,1800.0
2545.2991836071014,0.015516200000000008,0.003449800000000003,0.00781,1800.0
2545.3992052078247,0.015056899999999998,0.005064899999999983,0.00781,1800.0
2545.4991886615753,0.014490199999999995,0.006517300000000004,0.00781,1800.0
2545.5991554260254,0.013784000000000005,0.007907200000000003,0.00781,1800.0
2545.6991970539093,0.012870699999999999,0.00931610000000005,0.00781,1800.0
2545.7991995811462,0.0118201,0.010626000000000024,0.00781,1800.0
2545.8991968631744,0.010629399999999997,0.011810000000000043,0.00781,1800.0
2545.9991965293884,0.009421699999999991,0.012796200000000035,0.00781,1800.0
2546.0991814136505,0.008018399999999995,0.01371810000000001,0.00781,1800.0
2546.1991794109344,0.006636099999999992,0.014439499999999994,0.00781,1800.0
2546.299163341522,0.006636099999999992,0.014439499999999994,0.00781,1800.0
2546.3991692066193,0.0050765000000000116,0.015061999999999964,0.00781,1800.0
2546.4991788864136,0.003458600000000006,0.015511900000000023,0.00781,1800.0
2546.5990970134735,0.0018026000000000153,0.015790000000000026,0.00781,1800.0
2546.699078798294,0.0002464000000000077,0.015887800000000007,0.00781,1800.0
2546.79918217659,-0.0014313999999999993,0.015825599999999995,0.00781,1800.0
2546.899055957794,-0.003093300000000007,0.0155864,0.00781,1800.0
2546.999041080475,-0.004606799999999994,0.015211300000000039,0.00781,1800.0
2547.0991230010986,-0.006185200000000002,0.01463800000000004,0.00781,1800.0
2547.199164390564,-0.007589799999999994,0.013960800000000051,0.00781,1800.0
2547.299192905426,-0.0090205,0.013082299999999991,0.00781,1800.0
2547.399186849594,-0.0090205,0.013082299999999991,0.00781,1800.0
2547.499120950699,-0.010349300000000006,0.012055900000000008,0.00781,1800.0
2547.599165201187,-0.011564500000000005,0.010897500000000004,0.00781,1800.0
2547.6990678310394,-0.012576000000000004,0.00971080000000002,0.00781,1800.0
2547.7990477085114,-0.013468399999999991,0.0084322,0.00781,1800.0
2547.899044752121,-0.014280699999999993,0.006963100000000055,0.00781,1800.0
2547.999123811722,-0.014936400000000002,0.005417400000000017,0.00781,1800.0
2548.099153995514,-0.015250699999999992,0.004452799999999979,0.00781,1800.0
2548.1991312503815,-0.015625900000000012,0.0029104999999999825,0.00781,1800.0
2548.2991693019867,-0.015748799999999993,0.0020932000000000173,0.00781,1800.0
2548.3991742134094,-0.01588400000000001,0.00045360000000005396,0.00781,1800.0
2548.4990899562836,-0.01583699999999999,-0.001224700000000023,0.00781,1800.0
2548.599142074585,-0.01583699999999999,-0.001224700000000023,0.00781,1800.0
2548.6990711688995,-0.0157128,-0.0023353999999999875,0.00781,1800.0
2548.7990322113037,-0.015485399999999996,-0.0035445999999999533,0.00781,1800.0
2548.899100780487,-0.015182399999999999,-0.0046783999999999715,0.00781,1800.0
2548.9991495609283,-0.014702300000000001,-0.006026499999999935,0.00781,1800.0
2549.0991702079773,-0.013983899999999994,-0.007543799999999989,0.00781,1800.0
2549.1991753578186,-0.013109799999999991,-0.008977400000000024,0.00781,1800.0
2549.2991621494293,-0.012169899999999997,-0.010221299999999989,0.00781,1800.0
2549.399155855179,-0.011021299999999998,-0.011446299999999965,0.00781,1800.0
2549.499142885208,-0.009754200000000005,-0.012548199999999954,0.00781,1800.0
2549.599177122116,-0.008475899999999995,-0.01344099999999998,0.00781,1800.0
2549.6991834640503,-0.008475899999999995,-0.01344099999999998,0.00781,1800.0
2549.799114704132,-0.007010200000000008,-0.014259999999999995,0.00781,1800.0
2549.8991754055023,-0.005466799999999994,-0.014921099999999965,0.00781,1800.0
2549.9990808963776,-0.003978399999999993,-0.015386099999999958,0.00781,1800.0
2550.099128007889,-0.0023330000000000017,-0.015721399999999996,0.00781,1800.0
2550.199171066284,-0.0006610999999999978,-0.015878100000000006,0.00781,1800.0
2550.299174785614,0.0008982000000000018,-0.01585909999999996,0.00781,1800.0
2550.4088129997253,0.0025671999999999917,-0.015682399999999985,0.00781,1800.0
2550.5001475811005,0.004207799999999998,-0.015324899999999975,0.00781,1800.0
2550.5991430282593,0.0056013000000000035,-0.014870300000000003,0.00781,1800.0
2550.69916844368,0.005696999999999994,-0.014834999999999987,0.00781,1800.0
2550.7991223335266,0.005696999999999994,-0.014834999999999987,0.00781,1800.0
2550.8991701602936,0.005696999999999994,-0.014834999999999987,0.00781,0.0
2550.999158143997,0.0003449999999999981,-0.012237499999999957,0.00781,0.0
2551.19921374321,-0.006205999999999989,-0.00905800000000001,0.00781,0.0
2551.29918718338,-0.006205999999999989,-0.00905800000000001,0.00781,1800.0
2551.399167776108,-0.006387199999999996,-0.008929999999999993,0.00781,1800.0
2551.499092578888,-0.007661799999999996,-0.007875099999999968,0.00781,1800.0
2551.5991835594177,-0.008695499999999995,-0.006708999999999965,0.00781,1800.0
2551.699184179306,-0.009610099999999996,-0.005302499999999988,0.00781,1800.0
2551.799195289612,-0.010309799999999994,-0.0037780000000000036,0.00781,1800.0
2551.899173974991,-0.0107704,-0.0021645000000000136,0.00781,1800.0
2551.9990775585175,-0.010963600000000004,-0.0006178000000000017,0.00781,1800.0
2552.09911942482,-0.010963600000000004,-0.0006178000000000017,0.00781,1800.0
2552.1990513801575,-0.010945200000000002,0.0009406000000000136,0.00781,1800.0
2552.2990398406982,-0.0106686,0.0025956999999999786,0.00781,1800.0
2552.3991372585297,-0.010147500000000004,0.004190500000000041,0.00781,1800.0
2552.499184370041,-0.009395199999999992,0.005690300000000037,0.00781,1800.0
2552.599185705185,-0.008496600000000007,0.006963300000000061,0.00781,1800.0
2552.6991386413574,-0.007331099999999993,0.008170400000000022,0.00781,1800.0
2552.799292087555,-0.006001699999999999,0.009193600000000024,0.00781,1800.0
2552.8991391658783,-0.004534200000000002,0.010007600000000005,0.00781,1800.0
2552.9992237091064,-0.0029548999999999964,0.010575900000000027,0.00781,1800.0
2553.0990970134735,-0.0014290999999999887,0.010894600000000032,0.00781,1800.0
2553.1991634368896,-0.0014290999999999887,0.010894600000000032,0.00781,1800.0
2553.299106836319,0.0002469999999999972,0.010975899999999983,0.00781,1800.0
2553.3991360664368,0.0017976999999999993,0.01082820000000001,0.00781,1800.0
2553.4991540908813,0.003428300000000009,0.010434300000000007,0.00781,1800.0
2553.599136352539,0.004977700000000002,0.009791300000000003,0.00781,1800.0
2553.699127435684,0.006310499999999997,0.008983700000000039,0.00781,1800.0
2553.799196958542,0.007606799999999997,0.007918599999999998,0.00781,1800.0
2553.8991661071777,0.008726999999999999,0.006669200000000042,0.00781,1800.0
2553.99916100502,0.00958089999999999,0.00536540000000002,0.00781,1800.0
2554.0991644859314,0.010291800000000004,0.0038449999999999873,0.00781,1800.0
2554.1991879940033,0.010728799999999997,0.002349099999999993,0.00781,1800.0
2554.299149274826,0.0109543,0.0006866999999999845,0.00781,1800.0
2554.3991317749023,0.0109427,-0.0008706999999999465,0.00781,1800.0
2554.499140739441,0.0109427,-0.0008706999999999465,0.00781,1800.0
2554.599146127701,0.010663400000000003,-0.0026459999999999817,0.00781,1800.0
2554.6991407871246,0.010175000000000003,-0.0041260000000000185,0.00781,1800.0
2554.799085855484,0.009429700000000013,-0.005629400000000007,0.00781,1800.0
2554.8991436958313,0.0085364,-0.006906399999999979,0.00781,1800.0
2554.9991116523743,0.007384700000000008,-0.008126599999999984,0.00781,1800.0
2555.099139213562,0.006062000000000012,-0.009159399999999984,0.00781,1800.0
2555.1991567611694,0.004595100000000005,-0.009973499999999969,0.00781,1800.0
2555.299157142639,0.0030204000000000064,-0.010550899999999974,0.00781,1800.0
2555.399079799652,0.001497200000000004,-0.010876200000000003,0.00781,1800.0
2555.499130964279,-0.0001769999999999966,-0.010988300000000006,0.00781,1800.0
2555.599190235138,-0.0001769999999999966,-0.010988300000000006,0.00781,1800.0
2555.699206829071,-0.0018472999999999962,-0.010823599999999989,0.00781,1800.0
2555.799191236496,-0.0033622999999999986,-0.010457599999999956,0.00781,1800.0
2555.8991844654083,-0.0049142999999999964,-0.009819299999999975,0.00781,1800.0
2555.9991538524628,-0.0061475,-0.009096899999999963,0.00781,1800.0
2556.0991888046265,-0.006205999999999989,-0.00905800000000001,0.00781,1800.0
2556.199176311493,-0.006205999999999989,-0.00905800000000001,0.00781,0.0
2556.2992553710938,-0.0060261000000000065,-0.01284829999999998,0.00781,0.0
2556.3991043567657,-0.006026000000000004,-0.012849999999999973,0.00781,0.0
2556.4990708827972,-0.006026000000000004,-0.012849999999999973,0.00781,1800.0
2556.599105834961,-0.006026000000000004,-0.012849999999999973,0.00781,1800.0
2556.6990551948547,-0.004848599999999995,-0.013336999999999988,0.00781,1800.0
2556.799122571945,-0.004848599999999995,-0.013336999999999988,0.00781,1800.0
2556.8991465568542,-0.003239699999999998,-0.01381690000000002,0.00781,1800.0
2556.9991886615753,-0.0017043999999999948,-0.014088600000000007,0.00781,1800.0
2557.099109649658,-2.8600000000003623e-05,-0.014191599999999971,0.00781,1800.0
2557.199139356613,0.001647700000000002,-0.014095999999999942,0.00781,1800.0
2557.2991890907288,0.003300499999999998,-0.013801399999999964,0.00781,1800.0
2557.399173974991,0.004794499999999993,-0.013356499999999993,0.00781,1800.0
2557.4991929531097,0.006230600000000003,-0.01274949999999997,0.00781,1800.0
2557.5991423130035,0.007692100000000007,-0.011923699999999982,0.00781,1800.0
2557.6990878582,0.009048500000000001,-0.010934099999999947,0.00781,1800.0
2557.7991116046906,0.010274300000000014,-0.009786799999999984,0.00781,1800.0
2557.899158716202,0.010274300000000014,-0.009786799999999984,0.00781,1800.0
2557.9991779327393,0.011358300000000002,-0.008504999999999985,0.00781,1800.0
2558.0990920066833,0.012220999999999996,-0.007206499999999949,0.00781,1800.0
2558.1990654468536,0.012985899999999995,-0.005712399999999951,0.00781,1800.0
2558.299136161804,0.013574700000000009,-0.00414009999999998,0.00781,1800.0
2558.3991734981537,0.013779700000000006,-0.0033722999999999392,0.00781,1800.0
2558.4990842342377,0.01407789999999999,-0.0017472999999999517,0.00781,1800.0
2558.5991609096527,0.0141868,-0.00019210000000002836,0.00781,1800.0
2558.6990904808044,0.014106400000000005,0.0014844000000000523,0.00781,1800.0
2558.799176931381,0.013866200000000009,0.0030249000000000525,0.00781,1800.0
2558.899214744568,0.013615799999999997,0.003999900000000001,0.00781,1800.0
2558.999104976654,0.013090900000000003,0.005467400000000011,0.00781,1800.0
2559.0991711616516,0.013090900000000003,0.005467400000000011,0.00781,1800.0
2559.1990506649017,0.012358900000000006,0.006978300000000048,0.00781,1800.0
2559.299064874649,0.011515300000000006,0.008289600000000008,0.00781,1800.0
2559.399146080017,0.010457300000000003,0.009593000000000018,0.00781,1800.0
2559.4991018772125,0.009250599999999998,0.010760400000000059,0.00781,1800.0
2559.599134683609,0.007914000000000004,0.011776100000000012,0.00781,1800.0
2559.6990938186646,0.00657619999999999,0.012576699999999996,0.00781,1800.0
2559.7991650104523,0.005044199999999999,0.013263400000000036,0.00781,1800.0
2559.8990573883057,0.0034428999999999987,0.013767300000000038,0.00781,1800.0
2559.9991965293884,0.0019118999999999942,0.014061900000000016,0.00781,1800.0
2560.0991916656494,0.00023780000000001023,0.014187600000000022,0.00781,1800.0
2560.199167728424,-0.0013201000000000046,0.014128400000000041,0.00781,1800.0
2560.2991676330566,-0.0013201000000000046,0.014128400000000041,0.00781,1800.0
2560.3991894721985,-0.002979700000000002,0.013874500000000012,0.00781,1800.0
2560.499042034149,-0.004597600000000007,0.013426300000000002,0.00781,1800.0
2560.5991356372833,-0.006150500000000003,0.012787999999999966,0.00781,1800.0
2560.6991617679596,-0.007618100000000003,0.011972499999999997,0.00781,1800.0
2560.799184322357,-0.008884899999999987,0.011064000000000018,0.00781,1800.0
2560.8991758823395,-0.01004469999999999,0.010022000000000031,0.00781,1800.0
2560.9991133213043,-0.011157100000000003,0.008764800000000017,0.00781,1800.0
2561.0991609096527,-0.012119400000000002,0.007388999999999979,0.00781,1800.0
2561.199158668518,-0.012850699999999993,0.0060119000000000145,0.00781,1800.0
2561.299170732498,-0.013263399999999995,0.005033400000000021,0.00781,1800.0
2561.3991837501526,-0.013263399999999995,0.005033400000000021,0.00781,1800.0
2561.4990949630737,-0.013728500000000005,0.0036066000000000153,0.00781,1800.0
2561.599107503891,-0.01404939999999999,0.0019586000000000325,0.00781,1800.0
2561.6991641521454,-0.014184000000000002,0.00040560000000000596,0.00781,1800.0
2561.7990777492523,-0.014128499999999988,-0.0012723999999999513,0.00781,1800.0
2561.899155139923,-0.013880100000000006,-0.002932199999999996,0.00781,1800.0
2561.999187707901,-0.01347820000000001,-0.004438599999999959,0.00781,1800.0
2562.0991542339325,-0.012857000000000007,-0.005998100000000006,0.00781,1800.0
2562.199166536331,-0.0123466,-0.006989200000000029,0.00781,1800.0
2562.299196243286,-0.011539499999999994,-0.008266600000000013,0.00781,1800.0
2562.3990874290466,-0.011062199999999994,-0.008887599999999996,0.00781,1800.0
2562.499123573303,-0.009951500000000002,-0.010113800000000006,0.00781,1800.0
2562.599157810211,-0.009951500000000002,-0.010113800000000006,0.00781,1800.0
2562.699159145355,-0.008690400000000001,-0.011222299999999963,0.00781,1800.0
2562.799189567566,-0.007405499999999995,-0.012105599999999994,0.00781,1800.0
2562.8991618156433,-0.006070600000000009,-0.012827899999999948,0.00781,1800.0
2562.9991891384125,-0.006026000000000004,-0.012849999999999973,0.00781,1800.0
2563.099144935608,-0.006026000000000004,-0.012849999999999973,0.00781,0.0
2563.1990768909454,-0.007166999999999993,-0.010460000000000025,0.00781,0.0
2563.2991456985474,-0.007166999999999993,-0.010460000000000025,0.00781,0.0
2563.3991351127625,-0.007166999999999993,-0.010460000000000025,0.00781,1800.0
2563.499141931534,-0.007999500000000007,-0.009841199999999994,0.00781,1800.0
2563.599175453186,-0.009144700000000006,-0.008784199999999964,0.00781,1800.0
2563.6990592479706,-0.010220599999999996,-0.007496999999999976,0.00781,1800.0
2563.799057483673,-0.010220599999999996,-0.007496999999999976,0.00781,1800.0
2563.8990557193756,-0.011121800000000001,-0.006082099999999979,0.00781,1800.0
2563.999060869217,-0.01182960000000001,-0.004561099999999985,0.00781,1800.0
2564.09912109375,-0.012300599999999995,-0.003075599999999956,0.00781,1800.0
2564.1991713047028,-0.012601000000000001,-0.0014245999999999426,0.00781,1800.0
2564.2991671562195,-0.012680999999999998,0.00013190000000001811,0.00781,1800.0
2564.399109840393,-0.012554200000000001,0.0018056000000000183,0.00781,1800.0
2564.499074935913,-0.012201400000000001,0.0034463000000000132,0.00781,1800.0
2564.5991423130035,-0.011686200000000008,0.004917000000000005,0.00781,1800.0
2564.6991279125214,-0.01093580000000001,0.006417900000000032,0.00781,1800.0
2564.7991721630096,-0.009998099999999996,0.007809699999999975,0.00781,1800.0
2564.8990457057953,-0.009998099999999996,0.007809699999999975,0.00781,1800.0
2564.9991540908813,-0.008966500000000002,0.008978800000000009,0.00781,1800.0
2565.0991110801697,-0.007603200000000004,0.010151399999999977,0.00781,1800.0
2565.199177980423,-0.0062994999999999995,0.01100580000000001,0.00781,1800.0
2565.2990913391113,-0.0047904,0.011740500000000043,0.00781,1800.0
2565.3990485668182,-0.003314399999999995,0.012241500000000016,0.00781,1800.0
2565.499054670334,-0.0016696999999999962,0.012578800000000057,0.00781,1800.0
2565.599137067795,-0.00011419999999999486,0.012690000000000035,0.00781,1800.0
2565.699057817459,0.0015613000000000016,0.012587000000000015,0.00781,1800.0
2565.799146413803,0.0032080000000000025,0.012265400000000037,0.00781,1800.0
2565.899166584015,0.004798499999999997,0.01173289999999999,0.00781,1800.0
2565.9991550445557,0.006202000000000013,0.011056900000000036,0.00781,1800.0
2566.099089384079,0.006202000000000013,0.011056900000000036,0.00781,1800.0
2566.199160337448,0.007608900000000002,0.010142299999999993,0.00781,1800.0
2566.2991285324097,0.008796499999999999,0.009133200000000008,0.00781,1800.0
2566.3991656303406,0.00992549999999999,0.007891599999999999,0.00781,1800.0
2566.499162197113,0.010882600000000006,0.006512700000000038,0.00781,1800.0
2566.5991644859314,0.0115976,0.005127800000000016,0.00781,1800.0
2566.6991889476776,0.012171799999999997,0.0035510000000000264,0.00781,1800.0
2566.7991943359375,0.0125339,0.0019124999999999837,0.00781,1800.0
2566.899185657501,0.012675599999999995,0.00036079999999999446,0.00781,1800.0
2566.9991364479065,0.012617900000000001,-0.0013162999999999925,0.00781,1800.0
2567.0991747379303,0.012338500000000002,-0.002971699999999966,0.00781,1800.0
2567.1991078853607,0.012338500000000002,-0.002971699999999966,0.00781,1800.0
2567.2991528511047,0.011830800000000002,-0.004571999999999965,0.00781,1800.0
2567.3991918563843,0.011179099999999997,-0.005988099999999996,0.00781,1800.0
2567.4991030693054,0.010288900000000004,-0.007410999999999945,0.00781,1800.0
2567.5992090702057,0.009304199999999999,-0.0086194,0.00781,1800.0
2567.6991522312164,0.00808840000000001,-0.009777099999999983,0.00781,1800.0
2567.7991786003113,0.006723999999999994,-0.010755300000000023,0.00781,1800.0
2567.8991601467133,0.005243400000000009,-0.01154529999999998,0.00781,1800.0
2567.9991760253906,0.003787499999999999,-0.012099799999999994,0.00781,1800.0
2568.0991089344025,0.0021565000000000056,-0.01249209999999995,0.00781,1800.0
2568.1991109848022,0.0004881000000000052,-0.012668100000000015,0.00781,1800.0
2568.299075603485,-0.0011889999999999956,-0.012623199999999946,0.00781,1800.0
2568.3990807533264,-0.0011889999999999956,-0.012623199999999946,0.00781,1800.0
2568.4991211891174,-0.0027287999999999896,-0.012382899999999974,0.00781,1800.0
2568.599117040634,-0.004340399999999994,-0.011915000000000009,0.00781,1800.0
2568.69912314415,-0.005769200000000002,-0.011292299999999977,0.00781,1800.0
2568.799062728882,-0.0071057999999999955,-0.010500799999999977,0.00781,1800.0
2568.899153470993,-0.007166999999999993,-0.010460000000000025,0.00781,1800.0
2568.9992060661316,-0.007166999999999993,-0.010460000000000025,0.00781,0.0
2569.099194288254,-0.007166999999999993,-0.010460000000000025,0.00781,0.0
2572.7482227079536,-0.0006550000000000028,0.0019521496262165459,0.00781,0.0
