2372.7009757996684,-0.0128249999999999,-0.0155933999999999,0.02272,0.0
2372.8015402794963,-0.0127627065144801,-0.0155764835000441,0.02272,0.0
2372.909804725755,-0.0116564611784706,-0.0152760584320533,0.02272,0.0
2373.0003024579173,-0.0093772370659463,-0.0146569605330908,0.02272,0.0
2373.1008266450053,-0.0069136936609249,-0.0139878153908188,0.02272,0.0
2373.201403045762,-0.0044090945394699,-0.0132701132592133,0.02272,0.0
2373.3019813538676,-0.001765247070623,-0.0125676337987916,0.02272,0.0
2373.402585649598,0.0008058654891772,-0.0118910960933213,0.02272,0.0
2373.5031663418895,0.0033254113834198,-0.0112067312824119,0.02272,0.0
2373.6037289143687,0.0059171858383651,-0.0105027363962467,0.02272,0.0
2373.7053793908244,0.0085620327918904,-0.0097843256076773,0.02272,0.0
2373.8059097767955,0.0110629175647433,-0.0091050305559235,0.02272,0.0
2373.906469488252,0.0130424858864859,-0.008567371891967,0.02272,0.0
2374.005501413453,0.013088,-0.0085549999999999,0.02272,0.0
2374.1060289384013,0.0130880723813925,-0.0085548832961744,0.02272,0.0
2374.2065965176707,0.0131231657369632,-0.0084983006759579,0.02272,0.0
2374.3071593285686,0.013735330484079,-0.0074360556585899,0.02272,1800.0
2374.3976925850993,0.0143075863249491,-0.0062534262376549,0.02272,1800.0
2374.4982530118114,0.0148353610721683,-0.0048440574361311,0.02272,1800.0
2374.5988236905223,0.0152435223114974,-0.0033871449302119,0.02272,1800.0
2374.7002762795573,0.0154927720574934,-0.0018545600961836,0.02272,1800.0
2374.8008557797557,0.0156024263786251,-0.0003006761348692,0.02272,1800.0
2374.9014317036754,0.0155746994388198,0.0011689178440417,0.02272,1800.0
2375.0021058560496,0.0154004194041661,0.0026046229816326,0.02272,1800.0
2375.101226711381,0.0150748025976545,0.0041197280077278,0.02272,1800.0
2375.2017902375346,0.0146028605630134,0.0055664610127098,0.02272,1800.0
2375.3024021626597,0.0139926446524511,0.0069562142069372,0.02272,1800.0
2375.402984523881,0.013286984790857,0.0082175858604687,0.02272,1800.0
2375.5035652161723,0.0123975733822906,0.009486040552046,0.02272,1800.0
2375.604075336564,0.0114196621577068,0.0106458777603025,0.02272,1800.0
2375.7046395779735,0.0103489097078603,0.011686641954066,0.02272,1800.0
2375.8051995278483,0.0091660301880691,0.0126340545440946,0.02272,1800.0
2375.905745887864,0.0079138209291848,0.0134559136613284,0.02272,1800.0
2376.0063034535533,0.0066009489287248,0.0141447128801127,0.02272,1800.0
2376.106855535615,0.0051803146290913,0.014737293252788,0.02272,1800.0
2376.2074164391643,0.0037504973170373,0.0151602387713382,0.02272,1800.0
2376.2979301453715,0.0024079908847111,0.015441840285287,0.02272,1800.0
2376.3984946251994,0.0009553064593486,0.0155997137186852,0.02272,1800.0
2376.4990538598186,-0.0005869704718401,0.015606857795284,0.02272,1800.0
2376.5996183396464,-0.0019919235356024,0.0154894621734276,0.02272,1800.0
2376.7012657166606,-0.00309535151869,0.0153115984910243,0.02272,1800.0
2376.8018251896983,-0.0043900117335205,0.0149766197406882,0.02272,1800.0
2376.90236892711,-0.0058575689275837,0.0144690877556939,0.02272,1800.0
2377.0029238701945,-0.0072467835254347,0.0138257719974449,0.02272,1800.0
2377.103477382768,-0.0085224512753189,0.0130894074780736,0.02272,1800.0
2377.204050684083,-0.0097368043696488,0.0122048522029209,0.02272,1800.0
2377.3046175480968,-0.0108705778658671,0.0112142565664756,0.02272,1800.0
2377.40517773639,-0.0119195031050417,0.0101060488146735,0.02272,1800.0
2377.5057555676585,-0.0128114362445924,0.0089495104877957,0.02272,1800.0
2377.6063188553935,-0.0134143935191392,0.0080136733996972,0.02272,1800.0
2377.7069195748454,-0.0141473500025279,0.0066201035195389,0.02272,1800.0
2377.8074771405345,-0.0146967123522137,0.0052990744555652,0.02272,1800.0
2377.901132726777,-0.0151066391587589,0.0039415132001106,0.02272,1800.0
2378.0016495228892,-0.0154161202528776,0.0024711530837869,0.02272,1800.0
2378.1022149563914,-0.0155765468079181,0.0009645748507153,0.02272,1800.0
2378.202722931016,-0.0156058495427577,-0.0005477957072156,0.02272,1800.0
2378.30329313289,-0.0154809485839482,-0.0020299557419186,0.02272,1800.0
2378.403912925828,-0.0152154124156454,-0.0035360651991998,0.02272,1800.0
2378.504483127702,-0.0147981591428188,-0.0049880883840642,0.02272,1800.0
2378.5977438927775,-0.0143231636337623,-0.0062635154554187,0.02272,1800.0
2378.698300743211,-0.0136044566381926,-0.0076724414276487,0.02272,1800.0
2378.800259733308,-0.0129433054709273,-0.0087472925670116,0.02272,1800.0
2378.9008401871806,-0.0121352351591263,-0.0098366787112347,0.02272,1800.0
2379.001702451814,-0.0111211646211964,-0.0109528292795196,0.02272,1800.0
2379.1022573948985,-0.0100389246941573,-0.0119585694732703,0.02272,1800.0
2379.2028206826335,-0.0088472706085374,-0.0128656708110614,0.02272,1800.0
2379.3034016133433,-0.0075731255760028,-0.0136495815155521,0.02272,1800.0
2379.403972530473,-0.0062241607395022,-0.0143122588005982,0.02272,1800.0
2379.504532957185,-0.0047657955658686,-0.0148701239104017,0.02272,1800.0
2379.605110311616,-0.00341044484701,-0.0152387474977273,0.02272,1800.0
2379.705689573396,-0.0022647844001588,-0.0154551715001686,0.02272,1800.0
2379.8019916058665,-0.0009994139720061,-0.0155974713851388,0.02272,1800.0
2379.9025141240245,0.0004884811900089,-0.0156175026180342,0.02272,1800.0
2380.003075981248,0.0019302095940152,-0.0154923573411275,0.02272,1800.0
2380.1036111355907,0.0034125379274249,-0.0152371236556488,0.02272,1800.0
2380.204183244813,0.0048697869132679,-0.0148338961966205,0.02272,1800.0
2380.304751777757,0.006311302564966,-0.0142805676408132,0.02272,1800.0
2380.4053026677257,0.0076641071291507,-0.0136024167728587,0.02272,1800.0
2380.505864048112,0.0089055886523005,-0.0128160365946346,0.02272,1800.0
2380.6065563202983,0.0100970906712056,-0.0118993097806675,0.02272,1800.0
2380.707140112031,0.0112340141795722,-0.0108497013367842,0.02272,1800.0
2380.797654056657,0.0121197471427473,-0.0098507819549646,0.02272,1800.0
2380.8982197285777,0.0129616709730356,-0.0087381818347417,0.02272,1800.0
2380.9987918378,0.0130817951504407,-0.0085639972649506,0.02272,1800.0
2381.0999049187785,0.013088,-0.0085549999999999,0.02272,1800.0
2381.2004553319102,0.0109097310970677,-0.0077334034549904,0.02272,1800.0
2381.3010167122966,0.0046859975300803,-0.0053859478394517,0.02272,1800.0
2381.398553753007,-0.0025470460705901,-0.0026576800107867,0.02272,1800.0
2381.5004145146495,-0.0088668858192604,-0.0002738467854341,0.02272,1800.0
2381.6009851933604,-0.0112159206687234,0.0006122078737995,0.02272,1800.0
2381.7015117646342,-0.0112179999999999,0.000613,0.02272,1800.0
2381.802075052369,-0.0112079401723548,0.0007928030882677,0.02272,1800.0
2381.9026421548015,-0.0111076489044557,0.0015915507759268,0.02272,1800.0
2382.0032071114665,-0.0107865623953726,0.0030909220368922,0.02272,1800.0
2382.10585966121,-0.0102860043810204,0.0045120986771901,0.02272,1800.0
2382.2064277173167,-0.0096161565234235,0.0058136817475771,0.02272,1800.0
2382.30703153621,-0.0087622564720059,0.0070475100486785,0.02272,1800.0
2382.3975690842753,-0.0078319563088193,0.0080283039300074,0.02272,1800.0
2382.498156929124,-0.0066817609509379,0.0090028015886873,0.02272,1800.0
2382.598802948106,-0.0053984910988275,0.0098240050763547,0.02272,1800.0
2382.699368381608,-0.0040257457985376,0.0104602361915066,0.02272,1800.0
2382.800291919816,-0.0025657991363572,0.0109139741338625,0.02272,1800.0
2382.900860929597,-0.0010882366991972,0.0111573145961632,0.02272,1800.0
2383.0014206410533,0.000370884683073,0.0112132307273465,0.02272,1800.0
2383.1019996644145,0.0018986783648391,0.0110587473638245,0.02272,1800.0
2383.2025798798686,0.0033466763579032,0.0107141416934351,0.02272,1800.0
2383.3042105675822,0.0047534418174798,0.0101817368973711,0.02272,1800.0
2383.4049667359477,0.0061534023363394,0.0094073068786312,0.02272,1800.0
2383.505567693818,0.0072864797531159,0.0085386308401499,0.02272,1800.0
2383.6061278821117,0.0084017831893824,0.0074380823867253,0.02272,1800.0
2383.7014934064036,0.0092687937168141,0.0063089748665541,0.02272,1800.0
2383.8020664693004,0.0100090041389878,0.005058371846623,0.02272,1800.0
2383.902634525407,0.0105939706483267,0.0036627537719769,0.02272,1800.0
2384.0032042504436,0.0109964187622709,0.0021791262004567,0.02272,1800.0
2384.103796148408,0.0111880960890145,0.000678154154743,0.02272,1800.0
2384.204341316331,0.0111879222591784,-0.0008381439161518,0.02272,1800.0
2384.3058628083354,0.0109756928591489,-0.0023116537326142,0.02272,1800.0
2384.406442785371,0.0105728160842298,-0.0037798440492838,0.02272,1800.0
2384.5069602967387,0.009988896853062,-0.0051569632084244,0.02272,1800.0
2384.6075457574016,0.0092321916548797,-0.0063978702046056,0.02272,1800.0
2384.698009634126,0.0083490041293539,-0.0074916571611889,0.02272,1800.0
2384.798577213395,0.007244205230876,-0.0085592768797378,0.02272,1800.0
2384.899125242341,0.0060490431136211,-0.0094444413353235,0.02272,1800.0
2384.9996906758433,0.0047310509417214,-0.0101635516663304,0.02272,1800.0
2385.1008945943004,0.0033205201809047,-0.0107075035351892,0.02272,1800.0
2385.201469326127,0.0018913229293168,-0.0110544952512429,0.02272,1800.0
2385.3019804001933,0.0004094282188573,-0.0112034398298508,0.02272,1800.0
2385.402492427934,-0.0011424638476278,-0.0111561562572075,0.02272,1800.0
2385.5030700207835,-0.0026149441143433,-0.0109213816466101,0.02272,1800.0
2385.6036209107524,-0.004050326535503,-0.0104743720509217,0.02272,1800.0
2385.7041822911387,-0.0053699803270409,-0.0098685438665506,0.02272,1800.0
2385.8047405720836,-0.0066789371892809,-0.0090144085555467,0.02272,1800.0
2385.906357669938,-0.0078483159667438,-0.0080362427840792,0.02272,1800.0
2386.0069149972087,-0.0088352613327772,-0.0069101131914152,0.02272,1800.0
2386.1074711323863,-0.0096567240522633,-0.0056962727609503,0.02272,1800.0
2386.1979300023204,-0.0102773195424634,-0.0044776192211314,0.02272,1800.0
2386.298507118333,-0.0107917206095273,-0.0030506093872723,0.02272,1800.0
2386.3991793633586,-0.0110964014929958,-0.0016205809861148,0.02272,1800.0
2386.500832939256,-0.0112187763041901,-0.0002375470999427,0.02272,1800.0
2386.6014071942454,-0.0112179999999999,0.000613,0.02272,1800.0
2386.7019902707225,-0.0112174590017864,0.0006143396146239,0.02272,1800.0
2386.8025297165996,-0.0110459168649584,0.0010323999173868,0.02272,1800.0
2386.903082513917,-0.0087572482777873,0.006608095551419,0.02272,1800.0
2387.0036422253734,-0.0067153988981999,0.0115823994807165,0.02272,1800.0
2387.104195499528,-0.0063879999999999,0.01238,0.02272,1800.0
2387.204761648286,-0.0067393628615124,0.0121892000474866,0.02272,1800.0
2387.305324459184,-0.007614331457106,0.0116467034179345,0.02272,1800.0
2387.405887746919,-0.0088183733181856,0.0107541887151141,0.02272,1800.0
2387.4975470543986,-0.0098406250127769,0.0098357437333473,0.02272,1800.0
2387.598103427995,-0.0108413882806996,0.0087148753412617,0.02272,1800.0
2387.6987279893046,-0.0117488899575032,0.0074805404387033,0.02272,1800.0
2387.8006106854564,-0.0122860695844914,0.0065512933178864,0.02272,1800.0
2387.901138448823,-0.0129396938591429,0.0051530123094198,0.02272,1800.0
2388.0016812325603,-0.0133219216544346,0.0040508923978089,0.02272,1800.0
2388.10225548755,-0.013615471956475,0.0029075620020009,0.02272,1800.0
2388.2028421403056,-0.0138368463741758,0.0014531766655506,0.02272,1800.0
2388.303406858552,-0.0139128327348195,-4.107662326913175e-05,0.02272,1800.0
2388.4039336682445,-0.0138234055072449,-0.0015237528488884,0.02272,1800.0
2388.504492664445,-0.0135779445240247,-0.0030087796955038,0.02272,1800.0
2388.6050602437144,-0.0132790972124507,-0.0041827328360625,0.02272,1800.0
2388.705622100938,-0.0128654381067282,-0.0052784666499015,0.02272,1800.0
2388.8061777592784,-0.0122864865245932,-0.0065388068629932,0.02272,1800.0
2388.9067341328746,-0.0116956364419445,-0.0075469235149136,0.02272,1800.0
2388.9972893239146,-0.0108768435412621,-0.0087015167015051,0.02272,1800.0
2389.0979484559184,-0.0099031489752513,-0.009796347479811,0.02272,1800.0
2389.1987439633494,-0.0087589002173505,-0.0108138818134806,0.02272,1800.0
2389.299305105317,-0.0075240583528609,-0.0117077917394377,0.02272,1800.0
2389.399843120683,-0.0062167980452171,-0.0124522689092839,0.02272,1800.0
2389.5004152299052,-0.0049680734835983,-0.0129956057015204,0.02272,1800.0
2389.600985431779,-0.0038515562108721,-0.0133715366207404,0.02272,1800.0
2389.7015480042583,-0.002574530359679,-0.0136642371233992,0.02272,1800.0
2389.8021072388774,-0.0010658181720509,-0.0138685654312682,0.02272,1800.0
2389.902598285783,0.0004504031633242,-0.0139065226136574,0.02272,1800.0
2390.003157997239,0.001944667300035,-0.0137790153786227,0.02272,1800.0
2390.103732252229,0.0034652489006132,-0.0134788314686239,0.02272,1800.0
2390.2043251038676,0.0049272700721327,-0.0130232386702939,0.02272,1800.0
2390.3049072266704,0.00624909459788,-0.0124508466672673,0.02272,1800.0
2390.4054430962688,0.0075436332459325,-0.0116999928570107,0.02272,1800.0
2390.5060240269786,0.008748268588775,-0.0108172616234553,0.02272,1800.0
2390.6065486909038,0.0098835060339368,-0.0097880827967617,0.02272,1800.0
2390.697071933854,0.0107911398318135,-0.0087771381716001,0.02272,1800.0
2390.7976480961925,0.01168514671627,-0.0075398923505044,0.02272,1800.0
2390.900374794114,0.0124609466113866,-0.0061775782449436,0.02272,1800.0
2391.0009452344066,0.0130566955600187,-0.004804154266454,0.02272,1800.0
2391.101517820466,0.0134903463651807,-0.0033945994516544,0.02272,1800.0
2391.2020875455028,0.0137833850083517,-0.0019328615880714,0.02272,1800.0
2391.302685165513,0.013913836058497,-0.000413989999232,0.02272,1800.0
2391.4032498837596,0.0138919424522836,0.0010358128960274,0.02272,1800.0
2391.5038308144694,0.01369857566259,0.0025199558131493,0.02272,1800.0
2391.6043669224864,0.0133190001231346,0.0040449611534054,0.02272,1800.0
2391.7049464226848,0.0127867571040899,0.0054886451940537,0.02272,1800.0
2391.805511856187,0.0121415191028711,0.0067949133999183,0.02272,1800.0
2391.9060956479198,0.0113132842467603,0.0080903695366469,0.02272,1800.0
2392.0066670418864,0.0103813638083318,0.0092565693305868,0.02272,1800.0
2392.0971724034434,0.0094494077222033,0.0102020844157459,0.02272,1800.0
2392.1977485657817,0.0082882093469293,0.0111730847802887,0.02272,1800.0
2392.3004769326335,0.0070253694703804,0.0120060220087631,0.02272,1800.0
2392.402437830079,0.0056736010414819,0.0127101203740719,0.02272,1800.0
2392.5030082703715,0.0042450936247302,0.0132620022141061,0.02272,1800.0
2392.6034995556956,0.0027670261785677,0.0136524866703408,0.02272,1800.0
2392.7040843011027,0.0013078003244822,0.0138648491302851,0.02272,1800.0
2392.8046504498607,-0.0002277703267928,0.0139130859112415,0.02272,1800.0
2392.905230426896,-0.0016863314210495,0.0138147777153018,0.02272,1800.0
2393.005774641145,-0.0031417856738614,0.0135284976896603,0.02272,1800.0
2393.1063410283214,-0.0043131564516707,0.0132219365144686,0.02272,1800.0
2393.206909084428,-0.0054775822509639,0.0127903980721871,0.02272,1800.0
2393.297431373704,-0.0062262896541257,0.0124605134876116,0.02272,1800.0
2393.3979989529735,-0.0063879999999999,0.01238,0.02272,1800.0
2393.498532438386,-0.0066874160556442,0.0118443850601979,0.02272,1800.0
2393.5991465092784,-0.0082741099446949,0.0090059823215538,0.02272,1800.0
2393.699791574586,-0.0118416100830387,0.0026240098979481,0.02272,1800.0
2393.801223898042,-0.0128479536817656,0.0008237301978552,0.02272,1800.0
2393.9018458367473,-0.0129159999999999,0.000702,0.02272,1800.0
2394.0024861336833,-0.012912687745379,0.0007609108143292,0.02272,1800.0
2394.103024149049,-0.0127806720261131,0.0018775617666337,0.02272,1800.0
2394.197683715928,-0.0124929130859632,0.003277034877831,0.02272,1800.0
2394.2983237744456,-0.0120325773236346,0.0047029150021872,0.02272,1800.0
2394.4000295640117,-0.0114144714659452,0.0060396430620331,0.02272,1800.0
2394.5005952359325,-0.0106545814811903,0.0073131325664259,0.02272,1800.0
2394.6011642457133,-0.0097211264081259,0.0085156434243949,0.02272,1800.0
2394.7017506600505,-0.008640716056292,0.0096033501371452,0.02272,1800.0
2394.802320385087,-0.0074780201089794,0.0105532583498971,0.02272,1800.0
2394.9043239594585,-0.0061386241797785,0.0113854138479679,0.02272,1800.0
2395.0048972607738,-0.0048364615704698,0.0119995491288087,0.02272,1800.0
2395.1054407597667,-0.0034172751996706,0.0124657340009087,0.02272,1800.0
2395.206007862199,-0.0018795614499552,0.0127862635282221,0.02272,1800.0
2395.306524181474,-0.0003577311831933,0.0129165222490004,0.02272,1800.0
2395.397039079774,0.0009795309642066,0.0128808479199111,0.02272,1800.0
2395.497609043229,0.0024560367649968,0.0126759705427243,0.02272,1800.0
2395.601502561677,0.0039746917814226,0.0122858747921481,0.02272,1800.0
2395.702062034715,0.0053755261614138,0.0117469774065984,0.02272,1800.0
2395.802617216218,0.0066711018160484,0.0110605966939432,0.02272,1800.0
2395.9031764508372,0.0079379381418502,0.0102067739025,0.02272,1800.0
2396.0037242413646,0.0090844013707057,0.0092101380411024,0.02272,1800.0
2396.1042808533794,0.0100516345651338,0.0081616462774548,0.02272,1800.0
2396.205432319749,0.0109560692689702,0.0068716322120593,0.02272,1800.0
2396.3060101510173,0.0116851637668841,0.0055282060803222,0.02272,1800.0
2396.4065796376353,0.0122321185355395,0.0041741435959877,0.02272,1800.0
2396.497105026353,0.0125895218441938,0.0028687260704823,0.02272,1800.0
2396.5976811886912,0.0128388909357034,0.0013400795876519,0.02272,1800.0
2396.6982397080546,0.0129126928597765,-0.0001480887104486,0.02272,1800.0
2396.798832798112,0.0128126273402685,-0.0016036451361928,0.02272,1800.0
2396.8993975163585,0.0125430980323476,-0.0031248493919394,0.02272,1800.0
2397.0012325287944,0.0120801523216636,-0.0045954606681548,0.02272,1800.0
2397.101892852891,0.0114747493450785,-0.0059544702863272,0.02272,1800.0
2397.202462339509,0.0107208441149005,-0.0072430704529963,0.02272,1800.0
2397.3029839039928,0.0098301661110127,-0.0084071593288272,0.02272,1800.0
2397.403566265214,0.0087319059418068,-0.009530298887283,0.02272,1800.0
2397.504146003831,0.0075908025948198,-0.0104547039044594,0.02272,1800.0
2397.604709768403,0.0063189174982203,-0.0112736638752873,0.02272,1800.0
2397.7052740098125,0.0049876505641082,-0.0119400325924052,0.02272,1800.0
2397.7971195222026,0.0036835604352183,-0.0123984731030454,0.02272,1800.0
2397.8977009297496,0.0021688415645319,-0.0127328675799956,0.02272,1800.0
2397.9982596875316,0.0006504689051997,-0.0129035482659945,0.02272,1800.0
2398.0988270283824,-0.0008293896625518,-0.0128890727734851,0.02272,1800.0
2398.1993924618846,-0.0022915873303075,-0.0127188781220122,0.02272,1800.0
2398.300465965379,-0.003785305949808,-0.0123672164936438,0.02272,1800.0
2398.4017714501506,-0.0051652710162709,-0.011864578642134,0.02272,1800.0
2398.5023154259807,-0.0065496580117232,-0.0111514180179522,0.02272,1800.0
2398.602894449342,-0.0077639686541912,-0.0103344762316661,0.02272,1800.0
2398.7034439087993,-0.0089416080386503,-0.0093420769797402,0.02272,1800.0
2398.8005575181132,-0.0099115757444469,-0.0082835977270356,0.02272,1800.0
2398.901124382127,-0.0108213147091621,-0.0070467634032485,0.02272,1800.0
2399.001667165864,-0.0115828103142645,-0.0057084788513951,0.02272,1800.0
2399.1022416592723,-0.0121593744408938,-0.0043657334853284,0.02272,1800.0
2399.2028273583537,-0.012566654450108,-0.0029540786215239,0.02272,1800.0
2399.303384924043,-0.0128395773710671,-0.0014276273368478,0.02272,1800.0
2399.4039410592204,-0.0129389889344313,-2.918536228641022e-05,0.02272,1800.0
2399.504500532258,-0.0129159999999999,0.0007019999999999,0.02272,1800.0
2399.605066681016,-0.0129159999999999,0.000702,0.02272,0.0
