2606.7975179996474,-0.0130429999999999,-0.0128764,0.02556,0.0
2606.898084386824,-0.0130399633146868,-0.0128765299116712,0.02556,0.0
2606.998658403395,-0.0128728389360274,-0.0128830514992912,0.02556,0.0
2607.090970262526,-0.0114390524188964,-0.0129384439583747,0.02556,0.0
2607.1915259208663,-0.0093741762316897,-0.0130183320042033,0.02556,0.0
2607.2920641746505,-0.0073954425488851,-0.0130948936050984,0.02556,0.0
2607.3928387012465,-0.0054203440281084,-0.0131712456560205,0.02556,0.0
2607.4946596469863,-0.0034601135565635,-0.0132470293437115,0.02556,0.0
2607.5952303256972,-0.0014915704891684,-0.01332318135379,0.02556,0.0
2607.6960708942397,0.0005452691808387,-0.0134019396459225,0.02556,0.0
2607.7966208305343,0.0025785349551147,-0.0134805589037875,0.02556,0.0
2607.8971624221786,0.0045872023510017,-0.0135582642472309,0.02556,0.0
2607.997731193541,0.0062094818185335,-0.0136209864839401,0.02556,0.0
2608.0982777919753,0.006573,-0.013635,0.02556,0.0
2608.19883440399,0.0072384246708885,-0.0132840460365727,0.02556,1800.0
2608.2993907775863,0.0083886553890391,-0.0125776329600246,0.02556,1800.0
2608.399996742247,0.0096054539219952,-0.0116615777767666,0.02556,1800.0
2608.50055025482,0.0107077888174428,-0.0106609663861875,0.02556,1800.0
2608.6011166419967,0.0117137251215457,-0.0095425570337264,0.02556,1800.0
2608.7016787376388,0.012618973880583,-0.0083067677801191,0.02556,1800.0
2608.8022365417464,0.0133816898500764,-0.0070197633427852,0.02556,1800.0
2608.902813180922,0.0140059475771218,-0.005668695516186,0.02556,1800.0
2609.0034048404677,0.0145222884796677,-0.0042023869585871,0.02556,1800.0
2609.103970750807,0.0148618823990876,-0.0027716432154294,0.02556,1800.0
2609.204534038542,0.0150780715456659,-0.0012601565771753,0.02556,1800.0
2609.305093273161,0.0151243137211795,0.00018672209522,0.02556,1800.0
2609.3956291522964,0.0150292264487909,0.001581229385533,0.02556,1800.0
2609.4962053146346,0.0147935084237215,0.0030896726464102,0.02556,1800.0
2609.599452241896,0.0143998106258883,0.0045971589522965,0.02556,1800.0
2609.700026735304,0.0138654987760966,0.006000454452628,0.02556,1800.0
2609.800583824156,0.0131978430052151,0.0073532626363786,0.02556,1800.0
2609.9011399593337,0.0124227056070667,0.0086064670143731,0.02556,1800.0
2610.0016760673507,0.0115439716322771,0.0097511611351859,0.02556,1800.0
2610.1022150363906,0.0105169630726957,0.0108477942578471,0.02556,1800.0
2610.20278261566,0.0093758712348535,0.0118679234473471,0.02556,1800.0
2610.3010623302443,0.0081100648840625,0.0127641762272628,0.02556,1800.0
2610.401643260954,0.0068166856984523,0.0135063354094019,0.02556,1800.0
2610.5022227611526,0.0054410048758812,0.0141041094234773,0.02556,1800.0
2610.6027867641433,0.0040293717957642,0.0145735173758869,0.02556,1800.0
2610.703315719603,0.002568859481161,0.0148937782089172,0.02556,1800.0
2610.803881153105,0.0010463377064562,0.0150771985202962,0.02556,1800.0
2610.9044470634444,-0.0004446737785921,0.0151051901324977,0.02556,1800.0
2611.0049631443007,-0.0019058811645063,0.0149843489720318,0.02556,1800.0
2611.0954577770217,-0.0032357924960255,0.0147605369334133,0.02556,1800.0
2611.196038469313,-0.0045696815181827,0.0144197907264765,0.02556,1800.0
2611.296775564192,-0.0055493318572525,0.0140680362136631,0.02556,1800.0
2611.398587926863,-0.0069237274249391,0.0134404425968108,0.02556,1800.0
2611.499150022505,-0.0082786743055294,0.012664314718064,0.02556,1800.0
2611.599683269499,-0.0094716123489697,0.011797398026587,0.02556,1800.0
2611.7002422656997,-0.010621328618558,0.0107517824476848,0.02556,1800.0
2611.800790533064,-0.0116324424483578,0.0096551315041369,0.02556,1800.0
2611.8993749465926,-0.012512587933785,0.0084778479974004,0.02556,1800.0
2611.9999592151626,-0.0132864258974352,0.007181492938499,0.02556,1800.0
2612.1005191650374,-0.0139442375198685,0.0058116728040641,0.02556,1800.0
2612.2010915126784,-0.0144528650415963,0.0044127865164648,0.02556,1800.0
2612.3016569461806,-0.0148156738653285,0.002956951976183,0.02556,1800.0
2612.402179702757,-0.0150481508482229,0.0014232678445145,0.02556,1800.0
2612.502760633467,-0.0151208660396301,-4.827992092115707e-05,0.02556,1800.0
2612.5995738353713,-0.0150453704139932,-0.001527288994314,0.02556,1800.0
2612.7001347389205,-0.0148180405542706,-0.0030314887283269,0.02556,1800.0
2612.8007116165145,-0.0144748345177406,-0.0044937627776107,0.02556,1800.0
2612.9012987461074,-0.0139466627109726,-0.005856952468461,0.02556,1800.0
2613.0018551197036,-0.0132736583700561,-0.0072123136617547,0.02556,1800.0
2613.0991108264907,-0.0125272541445456,-0.0084555907319842,0.02556,1800.0
2613.1996307220443,-0.0116463905236963,-0.009624627380425,0.02556,1800.0
2613.3001665916427,-0.0106337415344415,-0.0107267068598488,0.02556,1800.0
2613.400725111006,-0.0094874370838537,-0.0117635296151608,0.02556,1800.0
2613.5012693252547,-0.0082343090134724,-0.0126723261765517,0.02556,1800.0
2613.6017291393264,-0.0069385479073474,-0.0134285811748736,0.02556,1800.0
2613.702296718596,-0.0056666996723528,-0.014017285538603,0.02556,1800.0
2613.802886470793,-0.0044368859488949,-0.0144587052162254,0.02556,1800.0
2613.9044997539504,-0.0033336608698501,-0.0147547019281125,0.02556,1800.0
2614.0050742473586,-0.0017534338270827,-0.0150276259192373,0.02556,1800.0
2614.095591291426,-0.0004633686486702,-0.0151092280947705,0.02556,1800.0
2614.1961679306014,0.0010433056205266,-0.0150760800267624,0.02556,1800.0
2614.299624189375,0.002604677683024,-0.0148865675684595,0.02556,1800.0
2614.4002003517135,0.0041031909199581,-0.0145405587919315,0.02556,1800.0
2614.5007703151687,0.0054960289894608,-0.0140554473770417,0.02556,1800.0
2614.601344093321,0.006380486780824,-0.0136959924480181,0.02556,1800.0
2614.7019059505446,0.006573,-0.013635,0.02556,1800.0
2614.802478059767,0.0061565320306585,-0.0132433057715073,0.02556,1800.0
2614.9030196514113,0.0036800700459859,-0.0109141431117489,0.02556,1800.0
2614.996108278273,-0.0014245146901979,-0.006113145307577,0.02556,1800.0
2615.0966751422866,-0.0069855805727808,-0.000882781267425,0.02556,1800.0
2615.1978819217666,-0.0107163721511933,0.0026262413784187,0.02556,1800.0
2615.298461421965,-0.011303,0.003178,0.02556,1800.0
2615.3990378227218,-0.0111297012960283,0.0037065579971539,0.02556,1800.0
2615.4996058788283,-0.0106549587512941,0.0048578720524767,0.02556,1800.0
2615.6001899089797,-0.009933543028519,0.0061943967060032,0.02556,1800.0
2615.7007593955977,-0.0090759381994653,0.0074151626585506,0.02556,1800.0
2615.8013272132857,-0.0080641013313655,0.0084998094693504,0.02556,1800.0
2615.9019002761825,-0.0069028674563849,0.009472021303342,0.02556,1800.0
2616.002453550337,-0.0056124086957393,0.0103010647715772,0.02556,1800.0
2616.1039655055984,-0.0042732309276971,0.010930051848376,0.02556,1800.0
2616.1944420185073,-0.0029359615913846,0.0113525497402961,0.02556,1800.0
2616.2950107898696,-0.0015053748551626,0.0116328970275569,0.02556,1800.0
2616.395577892302,5.112077193056286e-05,0.0117099787549863,0.02556,1800.0
2616.498567804335,0.0015748745961457,0.0116087616667209,0.02556,1800.0
2616.599251255034,0.003028396753087,0.0113122919575175,0.02556,1800.0
2616.6998214569076,0.0044777930151364,0.0108205105984163,0.02556,1800.0
2616.8003818836196,0.0058360279300334,0.0101592077316299,0.02556,1800.0
2616.900955661772,0.0070560260692531,0.0093492335592917,0.02556,1800.0
2617.0016343440993,0.0082024271555897,0.0083627906603023,0.02556,1800.0
2617.1026897277816,0.009264448474526,0.0072022863569,0.02556,1800.0
2617.2032492008193,0.0100803389532377,0.0059926237488356,0.02556,1800.0
2617.303832515715,0.0107879516205484,0.0046359959383794,0.02556,1800.0
2617.3943521823867,0.011237521582598,0.0033403160241263,0.02556,1800.0
2617.494936212538,0.0115602909719173,0.0019223361519344,0.02556,1800.0
2617.5954942550643,0.0117160152310822,0.0004462907080374,0.02556,1800.0
2617.696050867079,0.0116640474803826,-0.0010737557594529,0.02556,1800.0
2617.796596750258,0.011427078789896,-0.0025558064761243,0.02556,1800.0
2617.898176177977,0.0110051320540155,-0.0040036221070196,0.02556,1800.0
2617.998746141432,0.0104056724981548,-0.0053824154169904,0.02556,1800.0
2618.0993130054458,0.009630409190122,-0.0066697566934624,0.02556,1800.0
2618.199919208525,0.0086969994554034,-0.0078551521809024,0.02556,1800.0
2618.30048583412,0.0076304470447957,-0.0089049200222124,0.02556,1800.0
2618.4010476913436,0.0064384312180272,-0.0098129066445555,0.02556,1800.0
2618.501615270613,0.0051014303743424,-0.010568761937046,0.02556,1800.0
2618.602185949324,0.0036464040909208,-0.0111431049038085,0.02556,1800.0
2618.70269368553,0.0022248599338667,-0.0115074281390288,0.02556,1800.0
2618.7943396415694,0.0009045093617647,-0.0116783962145073,0.02556,1800.0
2618.8949153270705,-0.0006294292579419,-0.0116872442878789,0.02556,1800.0
2618.995480522154,-0.0021607064684291,-0.011511796460896,0.02556,1800.0
2619.096093639372,-0.0036137772736523,-0.0111430186493973,0.02556,1800.0
2619.1966266479476,-0.0049958019435715,-0.0105946849721328,0.02556,1800.0
2619.2979507293685,-0.0063084059590888,-0.0098743612145482,0.02556,1800.0
2619.3985123481734,-0.0075320714608313,-0.0089939680829738,0.02556,1800.0
2619.4990517940505,-0.0085916853533622,-0.0079851173390154,0.02556,1800.0
2619.5996129360183,-0.0095873868933246,-0.0067697103172629,0.02556,1800.0
2619.700170263289,-0.0103770453990308,-0.0054786813317432,0.02556,1800.0
2619.8007223453506,-0.0109652008778853,-0.0041524184965396,0.02556,1800.0
2619.9013013687118,-0.0114057990859536,-0.0027008497177081,0.02556,1800.0
2620.0018632259353,-0.0116495181957488,-0.0012048559771064,0.02556,1800.0
2620.1024081554397,-0.0117093109817951,0.0002690584049955,0.02556,1800.0
2620.2034926261886,-0.0115737399851326,0.0017797063270214,0.02556,1800.0
2620.3040735568984,-0.011388676084217,0.0028363547689224,0.02556,1800.0
2620.3958437290175,-0.011303,0.003178,0.02556,1800.0
2620.496424898146,-0.011303,0.003178,0.02556,0.0
