5584.043078175183,0.0120809999999999,-0.0170463999999999,0.05964,0.0
5584.144808521863,0.0120792384239717,-0.0170449821461236,0.05964,0.0
5584.245367518063,0.0112568099191318,-0.0163588055568178,0.05964,0.0
5584.3459372431,0.0089794589290884,-0.0144585802530626,0.05964,0.0
5584.446501484509,0.0063063580063079,-0.01222818447879,0.05964,0.0
5584.547070971127,0.00357010545496,-0.0099450989532084,0.05964,0.0
5584.647632589932,0.0008676768950572,-0.0076902533516187,0.05964,0.0
5584.748198500271,-0.0017656460363263,-0.0054930477435554,0.05964,0.0
5584.848763695355,-0.0044689505663294,-0.0032373798887426,0.05964,0.0
5584.949340572949,-0.0071567138085683,-0.0009948269229578,0.05964,0.0
5585.04991792738,-0.0099472386509563,0.0013335280712158,0.05964,0.0
5585.150485029812,-0.0126326300262439,0.0035742324949094,0.05964,0.0
5585.2438011079985,-0.0150786007004817,0.0056151010008393,0.05964,0.0
5585.344551792737,-0.0166540707305595,0.0069296738300744,0.05964,0.0
5585.445116510983,-0.0167729999999999,0.007029,0.05964,0.0
5585.54569124281,-0.0167736810853358,0.0070271270153265,0.05964,0.0
5585.646256914731,-0.0168792697644404,0.0067434956170039,0.05964,1800.0
5585.747000446911,-0.0173126665991018,0.0055326123678661,0.05964,1800.0
5585.847570410367,-0.0176902740862523,0.0041687211232054,0.05964,1800.0
5585.948127022381,-0.0179808962840822,0.0026259361676087,0.05964,1800.0
5586.04866789877,-0.0181356980477921,0.0011150275572565,0.05964,1800.0
5586.1492252260405,-0.0181703907198477,-0.0003286800852994,0.05964,1800.0
5586.249780407544,-0.0180678635233134,-0.0018589805450174,0.05964,1800.0
5586.350345602627,-0.017841670535133,-0.003369837847944,0.05964,1800.0
5586.451097717877,-0.0175083917015342,-0.0048189722606972,0.05964,1800.0
5586.551666012402,-0.0170578042888998,-0.0062351273615707,0.05964,1800.0
5586.642164221402,-0.01655530847063,-0.0074864406137111,0.05964,1800.0
5586.742733469601,-0.0158804588230088,-0.008816002976481,0.05964,1800.0
5586.843449106808,-0.0150949882167831,-0.0101055707284866,0.05964,1800.0
5586.944000235196,-0.0141940955210746,-0.0113513634965017,0.05964,1800.0
5587.044552555676,-0.0132233523526916,-0.0124811412402296,0.05964,1800.0
5587.145233622189,-0.0121386778107306,-0.0135223858182798,0.05964,1800.0
5587.245799770947,-0.0109737278359773,-0.0144733154806389,0.05964,1800.0
5587.346352568265,-0.0097337483462037,-0.0153328747923933,0.05964,1800.0
5587.44688390791,-0.0083831188149075,-0.0161130682584024,0.05964,1800.0
5587.5474276453215,-0.0070389070931711,-0.016743788634745,0.05964,1800.0
5587.647998085614,-0.0056179475682743,-0.0172657656536086,0.05964,1800.0
5587.748631468411,-0.0041196129692065,-0.0176848680855231,0.05964,1800.0
5587.849217882748,-0.0026571584742788,-0.0179721502207088,0.05964,1800.0
5587.949792852994,-0.0011841341053882,-0.0181287085647439,0.05964,1800.0
5588.050276270505,0.0003297946440392,-0.0181660376301428,0.05964,1800.0
5588.150848379727,0.001846842542217,-0.0180755811628932,0.05964,1800.0
5588.251433601971,0.0032802649055832,-0.0178791377846729,0.05964,1800.0
5588.341987124081,0.0045983657885905,-0.0175840897032111,0.05964,1800.0
5588.442498198147,0.0060678933890678,-0.0171170203614795,0.05964,1800.0
5588.543066492673,0.0074470441627936,-0.0165624806672302,0.05964,1800.0
5588.643640270825,0.0087917269939238,-0.0158873203615607,0.05964,1800.0
5588.744223347302,0.0100820655271133,-0.0151099461591112,0.05964,1800.0
5588.844819059964,0.0113025502591493,-0.0142162153591623,0.05964,1800.0
5588.945395937558,0.0124420014298296,-0.0132281242926456,0.05964,1800.0
5589.045980206128,0.013486716344088,-0.0121567400710744,0.05964,1800.0
5589.1465442091185,0.0144901610816214,-0.0109618376786574,0.05964,1800.0
5589.247112503644,0.0153557156659779,-0.0097224809414928,0.05964,1800.0
5589.347822418805,0.0161007225238194,-0.0084302626706656,0.05964,1800.0
5589.448396435376,0.0167227685307439,-0.0071100648022449,0.05964,1800.0
5589.549350491162,0.0172727374942447,-0.0056313454796283,0.05964,1800.0
5589.649934044476,0.0176729077889761,-0.0042265702354262,0.05964,1800.0
5589.750501385327,0.0179565602892316,-0.0027519466690168,0.05964,1800.0
5589.851052513714,0.0181146389712643,-0.0012475220858456,0.05964,1800.0
5589.951592913266,0.0181543550413288,0.0002985877779195,0.05964,1800.0
5590.042116394635,0.018089189135822,0.0016433891901683,0.05964,1800.0
5590.14264940321,0.0179016281864895,0.0030824770256278,0.05964,1800.0
5590.243219128247,0.0175776976144526,0.0045752947556544,0.05964,1800.0
5590.3437888532835,0.0171228133413002,0.0060637197021299,0.05964,1800.0
5590.4443294912535,0.0165660551050272,0.0074751884033791,0.05964,1800.0
5590.544888010617,0.0159336677986558,0.0087622165755434,0.05964,1800.0
5590.645467987652,0.0151132285123403,0.0100879199055742,0.05964,1800.0
5590.746040812131,0.0142241944994571,0.0112923961754787,0.05964,1800.0
5590.8466551214415,0.0136086503989439,0.0120444729418103,0.05964,1800.0
5590.94723462164,0.0126935509530261,0.0129852740515312,0.05964,1800.0
5591.047814837094,0.0115910958387492,0.0139780484723248,0.05964,1800.0
5591.148392668362,0.0104156766707821,0.0149090810269625,0.05964,1800.0
5591.248965016003,0.0091308137112334,0.0157383695561219,0.05964,1800.0
5591.349534502621,0.0077572460242991,0.0164191508611247,0.05964,1800.0
5591.451208105679,0.0063682259064434,0.0170087372000822,0.05964,1800.0
5591.5517241865355,0.004946645785355,0.0174786755757659,0.05964,1800.0
5591.642235508557,0.0036365768898957,0.0178160285395629,0.05964,1800.0
5591.742787113782,0.0021453423036293,0.0180442328924437,0.05964,1800.0
5591.84332298338,0.0006551671710628,0.0181552407743324,0.05964,1800.0
5591.94390224516,-0.0008588221565305,0.0181423893555973,0.05964,1800.0
5592.044447651501,-0.0023465978054099,0.0180146434127672,0.05964,1800.0
5592.144986620541,-0.003820976786981,0.0177561549751227,0.05964,1800.0
5592.245552292462,-0.0053119235773275,0.0173635842521159,0.05964,1800.0
5592.346072426434,-0.0067564411637062,0.0168524496898215,0.05964,1800.0
5592.446638575192,-0.0081040041181491,0.0162553690219624,0.05964,1800.0
5592.54719471037,-0.0093996729810846,0.0155449338615589,0.05964,1800.0
5592.647755613919,-0.0106925073993612,0.0146846554501931,0.05964,1800.0
5592.748280516263,-0.0118734053965733,0.0137495450007352,0.05964,1800.0
5592.848837366696,-0.012998198222058,0.0127037244753688,0.05964,1800.0
5592.949339857693,-0.0139839566661983,0.0116178947608758,0.05964,1800.0
5593.049900045987,-0.0149003753179493,0.0103989126130317,0.05964,1800.0
5593.150469294186,-0.0156864815676169,0.0091597848902186,0.05964,1800.0
5593.251040688153,-0.0163961764021294,0.0078078555908543,0.05964,1800.0
5593.351606121655,-0.0167139420902275,0.0071565823573881,0.05964,1800.0
5593.442142716046,-0.0167729999999999,0.007029,0.05964,1800.0
5593.543663254376,-0.0162391561943722,0.0065801302139812,0.05964,1800.0
5593.644171944256,-0.0132003688553926,0.0040250637792041,0.05964,1800.0
5593.74472712576,-0.0073513096131419,-0.0008929262530054,0.05964,1800.0
5593.845290175076,-0.0019280848940532,-0.0054528839706141,0.05964,1800.0
5593.946228972073,0.001721,-0.008521,0.05964,1800.0
5594.046822062131,0.0009702943766478,-0.0086373825806185,0.05964,1800.0
5594.147339096661,-0.0003860891904923,-0.0086557731659206,0.05964,1800.0
5594.247917881604,-0.0018949841916613,-0.0084498835016501,0.05964,1800.0
5594.348476639386,-0.0033087822308603,-0.0079930940788032,0.05964,1800.0
5594.449051371213,-0.0046547939736313,-0.0072897767822263,0.05964,1800.0
5594.549622288342,-0.0058575329622817,-0.0063720612516129,0.05964,1800.0
5594.650148621197,-0.0068573080634593,-0.0052721738887323,0.05964,1800.0
5594.750731220837,-0.0076667916308589,-0.0039970225996821,0.05964,1800.0
5594.8412268072325,-0.0081941837226535,-0.0027707905717494,0.05964,1800.0
5594.941783180829,-0.0085804119211873,-0.0013483318213971,0.05964,1800.0
5595.042359343167,-0.0086771467322084,0.0001492232779908,0.05964,1800.0
5595.142932406064,-0.0085212436866009,0.0016257344646125,0.05964,1800.0
5595.2445878893095,-0.0080623667921528,0.0031683288386348,0.05964,1800.0
5595.345162859555,-0.0073939727485511,0.0045088782797516,0.05964,1800.0
5595.44573449194,-0.0065146913646167,0.0056966677347036,0.05964,1800.0
5595.54630374014,-0.0054521387146201,0.0067226576004921,0.05964,1800.0
5595.646873465176,-0.004217016127911,0.0075532091743742,0.05964,1800.0
5595.747471323605,-0.0028614808220183,0.0081724457745297,0.05964,1800.0
5595.848045578595,-0.0014142903932668,0.0085325028080507,0.05964,1800.0
5595.9486141115385,8.715150246746406e-05,0.0086733629992654,0.05964,1800.0
5596.049229374524,0.001579923675146,0.0085245727611135,0.05964,1800.0
5596.149789801236,0.0030237151241211,0.0081412699103924,0.05964,1800.0
5596.250348559018,0.0043897442863647,0.007492879434769,0.05964,1800.0
5596.34083127081,0.0054901875125388,0.0067054742184781,0.05964,1800.0
5596.441400757428,0.0065973685127414,0.0056061064510604,0.05964,1800.0
5596.541970959302,0.0074710682661355,0.0043623236402965,0.05964,1800.0
5596.643474093075,0.0081146293865302,0.0030087704078421,0.05964,1800.0
5596.744049301739,0.0084986851851558,0.0015947145573342,0.05964,1800.0
5596.844587078686,0.0086497563283445,8.987872242777195e-05,0.05964,1800.0
5596.94543074667,0.0085387776581348,-0.00143842523007,0.05964,1800.0
5597.0471761137205,0.0081781818971104,-0.0028427126533473,0.05964,1800.0
5597.147736063595,0.0075967492010758,-0.0042051735759051,0.05964,1800.0
5597.248292437192,0.0067429785481668,-0.0055341416733058,0.05964,1800.0
5597.348860493298,0.0056537452157329,-0.00659362551067,0.05964,1800.0
5597.449428787823,0.0044145126309368,-0.0074727709851468,0.05964,1800.0
5597.550036421414,0.0031038850436536,-0.0081088241427182,0.05964,1800.0
5597.6505978018,0.0019983245191037,-0.0084441022180237,0.05964,1800.0
5597.74106573164,0.001721,-0.008521,0.05964,1800.0
5597.8416142374235,0.0017166955239936,-0.0085256313982346,0.05964,1800.0
5597.942169180508,-0.0001910644704601,-0.0105779843186979,0.05964,1800.0
5598.043195953961,-0.0033929571687616,-0.0140225080406232,0.05964,1800.0
5598.143767824765,-0.00497,-0.0157189999999999,0.05964,1800.0
5598.244326820965,-0.0047792691110613,-0.0157710018377946,0.05964,1800.0
5598.344854822751,-0.0036612703933056,-0.0160668153003305,0.05964,1800.0
5598.445427885647,-0.0021841957990208,-0.0163251850204627,0.05964,1800.0
5598.545994034405,-0.0007024292829149,-0.0164557256878991,0.05964,1800.0
5598.6465232282835,0.0008125215512824,-0.0164443402057354,0.05964,1800.0
5598.747117033597,0.0023660033094709,-0.0162880694388897,0.05964,1800.0
5598.848481884595,0.0038016807315813,-0.0160180989096851,0.05964,1800.0
5598.949035635586,0.005233371154505,-0.0156027524403216,0.05964,1800.0
5599.049601307507,0.0066806452909123,-0.0150371315545776,0.05964,1800.0
5599.140393963452,0.0078973417533702,-0.0144441406992266,0.05964,1800.0
5599.240965357419,0.0091396014117813,-0.0136944028629541,0.05964,1800.0
5599.341527691479,0.0104003561677976,-0.0127612953375114,0.05964,1800.0
5599.442093840237,0.011544440376892,-0.011753365735285,0.05964,1800.0
5599.542619934674,0.0125492583905885,-0.0106744129045467,0.05964,1800.0
5599.64317463934,0.0134569574038797,-0.0094928422491929,0.05964,1800.0
5599.744166126843,0.0142903424867902,-0.0081916142064747,0.05964,1800.0
5599.8447382360655,0.0149682307030796,-0.0068585282432641,0.05964,1800.0
5599.94527315199,0.0155234521924298,-0.0054676406424937,0.05964,1800.0
5600.045850506421,0.0159568531455565,-0.0040300148581188,0.05964,1800.0
5600.146418800946,0.0162557389614476,-0.0025556591779216,0.05964,1800.0
5600.246988049145,0.0164244670408137,-0.0010376917796766,0.05964,1800.0
5600.347711315747,0.0164566300428977,0.0005008205489149,0.05964,1800.0
5600.448285332318,0.0163413118658942,0.0019727390004839,0.05964,1800.0
5600.548856964703,0.0161064664995119,0.0034049180880234,0.05964,1800.0
5600.640759697552,0.015760676504215,0.0048099926248975,0.05964,1800.0
5600.741309633847,0.015278640210866,0.0061629735300592,0.05964,1800.0
5600.841906061764,0.014647786189918,0.0075261251924031,0.05964,1800.0
5600.942473641034,0.0138980916883412,0.0088265948279855,0.05964,1800.0
5601.043045035,0.0129983306898817,0.0100944226397155,0.05964,1800.0
5601.143628826733,0.012026309161831,0.0112399427068746,0.05964,1800.0
5601.2442002207,0.0109270849463419,0.0122998605182406,0.05964,1800.0
5601.344735375043,0.0097501841760776,0.0132568317219328,0.05964,1800.0
5601.445301762219,0.0085090771332249,0.0140863618426727,0.05964,1800.0
5601.545855513211,0.0071901200406753,0.0148101622288415,0.05964,1800.0
5601.646429529782,0.0058336053868053,0.0153915841146304,0.05964,1800.0
5601.747003546353,0.0044183601429299,0.0158665531560785,0.05964,1800.0
5601.847506991025,0.0029329608641578,0.0162085556961805,0.05964,1800.0
5601.948069325085,0.0014826700173141,0.0164049438003962,0.05964,1800.0
5602.048626652356,-3.013714464100703e-05,0.0164749153759309,0.05964,1800.0
5602.149201145764,-0.001619192171347,0.0163824293293375,0.05964,1800.0
5602.249773731824,-0.0030869906736766,0.0161707648757779,0.05964,1800.0
5602.3402893453795,-0.0043705470844421,0.0158678079330084,0.05964,1800.0
5602.44085835516,-0.0058068853686125,0.0153990399682632,0.05964,1800.0
5602.541394463177,-0.0072217107702924,0.0147897737939904,0.05964,1800.0
5602.641964665051,-0.0085511278636739,0.0140630451265179,0.05964,1800.0
5602.74132751524,-0.0097763797053872,0.0132453719368824,0.05964,1800.0
5602.842978230115,-0.01093255484122,0.012308009111568,0.05964,1800.0
5602.943534126874,-0.0120343344180421,0.0112495557208378,0.05964,1800.0
5603.0447239786345,-0.0130408192796782,0.0100636536448837,0.05964,1800.0
5603.145299425717,-0.0138873731327723,0.0088545296297624,0.05964,1800.0
5603.2458205133635,-0.0146427051930913,0.0075463273451537,0.05964,1800.0
5603.346388807889,-0.0152725036379182,0.0061437156893618,0.05964,1800.0
5603.446959009762,-0.0157613437004873,0.0047440628693292,0.05964,1800.0
5603.5475017935,-0.0161267738839432,0.0033004406382424,0.05964,1800.0
5603.648068180676,-0.0163537179567852,0.0018206752737803,0.05964,1800.0
5603.748619785901,-0.0164562076722386,0.0003406553674146,0.05964,1800.0
5603.849196901913,-0.0164132987717347,-0.0011841657144636,0.05964,1800.0
5603.949760666485,-0.0162318100072954,-0.002733220402856,0.05964,1800.0
5604.040278902646,-0.0159694843240703,-0.0040283706243663,0.05964,1800.0
5604.140857687588,-0.0155617330471966,-0.0054188790191144,0.05964,1800.0
5604.241436472531,-0.0149963084805462,-0.0068137064892548,0.05964,1800.0
5604.342018595334,-0.0142692687986408,-0.0082293760006524,0.05964,1800.0
5604.442572823163,-0.0134563974988472,-0.0094850384258471,0.05964,1800.0
5604.543136349316,-0.0125257278277248,-0.0106754921308958,0.05964,1800.0
5604.643698444958,-0.0115002405349184,-0.0117817629144676,0.05964,1800.0
5604.7442157179075,-0.0103688346568452,-0.0127808595521477,0.05964,1800.0
5604.844737043973,-0.0091628136605186,-0.0136711492862595,0.05964,1800.0
5604.945307007428,-0.00788625742078,-0.0144452744394845,0.05964,1800.0
5605.045967569943,-0.0065471138777897,-0.0151040835669013,0.05964,1800.0
5605.146536341305,-0.005423742993681,-0.015556785959761,0.05964,1800.0
5605.247123709317,-0.00497,-0.0157189999999999,0.05964,1800.0
5605.347698679562,-0.0049141078463004,-0.0156668478066946,0.05964,1800.0
5605.448269358273,-0.0041956639847668,-0.0149964928606937,0.05964,1800.0
5605.548843136426,0.0012968336912505,-0.0098719762339448,0.05964,1800.0
5605.649441233273,0.0070313351769881,-0.0045216486136419,0.05964,1800.0
5605.750005236264,0.0096365499544178,-0.0020909015234505,0.05964,1800.0
5605.8405125051695,0.010287,-0.0014839999999999,0.05964,1800.0
5605.941077700253,0.0102863153679742,-0.0014875811521344,0.05964,1800.0
5606.041864624615,0.0101688172710101,-0.002055505081747,0.05964,1800.0
5606.143240919705,0.0098098739457985,-0.0033270895486353,0.05964,1800.0
5606.243789663907,0.0092249327968274,-0.0047140350701441,0.05964,1800.0
5606.344365826245,0.0084800107245949,-0.0059790497473448,0.05964,1800.0
5606.447817316647,0.0074941823217223,-0.0071784742114341,0.05964,1800.0
5606.548381796475,0.0063383508794042,-0.0082171863202994,0.05964,1800.0
5606.648956051465,0.0051063401327587,-0.0090380266106954,0.05964,1800.0
5606.749512901898,0.0036979570834696,-0.0097038629785497,0.05964,1800.0
5606.850121250744,0.0023009216276442,-0.0101189796721191,0.05964,1800.0
5606.940677395459,0.0009437976713397,-0.0103139041645162,0.05964,1800.0
5607.041244021054,-0.000571157446542,-0.0103392448697617,0.05964,1800.0
5607.141762247677,-0.0020354686208047,-0.0101630790661507,0.05964,1800.0
5607.243170967694,-0.0034895731349643,-0.0097549249186424,0.05964,1800.0
5607.34373735487,-0.0048938837726845,-0.0091278487339209,0.05964,1800.0
5607.444314470883,-0.0061602009192977,-0.008337321975709,0.05964,1800.0
5607.54481863081,-0.0072722951523621,-0.0073997545521827,0.05964,1800.0
5607.645381680127,-0.0082851875071018,-0.0062605562341885,0.05964,1800.0
5607.745947828885,-0.0090944586371436,-0.0050068398402477,0.05964,1800.0
5607.848995438214,-0.0097341038130293,-0.0036109180454376,0.05964,1800.0
5607.949540606137,-0.0101535056093417,-0.0021564841308955,0.05964,1800.0
5608.050119629498,-0.0103506052997962,-0.0006003706498511,0.05964,1800.0
5608.140675297375,-0.0103339911779867,0.0007111880594776,0.05964,1800.0
5608.241245976086,-0.0101174083429535,0.0022087478303654,0.05964,1800.0
5608.341861000653,-0.0097507948378503,0.0035365036489409,0.05964,1800.0
5608.442438355084,-0.0092390390378583,0.0047086896981459,0.05964,1800.0
5608.543373575802,-0.0085038225279394,0.0059355093240741,0.05964,1800.0
5608.643942347165,-0.0075587003563268,0.0070863493491307,0.05964,1800.0
5608.744509926434,-0.0064414143480742,0.0081404774452027,0.05964,1800.0
5608.845080605145,-0.0052498394426182,0.0089582081586168,0.05964,1800.0
5608.945663443204,-0.0039021290545124,0.009616664048365,0.05964,1800.0
5609.046235790845,-0.0024625221512938,0.0100757102610332,0.05964,1800.0
5609.146821013089,-0.0009919992016658,0.0103224873768684,0.05964,1800.0
5609.2490696817595,0.0005554721425805,0.0103559436083829,0.05964,1800.0
5609.340780249234,0.0019161314352485,0.0101801046657336,0.05964,1800.0
5609.441314688321,0.0033472837510528,0.0098009864169735,0.05964,1800.0
5609.5418832212645,0.0047115850519844,0.0092212198621863,0.05964,1800.0
5609.642437449093,0.006024796229991,0.0084317865195955,0.05964,1800.0
5609.742991438504,0.0072175574372538,0.0074385135138689,0.05964,1800.0
5609.843555441495,0.008196324458483,0.0063520667935828,0.05964,1800.0
5609.944120636578,0.0090266006812344,0.0051164814224439,0.05964,1800.0
5610.04463910162,0.009699485777989,0.0037375504573656,0.05964,1800.0
5610.1452181249815,0.0101164557710444,0.002311153425673,0.05964,1800.0
5610.245775213833,0.0103382548093206,0.0008340343046233,0.05964,1800.0
5610.3463299185,0.0103849697016152,-5.115742921391053e-05,0.05964,1800.0
5610.446890822049,0.0103332830309651,-0.0010294815415283,0.05964,1800.0
5610.547477236386,0.0102958970778326,-0.0014293719421075,0.05964,1800.0
5610.644249430295,0.0102869999999999,-0.0014839999999999,0.05964,1800.0
5610.744805565472,0.0091555890641032,-0.0024524124608908,0.05964,1800.0
5610.845352640744,0.0051609228265962,-0.0058716259488557,0.05964,1800.0
5610.9459123522,-0.0004798386087017,-0.0106998412594678,0.05964,1800.0
5611.046469441052,-0.0044233031255556,-0.0140752478319159,0.05964,1800.0
5611.142911663647,-0.0044509999999999,-0.014099,0.05964,1800.0
5611.243479004498,-0.0037747322643263,-0.0142868671230628,0.05964,1800.0
5611.344011774655,-0.0024047228260566,-0.0145692200421809,0.05964,1800.0
5611.444576016064,-0.0008913371486145,-0.0147327040769842,0.05964,1800.0
5611.545129290219,0.0006376478055264,-0.0147407080307253,0.05964,1800.0
5611.645702353116,0.0021483000181641,-0.0145983227833008,0.05964,1800.0
5611.746225824948,0.0036026217396205,-0.0143111580285681,0.05964,1800.0
5611.846810570355,0.0050222946881011,-0.0138739767590714,0.05964,1800.0
5611.947373381253,0.0064183484812699,-0.0132906158312665,0.05964,1800.0
5612.047930946942,0.007734642374855,-0.0125727652663568,0.05964,1800.0
5612.148452749844,0.0089448255850705,-0.0117517011578383,0.05964,1800.0
5612.248978605862,0.0101030306202083,-0.0107717232434965,0.05964,1800.0
5612.34954809248,0.0111961502836439,-0.0096454832959104,0.05964,1800.0
5612.443621149655,0.0120647809733064,-0.0085103805824663,0.05964,1800.0
5612.544161549206,0.0128605762299338,-0.0072530260055103,0.05964,1800.0
5612.644727936383,0.0135278233169199,-0.0058970865703255,0.05964,1800.0
5612.745260229703,0.0140437296336998,-0.0045346570093323,0.05964,1800.0
5612.84582137167,0.01443441081666,-0.0030556744524652,0.05964,1800.0
5612.946375599499,0.0146729443183166,-0.0015280826039203,0.05964,1800.0
5613.046932211514,0.0147540555628391,-2.8042186528798307e-05,0.05964,1800.0
5613.147457829114,0.0146861678664909,0.001471076116873,0.05964,1800.0
5613.248041382428,0.0144642099384182,0.0029575014702379,0.05964,1800.0
5613.348616114255,0.0140945682195044,0.0044131539827755,0.05964,1800.0
5613.449135532971,0.013571901490259,0.0058286078073723,0.05964,1800.0
5613.539640894528,0.0129927473893936,0.0070356941124976,0.05964,1800.0
5613.640220633145,0.0122003214945796,0.0083082341984491,0.05964,1800.0
5613.740806570645,0.0113137102151647,0.0094846939248077,0.05964,1800.0
5613.844546309109,0.0102599272158828,0.0106044545990685,0.05964,1800.0
5613.945116034146,0.009095026038325,0.0116157570312674,0.05964,1800.0
5614.045675268765,0.0078656958440676,0.0124841060563519,0.05964,1800.0
5614.14623354971,0.0065764891763098,0.0132053883919442,0.05964,1800.0
5614.246796837445,0.0051988208973358,0.0138098664289185,0.05964,1800.0
5614.347348204251,0.0037619838993424,0.0142741332394668,0.05964,1800.0
5614.447937956448,0.0022955102899808,0.0145816301109873,0.05964,1800.0
5614.548465481396,0.0007765681034009,0.0147474704126738,0.05964,1800.0
5614.649031630154,-0.0007880088883031,0.0147491218506201,0.05964,1800.0
5614.740251770611,-0.0020817612618692,0.0146227983880039,0.05964,1800.0
5614.84080599844,-0.0036043787687156,0.0143157735016695,0.05964,1800.0
5614.941381207104,-0.0050239493824379,0.0138807379345177,0.05964,1800.0
5615.041962137814,-0.0063994249178244,0.0132996325368641,0.05964,1800.0
5615.142535915967,-0.0077118223001667,0.0125790860748898,0.05964,1800.0
5615.247646322842,-0.0090285119651981,0.011669032770199,0.05964,1800.0
5615.348182192441,-0.0101801974981457,0.0106775962285937,0.05964,1800.0
5615.44874643385,-0.0112110570435222,0.0095967298470983,0.05964,1800.0
5615.549326410885,-0.0121441627868758,0.0083939081786472,0.05964,1800.0
5615.6467101484495,-0.0128922038617021,0.0072007975822999,0.05964,1800.0
5615.747280588742,-0.0135480791854004,0.0058762897047916,0.05964,1800.0
5615.847843638058,-0.0141004919797659,0.0044095399204965,0.05964,1800.0
5615.948399534817,-0.014480729354733,0.0029235810296172,0.05964,1800.0
5616.048966875668,-0.0146932002974609,0.0014230351701811,0.05964,1800.0
5616.149531832333,-0.0147635453588509,-4.317611760124018e-05,0.05964,1800.0
5616.240053406354,-0.0146879925759307,-0.0013903478480802,0.05964,1800.0
5616.3406360059935,-0.0144668058387101,-0.0029030181606871,0.05964,1800.0
5616.441207638379,-0.014102507817705,-0.0043557395625872,0.05964,1800.0
5616.5417869001585,-0.0135935539564726,-0.0057409210562661,0.05964,1800.0
5616.642344227429,-0.0129483452064732,-0.0070943199951282,0.05964,1800.0
5616.742935410138,-0.0121763435331616,-0.0083432714423803,0.05964,1800.0
5616.843511810895,-0.0112497814448678,-0.0095721752713845,0.05964,1800.0
5616.944051018353,-0.0102395890483832,-0.0106449510681626,0.05964,1800.0
5617.04878877699,-0.0090492202740181,-0.0116843113393577,0.05964,1800.0
5617.140092363949,-0.0078833310512585,-0.01248375867516,0.05964,1800.0
5617.240655413266,-0.0065358346881997,-0.0132335125132644,0.05964,1800.0
5617.341242781277,-0.0051805687304992,-0.0138179341587573,0.05964,1800.0
5617.441829195614,-0.0045300374959577,-0.0140707274458021,0.05964,1800.0
5617.542328348752,-0.0044509999999999,-0.014099,0.05964,1800.0
5617.642881384488,-0.0034563039980003,-0.0137844851771788,0.05964,1800.0
5617.743458738919,0.0001372739425659,-0.0126481647897238,0.05964,1800.0
5617.844033470746,0.0040094161667334,-0.0114236923468536,0.05964,1800.0
5617.944592228528,0.0040209999999999,-0.01142,0.05964,1800.0
5618.045158854123,0.0039715336420084,-0.0114340499385241,0.05964,1800.0
5618.145744791623,0.0033512799994129,-0.011608007503332,0.05964,1800.0
5618.246325483914,0.0018822430141146,-0.0119282638421472,0.05964,1800.0
5618.346892824765,0.0004061876187718,-0.0120666557387831,0.05964,1800.0
5618.440603485699,-0.001019149012706,-0.0120200587301839,0.05964,1800.0
5618.541719666119,-0.002536263250867,-0.011804203187933,0.05964,1800.0
5618.642278423901,-0.004003715502557,-0.0113852163762835,0.05964,1800.0
5618.742801418896,-0.0053920398416609,-0.0107970257310256,0.05964,1800.0
5618.843365660306,-0.006679138935108,-0.0100579734415549,0.05964,1800.0
5618.943926802273,-0.0078588167578577,-0.0091632570150405,0.05964,1800.0
5619.044490328427,-0.0089275101685849,-0.0081196690291387,0.05964,1800.0
5619.145067206021,-0.0098907123562065,-0.0069178050471821,0.05964,1800.0
5619.245631924267,-0.0106887742215174,-0.0056208815574259,0.05964,1800.0
5619.34620236456,-0.0112940860929674,-0.0042894571024282,0.05964,1800.0
5619.446771612759,-0.0117369437088432,-0.0028539999293416,0.05964,1800.0
5619.547339430447,-0.0120003959305684,-0.0013432916227439,0.05964,1800.0
5619.647903433438,-0.0120709995175455,0.000139580175038,0.05964,1800.0
5619.748464336987,-0.0119553566156649,0.0016704381583475,0.05964,1800.0
5619.8436863332945,-0.0116825998292775,0.0030532385169447,0.05964,1800.0
5619.944253674145,-0.0112226990623503,0.0044840773774621,0.05964,1800.0
5620.044775715466,-0.0106931920412878,0.0056793588948904,0.05964,1800.0
5620.1453387647825,-0.0101140744214916,0.0066036195385044,0.05964,1800.0
5620.2459020525175,-0.0092541259301973,0.0077739545809951,0.05964,1800.0
5620.346424093838,-0.008251908357178,0.0088288406996456,0.05964,1800.0
5620.447004309292,-0.007082300993703,0.009798502239355,0.05964,1800.0
5620.547587624188,-0.0057535265775007,0.010631860058266,0.05964,1800.0
5620.648147335644,-0.0043703201969457,0.0112566840731945,0.05964,1800.0
5620.748726597424,-0.0029956876524881,0.0116921596308116,0.05964,1800.0
5620.849300137158,-0.0014898749962436,0.0119698534103661,0.05964,1800.0
5620.940094462033,-0.0001138425360133,0.0120568811552944,0.05964,1800.0
5621.040660610791,0.0013662520135668,0.0119850139393528,0.05964,1800.0
5621.141220799084,0.0028333402149265,0.0117257722380306,0.05964,1800.0
5621.241778364773,0.0042827262481571,0.0112894014721746,0.05964,1800.0
5621.342320433255,0.0056257588956602,0.0106863835826105,0.05964,1800.0
5621.444972506161,0.0069323173183876,0.0098963990660586,0.05964,1800.0
5621.545534124966,0.0081373870738125,0.0089362523219277,0.05964,1800.0
5621.646091213818,0.0091737661532019,0.0078712281568935,0.05964,1800.0
5621.743138542767,0.010042459758054,0.0067112428203418,0.05964,1800.0
5621.844793787594,0.0107956372792385,0.0053935044942347,0.05964,1800.0
5621.945346584912,0.0113918539934422,0.003965769966261,0.05964,1800.0
5622.045866957303,0.0118006188655864,0.0024919810288902,0.05964,1800.0
5622.146423807736,0.0120860763852466,0.0015730513972507,0.05964,1800.0
5622.246985426541,0.0121542716705226,0.0005401504747279,0.05964,1800.0
5622.3475489526945,0.0121338622394014,-0.0007116199201973,0.05964,1800.0
5622.448106518384,0.0120562728737513,-0.0017209166876897,0.05964,1800.0
5622.548633328076,0.0117515128791153,-0.0027245807808223,0.05964,1800.0
5622.649185410138,0.0113435855117468,-0.0041377174224045,0.05964,1800.0
5622.739690056439,0.010781101985794,-0.0054799886897773,0.05964,1800.0
5622.840239277478,0.0100524514777144,-0.0067172484894276,0.05964,1800.0
5622.940824022885,0.0091225702182039,-0.007920087720781,0.05964,1800.0
5623.041402092572,0.0080904041536068,-0.0089742799571559,0.05964,1800.0
5623.145126810666,0.0068163833278814,-0.0099561078654747,0.05964,1800.0
5623.246234408017,0.0054911858042643,-0.0107445605580154,0.05964,1800.0
5623.3468012720305,0.0044603163587723,-0.0112342611093478,0.05964,1800.0
5623.4473616987425,0.0040209999999999,-0.0114199999999999,0.05964,1800.0
5623.547929039593,0.0040209999999999,-0.0114199999999999,0.05964,0.0
