6589.299190044403,-0.0009152000000000049,-0.01673920000000001,0.01633,1800.0
6589.399131059647,0.00046960000000000057,-0.01675289999999996,0.01633,1800.0
6589.499168872833,0.002142999999999992,-0.016616200000000025,0.01633,1800.0
6589.599174499512,0.003678600000000004,-0.016347,0.01633,1800.0
6589.69930100441,0.003678600000000004,-0.016347,0.01633,1800.0
6589.799129486084,0.005297400000000008,-0.01590180000000002,0.01633,1800.0
6589.899173974991,0.0067493,-0.015333299999999994,0.01633,1800.0
6589.999188184738,0.008356299999999997,-0.014525299999999963,0.01633,1800.0
6590.099092721939,0.009553999999999993,-0.013772000000000006,0.01633,1800.0
6590.199115991592,0.010365199999999991,-0.013164900000000035,0.01633,1800.0
6590.299170017242,0.011632900000000002,-0.01206419999999997,0.01633,1800.0
6590.399220705032,0.01269930000000001,-0.010926900000000017,0.01633,1800.0
6590.499130249023,0.013731400000000005,-0.009602799999999967,0.01633,1800.0
6590.599205732346,0.014571100000000003,-0.008288899999999988,0.01633,1800.0
6590.69918513298,0.015318899999999996,-0.0067855,0.01633,1800.0
6590.79914021492,0.015922000000000006,-0.005218699999999965,0.01633,1800.0
6590.89920592308,0.015922000000000006,-0.005218699999999965,0.01633,1800.0
6590.999151945114,0.0163701,-0.0036006000000000093,0.01633,1800.0
6591.099198579788,0.0166264,-0.002062699999999973,0.01633,1800.0
6591.19920539856,0.016749700000000006,-0.00038840000000001096,0.01633,1800.0
6591.299161672592,0.01671310000000001,0.0012902000000000191,0.01633,1800.0
6591.399181127548,0.016513100000000003,0.0028366000000000224,0.01633,1800.0
6591.499223709106,0.0161761,0.004474699999999998,0.01633,1800.0
6591.599180221558,0.015667200000000006,0.0059586999999999835,0.01633,1800.0
6591.699172258377,0.014986100000000002,0.007493300000000036,0.01633,1800.0
6591.799166440964,0.014160599999999995,0.0089553,0.01633,1800.0
6591.899157524109,0.013200799999999999,0.01033310000000004,0.01633,1800.0
6591.999162912369,0.013200799999999999,0.01033310000000004,0.01633,1800.0
6592.099138736725,0.012177300000000002,0.011509400000000003,0.01633,1800.0
6592.199177980423,0.011052199999999998,0.012588500000000002,0.01633,1800.0
6592.299487829208,0.009719199999999997,0.013653200000000032,0.01633,1800.0
6592.399152517319,0.009018100000000001,0.01411770000000001,0.01633,1800.0
6592.4991755485535,0.007563899999999998,0.014956899999999995,0.01633,1800.0
6592.599187135696,0.006027400000000002,0.015633600000000025,0.01633,1800.0
6592.699186086655,0.004547700000000002,0.016124300000000036,0.01633,1800.0
6592.799180269241,0.0029122999999999927,0.01650440000000003,0.01633,1800.0
6592.899188756943,0.0013659000000000032,0.01670320000000003,0.01633,1800.0
6592.999173879623,-0.00031240000000000434,0.016749800000000037,0.01633,1800.0
6593.099194049835,-0.001987799999999998,0.016640500000000003,0.01633,1800.0
6593.199174880981,-0.0035257000000000066,0.01638400000000001,0.01633,1800.0
6593.299111604691,-0.0035257000000000066,0.01638400000000001,0.01633,1800.0
6593.399165391922,-0.005259800000000009,0.01590590000000003,0.01633,1800.0
6593.499172210693,-0.0067172999999999955,0.015352299999999985,0.01633,1800.0
6593.599171638489,-0.008219400000000002,0.014602700000000024,0.01633,1800.0
6593.699166297913,-0.009539099999999995,0.013772700000000027,0.01633,1800.0
6593.7991552352905,-0.010872000000000007,0.012751800000000035,0.01633,1800.0
6593.899176836014,-0.012093599999999996,0.011600300000000063,0.01633,1800.0
6593.99916768074,-0.013115699999999994,0.010423000000000016,0.01633,1800.0
6594.09917807579,-0.014095400000000008,0.009059600000000001,0.01633,1800.0
6594.199143648148,-0.01488189999999999,0.007713300000000034,0.01633,1800.0
6594.299093723297,-0.015614199999999995,0.006070200000000026,0.01633,1800.0
6594.399124383926,-0.015614199999999995,0.006070200000000026,0.01633,1800.0
6594.499148130417,-0.016113699999999995,0.004593500000000028,0.01633,1800.0
6594.599119186401,-0.016479400000000005,0.0030776000000000137,0.01633,1800.0
6594.699180364609,-0.016695,0.0014124000000000358,0.01633,1800.0
6594.7991688251495,-0.016753000000000004,-0.0002654999999999741,0.01633,1800.0
6594.899174213409,-0.016648399999999994,-0.0019410999999999734,0.01633,1800.0
6594.999175071716,-0.016389100000000004,-0.00347849999999994,0.01633,1800.0
6595.099167108536,-0.015959199999999993,-0.005101399999999978,0.01633,1800.0
6595.199191093445,-0.015422699999999998,-0.006565399999999999,0.01633,1800.0
6595.299181938171,-0.0145628,-0.008280499999999968,0.01633,1800.0
6595.399172067642,-0.013799499999999992,-0.009500399999999964,0.01633,1800.0
6595.499177455902,-0.013799499999999992,-0.009500399999999964,0.01633,1800.0
6595.5991797447205,-0.012787199999999999,-0.010840000000000016,0.01633,1800.0
6595.6991930007935,-0.011631599999999992,-0.012058199999999963,0.01633,1800.0
6595.79919052124,-0.010460499999999998,-0.013087199999999966,0.01633,1800.0
6595.899139642715,-0.0092024,-0.014008099999999968,0.01633,1800.0
6595.99918961525,-0.007752800000000004,-0.014855200000000013,0.01633,1800.0
6596.099174976349,-0.00622579999999999,-0.01555289999999998,0.01633,1800.0
6596.199187040329,-0.004640699999999998,-0.01610689999999998,0.01633,1800.0
6596.299184083939,-0.003122699999999992,-0.016462699999999997,0.01633,1800.0
6596.3991804122925,-0.0014591999999999938,-0.016689299999999962,0.01633,1800.0
6596.4991726875305,-0.0009220000000000061,-0.016739000000000004,0.01633,1800.0
6596.599143743515,-0.0009220000000000061,-0.016739000000000004,0.01633,1800.0
6596.699170351028,-0.0009220000000000061,-0.016739000000000004,0.01633,0.0
6596.799171209335,-0.0022859000000000074,-0.014680199999999977,0.01633,0.0
6597.099185466766,-0.00915500000000001,-0.004311000000000009,0.01633,0.0
6597.19914150238,-0.00915500000000001,-0.004311000000000009,0.01633,1800.0
6597.299188375473,-0.009654199999999988,-0.003000199999999953,0.01633,1800.0
6597.399178266525,-0.009980900000000001,-0.0015997999999999846,0.01633,1800.0
6597.499179363251,-0.010117799999999996,7.20000000000165e-05,0.01633,1800.0
6597.599179506302,-0.009956699999999999,0.0017419000000000184,0.01633,1800.0
6597.699172735214,-0.009581099999999995,0.003253999999999979,0.01633,1800.0
6597.799160480499,-0.008901900000000004,0.0047880000000000145,0.01633,1800.0
6597.899180650711,-0.008901900000000004,0.0047880000000000145,0.01633,1800.0
6597.999173402786,-0.008063299999999995,0.0061007000000000144,0.01633,1800.0
6598.099183797836,-0.006943599999999994,0.007348800000000044,0.01633,1800.0
6598.199177503586,-0.005632899999999996,0.008395600000000059,0.01633,1800.0
6598.299183130264,-0.0041688,0.009213600000000044,0.01633,1800.0
6598.399175643921,-0.0027025000000000104,0.009739700000000018,0.01633,1800.0
6598.499150514603,-0.0010565999999999909,0.010063600000000006,0.01633,1800.0
6598.599082708359,0.0005011000000000043,0.010094700000000012,0.01633,1800.0
6598.6991419792175,0.0021656000000000036,0.009884600000000021,0.01633,1800.0
6598.799170970917,0.003765500000000005,0.009379899999999997,0.01633,1800.0
6598.899168252945,0.005164100000000005,0.00869399999999998,0.01633,1800.0
6598.999184370041,0.006529099999999996,0.007719799999999999,0.01633,1800.0
6599.099176168442,0.006529099999999996,0.007719799999999999,0.01633,1800.0
6599.19917845726,0.0077155,0.006533899999999981,0.01633,1800.0
6599.299175262451,0.008632799999999996,0.005274800000000024,0.01633,1800.0
6599.399173736572,0.009377400000000008,0.003771400000000036,0.01633,1800.0
6599.499194145203,0.009883500000000003,0.0021720000000000073,0.01633,1800.0
6599.599185466766,0.0100943,0.0005075999999999969,0.01633,1800.0
6599.699179887772,0.010064000000000003,-0.0010500999999999983,0.01633,1800.0
6599.799147844315,0.0097415,-0.002696299999999985,0.01633,1800.0
6599.899172544479,0.009170300000000006,-0.004273799999999939,0.01633,1800.0
6599.999178409576,0.008399300000000012,-0.00562760000000001,0.01633,1800.0
6600.099170446396,0.008399300000000012,-0.00562760000000001,0.01633,1800.0
6600.199182987213,0.007273000000000002,-0.007028099999999982,0.01633,1800.0
6600.29918551445,0.006203700000000006,-0.007989899999999994,0.01633,1800.0
6600.403894662857,0.004793600000000009,-0.008898799999999985,0.01633,1800.0
6600.499262809753,0.0032602000000000048,-0.009579300000000013,0.01633,1800.0
6600.599174499512,0.0016300000000000064,-0.009975699999999976,0.01633,1800.0
6600.699172735214,7.849999999999524e-05,-0.010117499999999946,0.01633,1800.0
6600.79918885231,-0.0015933999999999948,-0.009981899999999932,0.01633,1800.0
6600.899180650711,-0.0031092999999999954,-0.009622799999999987,0.01633,1800.0
6600.9991908073425,-0.004761199999999993,-0.008916800000000003,0.01633,1800.0
6601.099137306213,-0.006075800000000006,-0.008081100000000008,0.01633,1800.0
6601.1991856098175,-0.007248299999999999,-0.007055800000000001,0.01633,1800.0
6601.299191951752,-0.008308399999999994,-0.00575570000000003,0.01633,1800.0
6601.399177789688,-0.008308399999999994,-0.00575570000000003,0.01633,1800.0
6601.499177455902,-0.009113300000000005,-0.00439739999999994,0.01633,1800.0
6601.5991859436035,-0.00915500000000001,-0.004311000000000009,0.01633,1800.0
6601.6991765499115,-0.00915500000000001,-0.004311000000000009,0.01633,0.0
6601.79918050766,-0.005495100000000003,-0.008473199999999959,0.01633,0.0
6601.999187231064,0.0002970000000000056,-0.015059999999999962,0.01633,0.0
6602.099166631699,0.0002970000000000056,-0.015059999999999962,0.01633,1800.0
6602.199147224426,0.00037199999999999733,-0.015055899999999955,0.01633,1800.0
6602.299167633057,0.0018038999999999972,-0.014946099999999962,0.01633,1800.0
6602.399147748947,0.003457699999999994,-0.01465679999999997,0.01633,1800.0
6602.49914765358,0.005065899999999998,-0.01417560000000001,0.01633,1800.0
6602.599155426025,0.005065899999999998,-0.01417560000000001,0.01633,1800.0
6602.699165344238,0.006505800000000006,-0.013578199999999985,0.01633,1800.0
6602.799171447754,0.007975400000000007,-0.012767299999999981,0.01633,1800.0
6602.89918589592,0.009348899999999993,-0.011801900000000032,0.01633,1800.0
6602.9991664886475,0.010603199999999993,-0.010686399999999985,0.01633,1800.0
6603.099168539047,0.011651800000000004,-0.00953290000000001,0.01633,1800.0
6603.199163198471,0.012643000000000001,-0.008178399999999975,0.01633,1800.0
6603.299165725708,0.013473200000000005,-0.006719099999999978,0.01633,1800.0
6603.39918088913,0.014099100000000003,-0.0052915000000000045,0.01633,1800.0
6603.49916267395,0.014594999999999997,-0.0036874999999999547,0.01633,1800.0
6603.59916138649,0.014918899999999999,-0.002040499999999945,0.01633,1800.0
6603.699143886566,0.014918899999999999,-0.002040499999999945,0.01633,1800.0
6603.799175024033,0.015049500000000007,-0.00036680000000000046,0.01633,1800.0
6603.899181604385,0.015023599999999998,0.0010721999999999676,0.01633,1800.0
6603.999186038971,0.014802300000000004,0.0027364000000000277,0.01633,1800.0
6604.099234580994,0.014414799999999992,0.004370100000000043,0.01633,1800.0
6604.199177980423,0.013830000000000009,0.005943799999999999,0.01633,1800.0
6604.2991461753845,0.013090900000000003,0.0074513000000000496,0.01633,1800.0
6604.3991940021515,0.012171699999999994,0.008856100000000033,0.01633,1800.0
6604.499186038971,0.011195700000000003,0.010071900000000023,0.01633,1800.0
6604.599222660065,0.010089899999999999,0.01117060000000003,0.01633,1800.0
6604.699165821075,0.00878580000000001,0.012227900000000014,0.01633,1800.0
6604.799073934555,0.007368600000000003,0.013127500000000014,0.01633,1800.0
6604.899045228958,0.007368600000000003,0.013127500000000014,0.01633,1800.0
6604.999136686325,0.00597170000000001,0.01381950000000004,0.01633,1800.0
6605.099174976349,0.004281400000000005,0.014432800000000023,0.01633,1800.0
6605.199177026749,0.0027661000000000074,0.01479910000000001,0.01633,1800.0
6605.299176931381,0.001101700000000011,0.015015500000000015,0.01633,1800.0
6605.399190664291,-0.0004568999999999962,0.015046599999999966,0.01633,1800.0
6605.499189376831,-0.0021294999999999925,0.014905200000000007,0.01633,1800.0
6605.599129676819,-0.003658499999999995,0.01460130000000004,0.01633,1800.0
6605.699172735214,-0.005374500000000004,0.014063900000000018,0.01633,1800.0
6605.799179315567,-0.006906499999999996,0.01337710000000003,0.01633,1800.0
6605.899152755737,-0.008156499999999997,0.012663700000000055,0.01633,1800.0
6605.999186992645,-0.009509000000000004,0.01166900000000004,0.01633,1800.0
6606.099170923233,-0.009509000000000004,0.01166900000000004,0.01633,1800.0
6606.1991930007935,-0.010755799999999996,0.010544700000000018,0.01633,1800.0
6606.299173116684,-0.011781,0.009370000000000045,0.01633,1800.0
6606.399159908295,-0.012756799999999999,0.008003800000000005,0.01633,1800.0
6606.49919295311,-0.013562100000000007,0.006530800000000059,0.01633,1800.0
6606.599192857742,-0.014212499999999989,0.004983000000000015,0.01633,1800.0
6606.699178934097,-0.014645500000000006,0.0034854000000000274,0.01633,1800.0
6606.799215555191,-0.014945600000000003,0.0018336000000000463,0.01633,1800.0
6606.899204730988,-0.015052999999999997,0.0002787000000000206,0.01633,1800.0
6606.99923491478,-0.014982300000000004,-0.001518699999999984,0.01633,1800.0
6607.099173545837,-0.014768199999999995,-0.0029418999999999973,0.01633,1800.0
6607.199191093445,-0.014768199999999995,-0.0029418999999999973,0.01633,1800.0
6607.2991771698,-0.014310099999999992,-0.004681299999999999,0.01633,1800.0
6607.3991849422455,-0.013749999999999998,-0.006136099999999978,0.01633,1800.0
6607.499174833298,-0.01297820000000001,-0.007626999999999995,0.01633,1800.0
6607.59915471077,-0.012050999999999992,-0.009026099999999981,0.01633,1800.0
6607.699187517166,-0.011050100000000007,-0.010221299999999989,0.01633,1800.0
6607.79918384552,-0.00984800000000001,-0.011392999999999986,0.01633,1800.0
6607.89919257164,-0.008515499999999995,-0.01241429999999999,0.01633,1800.0
6607.999176025391,-0.0071904,-0.01323580000000002,0.01633,1800.0
6608.0991752147675,-0.005668299999999987,-0.013944399999999968,0.01633,1800.0
6608.199162244797,-0.004197999999999993,-0.014462699999999995,0.01633,1800.0
6608.299184083939,-0.004197999999999993,-0.014462699999999995,0.01633,1800.0
6608.399189710617,-0.0024422999999999945,-0.01485299999999995,0.01633,1800.0
6608.499176740646,-0.0008938000000000001,-0.015034399999999948,0.01633,1800.0
6608.599186897278,0.0002965000000000051,-0.015059999999999962,0.01633,1800.0
6608.6991765499115,0.0002970000000000056,-0.015059999999999962,0.01633,1800.0
6608.79917550087,0.0001330999999999971,-0.01491039999999999,0.01633,0.0
6608.899141788483,-0.005575899999999995,-0.009694199999999986,0.01633,0.0
6609.099173784256,-0.010706999999999994,-0.0050060000000000104,0.01633,0.0
6609.199189901352,-0.010706999999999994,-0.0050060000000000104,0.01633,1800.0
6609.2991733551025,-0.0108317,-0.004703899999999983,0.01633,1800.0
6609.399196863174,-0.011387400000000006,-0.0031237999999999544,0.01633,1800.0
6609.499154090881,-0.011705099999999996,-0.0015983999999999998,0.01633,1800.0
6609.599186420441,-0.011705099999999996,-0.0015983999999999998,0.01633,1800.0
6609.699174642563,-0.011814099999999994,0.00019580000000002373,0.01633,1800.0
6609.799202442169,-0.011679700000000001,0.001748300000000036,0.01633,1800.0
6609.899176836014,-0.011345300000000003,0.0032699000000000478,0.01633,1800.0
6609.999181985855,-0.010772600000000007,0.00484699999999999,0.01633,1800.0
6610.099184513092,-0.009983999999999993,0.006328800000000023,0.01633,1800.0
6610.199166059494,-0.009058499999999997,0.007582900000000059,0.01633,1800.0
6610.299194812775,-0.0078883,0.008784999999999987,0.01633,1800.0
6610.399188756943,-0.006566499999999989,0.009817999999999993,0.01633,1800.0
6610.499175786972,-0.005112200000000011,0.01065569999999999,0.01633,1800.0
6610.599185705185,-0.0036638999999999977,0.011232100000000023,0.01633,1800.0
6610.699186325073,-0.0036638999999999977,0.011232100000000023,0.01633,1800.0
6610.79914188385,-0.0020342,0.01163110000000006,0.01633,1800.0
6610.899183273315,-0.0003655000000000047,0.011805000000000065,0.01633,1800.0
6610.999190092087,0.0013118000000000019,0.011748400000000048,0.01633,1800.0
6611.0991859436035,0.002845100000000003,0.011467300000000014,0.01633,1800.0
6611.199178218842,0.004327499999999998,0.010986800000000019,0.01633,1800.0
6611.2991898059845,0.005945699999999998,0.010204099999999994,0.01633,1800.0
6611.399193525314,0.007241200000000003,0.009337800000000007,0.01633,1800.0
6611.499176740646,0.008409799999999995,0.008306600000000053,0.01633,1800.0
6611.599171876907,0.009562100000000004,0.006926700000000008,0.01633,1800.0
6611.699144601822,0.010390899999999995,0.005607699999999993,0.01633,1800.0
6611.799170732498,0.011088299999999995,0.004081400000000013,0.01633,1800.0
6611.899201869965,0.011088299999999995,0.004081400000000013,0.01633,1800.0
6611.9991817474365,0.011577299999999999,0.0023515000000000064,0.01633,1800.0
6612.099171876907,0.011773499999999992,0.0009264999999999968,0.01633,1800.0
6612.199173212051,0.011790100000000012,-0.0006312999999999458,0.01633,1800.0
6612.299204111099,0.01156660000000001,-0.0024150000000000005,0.01633,1800.0
6612.399181365967,0.01110860000000001,-0.0040295999999999665,0.01633,1800.0
6612.499156713486,0.010534000000000002,-0.00534889999999999,0.01633,1800.0
6612.5991814136505,0.009663900000000003,-0.006783600000000001,0.01633,1800.0
6612.699171066284,0.008607400000000015,-0.0080866,0.01633,1800.0
6612.799048423767,0.007383399999999998,-0.009234599999999982,0.01633,1800.0
6612.899122714996,0.005889500000000006,-0.010235299999999947,0.01633,1800.0
6612.999236822128,0.005889500000000006,-0.010235299999999947,0.01633,1800.0
6613.09922337532,0.004490000000000008,-0.010919899999999982,0.01633,1800.0
6613.199188947678,0.003014000000000003,-0.011418899999999954,0.01633,1800.0
6613.299592733383,0.0014857000000000065,-0.011723099999999986,0.01633,1800.0
6613.39913725853,-0.00030990000000000184,-0.011808199999999935,0.01633,1800.0
6613.499178886414,-0.0018608999999999987,-0.011660600000000021,0.01633,1800.0
6613.599188327789,-0.003494999999999998,-0.011280699999999977,0.01633,1800.0
6613.699173927307,-0.004952599999999988,-0.010729099999999991,0.01633,1800.0
6613.79919052124,-0.006423200000000004,-0.009919899999999982,0.01633,1800.0
6613.899180650711,-0.007667999999999994,-0.008982400000000001,0.01633,1800.0
6613.999177932739,-0.0088612,-0.007803300000000013,0.01633,1800.0
6614.099141836166,-0.009884199999999996,-0.006473499999999965,0.01633,1800.0
6614.1993815898895,-0.009884199999999996,-0.006473499999999965,0.01633,1800.0
6614.299193382263,-0.010633400000000001,-0.005158499999999955,0.01633,1800.0
6614.399176597595,-0.010706999999999994,-0.0050060000000000104,0.01633,1800.0
6614.499183416367,-0.010706999999999994,-0.0050060000000000104,0.01633,0.0
6614.599189043045,-0.010706999999999994,-0.0050060000000000104,0.01633,0.0
6618.293441181159,-0.0009220000000000061,-0.03236782295880572,0.01633,0.0
