4477.855091302866,0.0108539999999999,-0.0084983999999999,0.05041,0.0
4477.947010486597,0.0112306591614813,-0.0080781003287745,0.05041,0.0
4478.047582834238,0.0118319965212605,-0.007407085424935,0.05041,0.0
4478.148165910715,0.0124981322277691,-0.0066637718949793,0.05041,0.0
4478.248968809122,0.0131679858530297,-0.005916310150233,0.05041,0.0
4478.349519937509,0.0138392022620276,-0.005167326981297,0.05041,0.0
4478.450079410547,0.0145184595198834,-0.0044094016666454,0.05041,0.0
4478.553338258737,0.0151946342690364,-0.003654952241187,0.05041,0.0
4478.6539020233095,0.0158755002507269,-0.0028952109061871,0.05041,0.0
4478.754466741556,0.0165411921520184,-0.0021522876421564,0.05041,0.0
4478.860350816721,0.0172217953550139,-0.0013928126412988,0.05041,0.0
4478.950864284509,0.0173133187914504,-0.0012907225558954,0.05041,0.0
4479.0513901405275,0.0173309999999999,-0.0012709999999999,0.05041,0.0
4479.151959865564,0.0173559108127252,-0.000599749856634,0.05041,1800.0
4479.252525775903,0.0173443683263121,0.0006585472299362,0.05041,1800.0
4479.353084295267,0.0172662625826523,0.0018636248696311,0.05041,1800.0
4479.453654973978,0.0171015326172244,0.0029850180711578,0.05041,1800.0
4479.554229467386,0.0167685355203298,0.0044670763143664,0.05041,1800.0
4479.654802291864,0.0163096924957253,0.0059474103798811,0.05041,1800.0
4479.755372493738,0.0157532006178208,0.0073112546571373,0.05041,1800.0
4479.855938642496,0.0150661902390256,0.0086500139720854,0.05041,1800.0
4479.946463077539,0.0143487599543134,0.0097746129502691,0.05041,1800.0
4480.04703876304,0.0134334610177761,0.0109889081336458,0.05041,1800.0
4480.147597759241,0.0124250114574855,0.01212214063852,0.05041,1800.0
4480.2481736831605,0.0113458777324919,0.0131323072562212,0.05041,1800.0
4480.350402563089,0.0101563193050887,0.0140727805836193,0.05041,1800.0
4480.450952976221,0.0088508117983124,0.0149207188538051,0.05041,1800.0
4480.551532238001,0.0074977608601893,0.0156537909928367,0.05041,1800.0
4480.6520876579225,0.0061524620667773,0.0162304665876782,0.05041,1800.0
4480.752664058679,0.0047418279651934,0.0167002313577203,0.05041,1800.0
4480.853240221018,0.0032402413075596,0.0170596621305912,0.05041,1800.0
4480.954143493646,0.0017218522512446,0.0172829195126468,0.05041,1800.0
4481.054718225473,0.0002242109145962,0.0173718095824372,0.05041,1800.0
4481.155270784372,-0.0012391517434282,0.0173240169897977,0.05041,1800.0
4481.2558564834535,-0.0027533876115486,0.0171409519144157,0.05041,1800.0
4481.356378763193,-0.0042324390668635,0.0168347851428233,0.05041,1800.0
4481.446891038889,-0.0055096748489168,0.0164619122972036,0.05041,1800.0
4481.547441690439,-0.0069019265424965,0.0159225290783734,0.05041,1800.0
4481.647994726175,-0.0082751062517129,0.0152522257464322,0.05041,1800.0
4481.75094577598,-0.0096018106451282,0.0144603631806011,0.05041,1800.0
4481.851502864832,-0.0107909986445912,0.0135961610577103,0.05041,1800.0
4481.951989143366,-0.0119416712434773,0.0125999783465729,0.05041,1800.0
4482.052559822077,-0.0130330759542861,0.0114700944124681,0.05041,1800.0
4482.153115480417,-0.014000741107039,0.0102834576096957,0.05041,1800.0
4482.253684251779,-0.0148234603542471,0.009061658130633,0.05041,1800.0
4482.3542616062105,-0.0155327347808985,0.0077518747290487,0.05041,1800.0
4482.454817026132,-0.016115939110719,0.0064479489700901,0.05041,1800.0
4482.555462806696,-0.0164898222022921,0.0054351672377335,0.05041,1800.0
4482.64645525741,-0.0168144362726598,0.0042728810985056,0.05041,1800.0
4482.747026174539,-0.0171255293020318,0.002802913031927,0.05041,1800.0
4482.847573726648,-0.0173066639474725,0.0013113554479594,0.05041,1800.0
4482.948367803568,-0.0173533753317294,-0.0001953004901008,0.05041,1800.0
4483.048959701532,-0.0172719902114862,-0.0016952081707772,0.05041,1800.0
4483.149535387033,-0.0170705052426505,-0.0031920363313978,0.05041,1800.0
4483.250109403604,-0.0167418387534735,-0.0046313571245543,0.05041,1800.0
4483.350672691339,-0.016330599755446,-0.0059146662833968,0.05041,1800.0
4483.4604990177095,-0.0159274321067267,-0.0069397582107915,0.05041,1800.0
4483.551013677591,-0.015327645342818,-0.0082276956941955,0.05041,1800.0
4483.651582687372,-0.0145214819904294,-0.0095305085753889,0.05041,1800.0
4483.752128570551,-0.0136474915261235,-0.0107210215322076,0.05041,1800.0
4483.85269948768,-0.0126881708103852,-0.0118433452765982,0.05041,1800.0
4483.953241556162,-0.0116042930729069,-0.0128997658790251,0.05041,1800.0
4484.053812473291,-0.0104367328177191,-0.0138634922607428,0.05041,1800.0
4484.1546451740205,-0.0092086601035417,-0.0147167456971605,0.05041,1800.0
4484.25517746734,-0.0078810736788002,-0.0154665811013607,0.05041,1800.0
4484.355742662424,-0.0064586268322165,-0.016113432819863,0.05041,1800.0
4484.456304281229,-0.0050419520455595,-0.0166184001508535,0.05041,1800.0
4484.546812742227,-0.0037800419883749,-0.0169552780381491,0.05041,1800.0
4484.647404640192,-0.0023351169167549,-0.0172053298426886,0.05041,1800.0
4484.7479204826295,-0.0008377130163057,-0.0173391466674939,0.05041,1800.0
4484.848411052698,0.0006965076113035,-0.0173415346007597,0.05041,1800.0
4484.949712484354,0.0022004544430053,-0.0172149622817586,0.05041,1800.0
4485.050279348367,0.003705263008938,-0.0169534768773532,0.05041,1800.0
4485.151048391336,0.0051683460015684,-0.0165670739069793,0.05041,1800.0
4485.251611679071,0.0065743156184581,-0.0160570430585982,0.05041,1800.0
4485.352174013132,0.0079892771470757,-0.0154141796092205,0.05041,1800.0
4485.4527482681215,0.0092624810310152,-0.0146879265396027,0.05041,1800.0
4485.553314655298,0.0104768422296462,-0.0138458179203858,0.05041,1800.0
4485.653882472986,0.0116778921626655,-0.0128556768325976,0.05041,1800.0
4485.754452913278,0.0127569399863996,-0.0117901746757443,0.05041,1800.0
4485.846522062296,0.0136209132060097,-0.0107681640387205,0.05041,1800.0
4485.947114675516,0.0144944161760357,-0.0095425755849912,0.05041,1800.0
4486.047673194879,0.0152768038965969,-0.0082283205659913,0.05041,1800.0
4486.148236482614,0.015932002166201,-0.0068896797567596,0.05041,1800.0
4486.248796909326,0.0164589703184645,-0.0054992735863659,0.05041,1800.0
4486.349335878366,0.0168778223517809,-0.0040178800241798,0.05041,1800.0
4486.449892013544,0.0171611791479704,-0.0026042074929338,0.05041,1800.0
4486.550468652719,0.0172944225668283,-0.0016142944509133,0.05041,1800.0
4486.651035039896,0.017331,-0.0012709999999999,0.05041,1800.0
4486.751592367166,0.0172919688457129,-0.0012466162178537,0.05041,1800.0
4486.85214754867,0.0167116352882173,-0.0008840666777094,0.05041,1800.0
4486.952725618356,0.0105813756517419,0.0029467792668337,0.05041,1800.0
4487.053226202005,0.008765926071386,0.0040813120604728,0.05041,1800.0
4487.153786628717,0.0085039999999999,0.004245,0.05041,1800.0
4487.254363029474,0.0085403872876978,0.0041657930097947,0.05041,1800.0
4487.35491272735,0.0088663883299042,0.0033238344206449,0.05041,1800.0
4487.455444782251,0.0092698455410994,0.0019061740093367,0.05041,1800.0
4487.5560123615205,0.0094602197079282,0.0004229067451503,0.05041,1800.0
4487.646524398798,0.0094230603335631,-0.0009147395144881,0.05041,1800.0
4487.747054307932,0.0091808554244872,-0.0023848705073044,0.05041,1800.0
4487.848538606638,0.0086940042677138,-0.0037839991645319,0.05041,1800.0
4487.9490952186525,0.0080017690030959,-0.0051206910797031,0.05041,1800.0
4488.049624889368,0.0070561125821712,-0.0063436306979151,0.05041,1800.0
4488.150189130777,0.0059850128039537,-0.0073584489312228,0.05041,1800.0
4488.250756948465,0.0047508324963116,-0.0081932412541457,0.05041,1800.0
4488.351286857599,0.003415493995042,-0.0088248207002591,0.05041,1800.0
4488.451859443659,0.0019610792790875,-0.0092550535710843,0.05041,1800.0
4488.55241486358,0.0004535491625125,-0.0094554447378963,0.05041,1800.0
4488.652927606577,-0.0010787622958498,-0.0094007048269965,0.05041,1800.0
4488.753503530496,-0.0025610423929263,-0.0091158813871665,0.05041,1800.0
4488.854072778696,-0.003928136228353,-0.0086154803214337,0.05041,1800.0
4488.954641788477,-0.0052625337536155,-0.0078820838252919,0.05041,1800.0
4489.055172412866,-0.0064723652515765,-0.006913671071328,0.05041,1800.0
4489.155777662271,-0.0074436470665543,-0.0058076697693808,0.05041,1800.0
4489.256346910471,-0.0083260172353513,-0.0045424096463485,0.05041,1800.0
4489.346844881052,-0.0088717149130274,-0.0033463400398301,0.05041,1800.0
4489.447425811762,-0.0092822677934176,-0.0018729698418936,0.05041,1800.0
4489.54799863624,-0.0094623113233468,-0.0004067097377334,0.05041,1800.0
4489.648558347696,-0.0093993729300027,0.0011001183814904,0.05041,1800.0
4489.74908158111,-0.0090993989046325,0.0025891625639434,0.05041,1800.0
4489.8507773570955,-0.0085834596956549,0.0039921207381825,0.05041,1800.0
4489.95129033851,-0.0078635842408388,0.0052665585015562,0.05041,1800.0
4490.051850526804,-0.0069496179216452,0.0064377144355155,0.05041,1800.0
4490.152420013422,-0.0058381127570052,0.0074607655049677,0.05041,1800.0
4490.2529749565065,-0.0045369324992639,0.008335541270954,0.05041,1800.0
4490.353539674753,-0.0032608278208565,0.0089202354274159,0.05041,1800.0
4490.45411106872,-0.0017725883348325,0.0093222089677314,0.05041,1800.0
4490.554753749841,-0.0003111676379576,0.0094724399960193,0.05041,1800.0
4490.655267208093,0.0011908099891671,0.0093902931435246,0.05041,1800.0
4490.755835979456,0.0027116796626772,0.009067997211995,0.05041,1800.0
4490.856408327097,0.0041312201209383,0.0085178780615241,0.05041,1800.0
4490.946913688654,0.005290580955947,0.0078441824262563,0.05041,1800.0
4491.0474929504335,0.0064477261469025,0.0069384947830668,0.05041,1800.0
4491.148073165888,0.0074470004835714,0.0058491756912547,0.05041,1800.0
4491.249371259683,0.0082335446472472,0.0047343351307777,0.05041,1800.0
4491.349937885278,0.0085039999999999,0.004245,0.05041,1800.0
4491.450502126688,0.0084869052876832,0.0042440119386355,0.05041,1800.0
4491.551058023447,0.0078365443750877,0.004206421572748,0.05041,1800.0
4491.652481048578,0.000950407986518,0.0037787934212773,0.05041,1800.0
4491.753048866266,-0.0071484956813657,0.0033324465803508,0.05041,1800.0
4491.85465428161,-0.013779168696481,0.0029573880068258,0.05041,1800.0
4491.955167263025,-0.0154023554703764,0.0028636412929358,0.05041,1800.0
4492.0557410411775,-0.015414,0.002863,0.05041,1800.0
4492.156318872446,-0.0154236898888571,0.0027983689186575,0.05041,1800.0
4492.247066228861,-0.0154803391780218,0.0024032425331217,0.05041,1800.0
4492.347649782175,-0.0156030627437973,0.001379053689082,0.05041,1800.0
4492.448291032785,-0.0156546134560075,-9.4840324572798e-05,0.05041,1800.0
4492.548868387216,-0.0155871314683463,-0.0016314339816912,0.05041,1800.0
4492.649444311136,-0.0154676681990955,-0.0025036013817818,0.05041,1800.0
4492.750022142404,-0.0151594539898841,-0.0039526026712489,0.05041,1800.0
4492.850594013208,-0.0148781164496772,-0.0049161273994021,0.05041,1800.0
4492.951194017404,-0.0143755854850297,-0.0062003871954038,0.05041,1800.0
4493.051756113046,-0.0138895095928003,-0.0072376780680059,0.05041,1800.0
4493.152318685526,-0.0133639472594191,-0.0081636340060392,0.05041,1800.0
4493.253060548776,-0.0126496076752432,-0.0092169083784548,0.05041,1800.0
4493.353912322992,-0.0119536382768166,-0.0101203451999511,0.05041,1800.0
4493.454644411081,-0.0112153063615393,-0.0109214005249872,0.05041,1800.0
4493.555180519098,-0.0101301295689046,-0.0119362773213089,0.05041,1800.0
4493.655749528879,-0.0089516912721867,-0.012848713048843,0.05041,1800.0
4493.756312578195,-0.0076722248258187,-0.0136585187396403,0.05041,1800.0
4493.846799581522,-0.0064204495801421,-0.0142915073299027,0.05041,1800.0
4493.947380273813,-0.0050601006941274,-0.0148209553767201,0.05041,1800.0
4494.047947614664,-0.0035964981941075,-0.0152392172997541,0.05041,1800.0
4494.148518770212,-0.0021224660765175,-0.0155125815776954,0.05041,1800.0
4494.249069183344,-0.0006308223002358,-0.0156384082375492,0.05041,1800.0
4494.349639385217,0.000900809599378,-0.0156254679251234,0.05041,1800.0
4494.450198858255,0.0023989620335986,-0.0154689900842324,0.05041,1800.0
4494.550809591287,0.0038356302092994,-0.0151741331232562,0.05041,1800.0
4494.651371686929,0.0052599075618491,-0.0147481694805928,0.05041,1800.0
4494.751935213083,0.0066664618880233,-0.0141646871343844,0.05041,1800.0
4494.852519481653,0.0080190620171447,-0.0134529501372129,0.05041,1800.0
4494.953106372827,0.0092491272758596,-0.0126491799459689,0.05041,1800.0
4495.0536627464235,0.0104265646197894,-0.0116923935109392,0.05041,1800.0
4495.154243200296,0.0115465953432273,-0.0105861092193158,0.05041,1800.0
4495.25489565658,0.0125106468755895,-0.0094194098424045,0.05041,1800.0
4495.346518486017,0.0132739549897628,-0.0082943913200998,0.05041,1800.0
4495.4470622234285,0.0139978244107855,-0.0070058311043589,0.05041,1800.0
4495.547648637766,0.0146027483807515,-0.0056223279198654,0.05041,1800.0
4495.648219793314,0.0150839302560996,-0.0041643654936424,0.05041,1800.0
4495.748793094629,0.0154182191044776,-0.0026815295636244,0.05041,1800.0
4495.8493306331575,0.0156095679126302,-0.0011931650893613,0.05041,1800.0
4495.949844568247,0.0156565399962098,0.0003051025955227,0.05041,1800.0
4496.05041643905,0.0155576116534662,0.0018293412217127,0.05041,1800.0
4496.1509439639985,0.015319762100506,0.003305542963311,0.05041,1800.0
4496.251501291269,0.0149331712585215,0.0047359758267222,0.05041,1800.0
4496.352055280679,0.0143987650433607,0.0061529761673989,0.05041,1800.0
4496.45260760116,0.0137389955198874,0.0075041182509333,0.05041,1800.0
4496.553175657266,0.012967512692591,0.0087685306640372,0.05041,1800.0
4496.653745620722,0.0120734537294188,0.0099617885884616,0.05041,1800.0
4496.754315584177,0.0110415302157483,0.0110928299895046,0.05041,1800.0
4496.854876249307,0.0099209963686899,0.0121062222797392,0.05041,1800.0
4496.955441444391,0.0087378669258462,0.0129859881521622,0.05041,1800.0
4497.049704282755,0.0075316274041185,0.0137282158234857,0.05041,1800.0
4497.150401561731,0.0061578090203405,0.0144015810764487,0.05041,1800.0
4497.251180379862,0.0047801026016998,0.0149230516089647,0.05041,1800.0
4497.351901023859,0.0033033665442327,0.0153164231492034,0.05041,1800.0
4497.452679841989,0.0018430626751869,0.0155593458142817,0.05041,1800.0
4497.553387372965,0.0003079052236414,0.0156579196398991,0.05041,1800.0
4497.653983085626,-0.001254525279711,0.0156057890882592,0.05041,1800.0
4497.754550903314,-0.0027331634278853,0.015413895292195,0.05041,1800.0
4497.8551027469575,-0.0041884547085396,0.01508319415207,0.05041,1800.0
4497.955672948831,-0.0056113189138421,0.0146095624402461,0.05041,1800.0
4498.0562610320985,-0.0069984139291295,0.0139993577381833,0.05041,1800.0
4498.146774738306,-0.0082019328709027,0.0133346957699147,0.05041,1800.0
4498.2473432712495,-0.0094325964884337,0.0125064357978565,0.05041,1800.0
4498.3481161289155,-0.0105543279991784,0.0115824653939605,0.05041,1800.0
4498.449663846964,-0.0116036454496654,0.0105279606912455,0.05041,1800.0
4498.550219743723,-0.0121741791556809,0.0098641158166578,0.05041,1800.0
4498.650770156854,-0.0130110368418558,0.0087179638142581,0.05041,1800.0
4498.751323431009,-0.0135854474573174,0.0077621921635075,0.05041,1800.0
4498.851886003488,-0.0140606293620323,0.0068825920824009,0.05041,1800.0
4498.95247504043,-0.0146061831367465,0.0056231812706911,0.05041,1800.0
4499.0530028037965,-0.0150817140218672,0.0041750201842437,0.05041,1800.0
4499.1535143547,-0.0153447583657617,0.0031752904575881,0.05041,1800.0
4499.254064290994,-0.015414,0.002863,0.05041,1800.0
4499.354615180963,-0.0151466748839831,0.0028855755480033,0.05041,1800.0
4499.455188005441,-0.012764973649673,0.0030867763641559,0.05041,1800.0
4499.555768459314,-0.0053173167653776,0.0037160274225257,0.05041,1800.0
4499.656304567331,0.0024031928923995,0.0043682291753942,0.05041,1800.0
4499.746813266748,0.0088097824716524,0.0049095177604607,0.05041,1800.0
4499.849439590448,0.0099417641219614,0.0050052095566995,0.05041,1800.0
4499.949997871393,0.010022,0.005012,0.05041,1800.0
4500.051408021921,0.0101129809996203,0.0048140752199523,0.05041,1800.0
4500.151975362772,0.0105066497093352,0.0037823340394495,0.05041,1800.0
4500.252542226785,0.0109175247649183,0.002342152426781,0.05041,1800.0
4500.353114097589,0.0111381676901732,0.0008571166952756,0.05041,1800.0
4500.453684061044,0.0111588865981434,-0.0006422682057899,0.05041,1800.0
4500.554247348779,0.0109678799099081,-0.0021255194043816,0.05041,1800.0
4500.654830186838,0.0105854058648794,-0.0036012328045733,0.05041,1800.0
4500.755364149088,0.0099830659446748,-0.0050574466818062,0.05041,1800.0
4500.855929821008,0.009245620944131,-0.0063109427349188,0.05041,1800.0
4500.956497400278,0.0083224492683673,-0.0074795066125174,0.05041,1800.0
4501.047008007044,0.0073699482749368,-0.0084132733539758,0.05041,1800.0
4501.147586553568,0.0061477186446642,-0.0093309774925477,0.05041,1800.0
4501.253037422174,0.0047162851941876,-0.0101168301771045,0.05041,1800.0
4501.354134290689,0.003297144462056,-0.0106734544637062,0.05041,1800.0
4501.454700677866,0.001889867885854,-0.0110150537553142,0.05041,1800.0
4501.555830448145,0.000395986054809,-0.011159900662783,0.05041,1800.0
4501.6563903980195,-0.0011650231895351,-0.0111129441147995,0.05041,1800.0
4501.754394023889,-0.0026035875523116,-0.010872762678597,0.05041,1800.0
4501.854935615534,-0.0040098449021612,-0.0104378555036639,0.05041,1800.0
4501.95549866485,-0.0054116265440691,-0.0097896293574362,0.05041,1800.0
4502.0560576610505,-0.0067011725862721,-0.0089701200741857,0.05041,1800.0
4502.146553724283,-0.0076998415950035,-0.0081117073935433,0.05041,1800.0
4502.247118204111,-0.0087181787367504,-0.0069963953392778,0.05041,1800.0
4502.347673385614,-0.0095653391522255,-0.0057627858563154,0.05041,1800.0
4502.449186532968,-0.0102466650251341,-0.0044495175288947,0.05041,1800.0
4502.549747674936,-0.0107467707369165,-0.0030188611646777,0.05041,1800.0
4502.650315731043,-0.0110658596555826,-0.0015376621815259,0.05041,1800.0
4502.750891178125,-0.011174290864298,-6.950457735149795e-05,0.05041,1800.0
4502.851459949487,-0.0110824318914602,0.0014401146608157,0.05041,1800.0
4502.952031581873,-0.0107884725937548,0.0029283700673476,0.05041,1800.0
4503.052611558908,-0.010284587597042,0.0043915515919027,0.05041,1800.0
4503.155383317941,-0.009634796651351,0.0056918539419058,0.05041,1800.0
4503.247209280008,-0.0088634999784603,0.0068383404121156,0.05041,1800.0
4503.347766607279,-0.0078220820326866,0.0079874570549249,0.05041,1800.0
4503.44831868934,-0.0066499637623596,0.0089777099235816,0.05041,1800.0
4503.548890083307,-0.0054253306032473,0.0097688410202533,0.05041,1800.0
4503.649475305551,-0.0040581773972119,0.0104066011961752,0.05041,1800.0
4503.750038354868,-0.0025934236241751,0.0108622747204751,0.05041,1800.0
4503.850581377023,-0.0011249283597506,0.0111170224713008,0.05041,1800.0
4503.951150386804,0.0003584726249333,0.0111690624240353,0.05041,1800.0
4504.051732509607,0.0018608944097667,0.0110205294187766,0.05041,1800.0
4504.152291744226,0.003292893742217,0.0106790990486874,0.05041,1800.0
4504.252837150568,0.0046932986509898,0.0101573156850545,0.05041,1800.0
4504.353389709467,0.0060478431707192,0.0094328046463184,0.05041,1800.0
4504.453960865015,0.0072384138348878,0.0085365481330507,0.05041,1800.0
4504.546806304926,0.0082259630464043,0.0075666232288932,0.05041,1800.0
4504.647373884195,0.0091541774597053,0.006403602912499,0.05041,1800.0
4504.747941940302,0.0097891927284687,0.0054218373437945,0.05041,1800.0
4504.848515956873,0.010022,0.005012,0.05041,1800.0
4504.949089258188,0.0099990369666474,0.0050091512026291,0.05041,1800.0
4505.049657552713,0.0075254670376839,0.004704825446276,0.05041,1800.0
4505.150172918314,0.0007168374044547,0.0038672529979773,0.05041,1800.0
4505.250742166513,-0.0065483911684875,0.0029735263008532,0.05041,1800.0
4505.3513862781465,-0.0132640594865406,0.0021473601777063,0.05041,1800.0
4505.4519722156465,-0.013812,0.00208,0.05041,1800.0
4505.552534549707,-0.0138214124813587,0.0020146404331821,0.05041,1800.0
4505.6531185798585,-0.0139353754094397,0.0007963328888404,0.05041,1800.0
4505.753695219034,-0.013931410869044,-0.0007027528282961,0.05041,1800.0
4505.8519181899965,-0.0137950936955256,-0.0020972721631622,0.05041,1800.0
4505.952486246103,-0.0135578814147859,-0.0033139057011767,0.05041,1800.0
4506.054169385904,-0.0131783240009949,-0.0045731768265874,0.05041,1800.0
4506.154743879312,-0.0126001167973292,-0.0059744874717797,0.05041,1800.0
4506.255319087976,-0.0118810649981531,-0.007322838894771,0.05041,1800.0
4506.348139017099,-0.0111215394135474,-0.0084350332910204,0.05041,1800.0
4506.448816745752,-0.0101115407320484,-0.0096348117790712,0.05041,1800.0
4506.549380748743,-0.0090127928618882,-0.0106753390031586,0.05041,1800.0
4506.6499538116395,-0.0078239664360645,-0.0115699716503795,0.05041,1800.0
4506.750493495935,-0.0065786820120832,-0.0123127785929781,0.05041,1800.0
4506.851058691019,-0.0051549826365744,-0.0129634648284061,0.05041,1800.0
4506.951627939218,-0.0037496944483575,-0.0134385196850218,0.05041,1800.0
4507.052186697,-0.0022952289726517,-0.0137620281990524,0.05041,1800.0
4507.152757852548,-0.0007914943170306,-0.0139258866106243,0.05041,1800.0
4507.253509490961,0.0006933156263001,-0.0139339869865567,0.05041,1800.0
4507.354098289484,0.0021703676147478,-0.0137804725006118,0.05041,1800.0
4507.454661100382,0.0036562890624549,-0.0134658625459266,0.05041,1800.0
4507.555237977976,0.0051007173491559,-0.0129901657349132,0.05041,1800.0
4507.655802219385,0.0065253042853753,-0.0123461119404304,0.05041,1800.0
4507.749629705423,0.0076887148360418,-0.0116644287735888,0.05041,1800.0
4507.850160568231,0.0089228307137681,-0.0107402933452506,0.05041,1800.0
4507.950699298853,0.0100040240641034,-0.0097316977572482,0.05041,1800.0
4508.0512575797975,0.0109830222009633,-0.0086078738231828,0.05041,1800.0
4508.151835887903,0.0117374014911891,-0.0075491719405981,0.05041,1800.0
4508.252396553034,0.0123416780924716,-0.0065216318245372,0.05041,1800.0
4508.3529128723085,0.0128975147500187,-0.0053160639950718,0.05041,1800.0
4508.453488080972,0.0133868439781894,-0.0039068047583085,0.05041,1800.0
4508.554050653452,0.0137341111183318,-0.0024528734637228,0.05041,1800.0
4508.65459319877,0.013914523585948,-0.000963276629588,0.05041,1800.0
4508.755156009668,0.0139428026295161,0.0005694266370633,0.05041,1800.0
4508.855711668009,0.0138137760970105,0.0020604937852971,0.05041,1800.0
4508.94622299003,0.0135515370834378,0.0033669022218825,0.05041,1800.0
4509.046789854044,0.0130923640848051,0.0048213596855405,0.05041,1800.0
4509.151382654184,0.012473325854622,0.0062556666385565,0.05041,1800.0
4509.2519275836885,0.0117312314421753,0.0075566183366471,0.05041,1800.0
4509.352562158579,0.0108422580766263,0.0087780423164853,0.05041,1800.0
4509.453122823709,0.0098295924555253,0.0098938035702343,0.05041,1800.0
4509.553682296747,0.0086828303738006,0.0109140450966234,0.05041,1800.0
4509.654243200296,0.0074240371053238,0.0118087503991715,0.05041,1800.0
4509.754801004404,0.0061119289304803,0.0125432299046628,0.05041,1800.0
4509.855339019769,0.004750751253071,0.0131225559337417,0.05041,1800.0
4509.955909936899,0.0033488569949062,0.0135570595990348,0.05041,1800.0
4510.046414344782,0.002036974620742,0.0138207407462104,0.05041,1800.0
4510.148138969415,0.0004895994295498,0.0139558166766833,0.05041,1800.0
4510.24869224357,-0.0009998958215483,0.0139181932791522,0.05041,1800.0
4510.3492524318635,-0.0024713012455079,0.013735538192097,0.05041,1800.0
4510.449810951227,-0.0039806597320639,0.0133704855278215,0.05041,1800.0
4510.5503337078035,-0.0053859192292922,0.0128710200398076,0.05041,1800.0
4510.651132791513,-0.0067281259859458,0.0122187371666506,0.05041,1800.0
4510.75170084762,-0.0080219715616664,0.0114057198334626,0.05041,1800.0
4510.852272718424,-0.0092369726251016,0.0104582672696154,0.05041,1800.0
4510.951369731897,-0.0103063981875592,0.0094111761747772,0.05041,1800.0
4511.0519599609315,-0.0112306993919676,0.0082797070446479,0.05041,1800.0
4511.152519433969,-0.0121027815697285,0.0069683536700768,0.05041,1800.0
4511.253102748865,-0.0127576996310854,0.005690747766918,0.05041,1800.0
4511.353676288599,-0.0132988164122145,0.0042464960338339,0.05041,1800.0
4511.4542538814485,-0.0135770172810526,0.0032564385861663,0.05041,1800.0
4511.554818122858,-0.0137669411336469,0.0023235110021858,0.05041,1800.0
4511.655393331522,-0.013810855696015,0.0020877558381204,0.05041,1800.0
4511.745895832056,-0.013812,0.00208,0.05041,1800.0
4511.846467464441,-0.0118120861189221,0.0023717905706223,0.05041,1800.0
4511.94703170585,-0.0062284226413647,0.0031864569001762,0.05041,1800.0
4512.04907414245,0.0014995912101779,0.0043140075202181,0.05041,1800.0
4512.149644344324,0.0082932036658741,0.0053052653962674,0.05041,1800.0
4512.250168531412,0.01154,0.005779,0.05041,1800.0
4512.350717752451,0.0119521834744201,0.0048349150439694,0.05041,1800.0
4512.4412300281465,0.0123683793878961,0.003599651909894,0.05041,1800.0
4512.541809051508,0.012699412127975,0.0021480792622596,0.05041,1800.0
4512.642360418314,0.0128673421063941,0.0006100369377937,0.05041,1800.0
4512.742925613397,0.0128532891868057,-0.0008816645440071,0.05041,1800.0
4512.843848674768,0.0126582935417898,-0.0023527408539736,0.05041,1800.0
4512.944416015619,0.0122799102926547,-0.0038503717235673,0.05041,1800.0
4513.044978111261,0.0117513869695862,-0.0052757260925718,0.05041,1800.0
4513.145537822717,0.0110754438425105,-0.0065695432004446,0.05041,1800.0
4513.246102064127,0.0102409451044826,-0.0078416754779865,0.05041,1800.0
4513.346665828699,0.0092765698640626,-0.0089727858207687,0.05041,1800.0
4513.447232215875,0.0081656462890735,-0.0099904900170453,0.05041,1800.0
4513.541055648798,0.0070125652537795,-0.0108099169535468,0.05041,1800.0
4513.6416167907655,0.0057005474462222,-0.0115450210854869,0.05041,1800.0
4513.742172449106,0.004265128598728,-0.0121420729957297,0.05041,1800.0
4513.843054025644,0.0027930228562063,-0.0125598072687164,0.05041,1800.0
4513.943622081751,0.0013210573357549,-0.0128032774086967,0.05041,1800.0
4514.04419132995,-0.0001559284979049,-0.0128698565629711,0.05041,1800.0
4514.144774406427,-0.0016207294285471,-0.0127773727177474,0.05041,1800.0
4514.245337217325,-0.0030918344838218,-0.0125039857957401,0.05041,1800.0
4514.345898120874,-0.0045508524675687,-0.0120572052642277,0.05041,1800.0
4514.446565597528,-0.0059140908894591,-0.0114622435873974,0.05041,1800.0
4514.5471388988435,-0.0072165216606113,-0.0106914427803445,0.05041,1800.0
4514.647710531229,-0.0084504956052498,-0.0097326475396835,0.05041,1800.0
4514.748279779428,-0.0094827903479746,-0.0087188219932801,0.05041,1800.0
4514.848856180185,-0.0104352538933263,-0.0075418327889402,0.05041,1800.0
4514.945459096903,-0.0112355965874963,-0.0062786086819155,0.05041,1800.0
4515.046026199335,-0.0118883572026982,-0.0049622597688341,0.05041,1800.0
4515.146607606882,-0.0123706815826642,-0.0035695069962616,0.05041,1800.0
4515.247178047174,-0.0127073929223492,-0.0020551096881089,0.05041,1800.0
4515.347744434351,-0.0128689660587633,-0.0005288017322868,0.05041,1800.0
4515.442149608606,-0.012853663927671,0.0008592033609371,0.05041,1800.0
4515.543784587854,-0.0126629531216405,0.0023969493649346,0.05041,1800.0
4515.644351928705,-0.0123294440347646,0.0037805256611708,0.05041,1800.0
4515.744916408533,-0.0118063007102195,0.0051879064502969,0.05041,1800.0
4515.845460145944,-0.0110788091730054,0.0065971120510858,0.05041,1800.0
4515.946023195261,-0.0102560643960655,0.0078156226942561,0.05041,1800.0
4516.046603649133,-0.00927667254226,0.0089377835157414,0.05041,1800.0
4516.1471821956575,-0.0081323092303544,0.0099795530019379,0.05041,1800.0
4516.2477726631105,-0.0069318642730167,0.0108477232114193,0.05041,1800.0
4516.348339288706,-0.0056432579328005,0.0115664088419055,0.05041,1800.0
4516.448875635141,-0.0042153276857691,0.0121636354556168,0.05041,1800.0
4516.54943820762,-0.0027642019636272,0.0125837172800245,0.05041,1800.0
4516.650034397119,-0.0013423205763683,0.0128180520760822,0.05041,1800.0
4516.7506150894105,0.000226802725459,0.012889532645369,0.05041,1800.0
4516.845119922632,0.001649830566411,0.012792233775317,0.05041,1800.0
4516.94568774032,0.0031087123709748,0.0125117333357678,0.05041,1800.0
4517.046249359125,0.0045243594537654,0.0120582123534763,0.05041,1800.0
4517.146825044626,0.005932857326395,0.0114252728566453,0.05041,1800.0
4517.247402875894,0.0072245005633307,0.0106578261312874,0.05041,1800.0
4517.347925155634,0.0084086309416395,0.0097466167206814,0.05041,1800.0
4517.448488443369,0.0094852633297993,0.0087033418032003,0.05041,1800.0
4517.549052684778,0.0104346575073805,0.0075407495020344,0.05041,1800.0
4517.649566619867,0.0111814619282961,0.006417032642511,0.05041,1800.0
4517.750133483881,0.01154,0.005779,0.05041,1800.0
4517.850701539987,0.0115399999999999,0.005779,0.05041,0.0
