3533.345312781684,-0.002627,-0.0033623999999999,0.04118,0.0
3533.445867963187,-0.0020648165360915,-0.0031081494565256,0.04118,0.0
3533.546438165061,-0.0006058998166364,-0.0024483534497099,0.04118,0.0
3533.6469943002385,0.0012219104438556,-0.0016217225114958,0.04118,0.0
3533.7430417016667,0.0030042980948965,-0.0008156057106655,0.04118,0.0
3533.8436114267033,0.0048845671338473,3.4781183001098004e-05,0.04118,0.0
3533.944177098624,0.0066788197291779,0.0008462935414202,0.04118,0.0
3534.044713206641,0.0084730137688958,0.0016577502111809,0.04118,0.0
3534.145288892142,0.0103810422008129,0.0025206903098357,0.04118,0.0
3534.2458550409,0.0121767281195683,0.0033328444037654,0.04118,0.0
3534.3475176767033,0.0140549555739043,0.0041822841946178,0.04118,0.0
3534.4480831102055,0.0151608109913438,0.0046824198905742,0.04118,0.0
3534.539670176856,0.015465,0.0048200000000001,0.04118,0.0
3534.640204615943,0.0154034886536992,0.0049986918653723,0.04118,1800.0
3534.7407345250767,0.0151198241867908,0.0057611248819222,0.04118,1800.0
3534.8413195089024,0.0145234662005121,0.007153897373842,0.04118,1800.0
3534.9420170262974,0.0138014246172167,0.0084646586188565,0.04118,1800.0
3535.0425803140324,0.0129614903477743,0.0097010674490408,0.04118,1800.0
3535.143105216376,0.0119511622430917,0.0109149378586672,0.04118,1800.0
3535.243661351554,0.010898472439228,0.011951439295618,0.04118,1800.0
3535.3442203477543,0.0097717004734244,0.0128921786568873,0.04118,1800.0
3535.444779343955,0.0085167415432942,0.0137488355591188,0.04118,1800.0
3535.5453338102025,0.0072087800299321,0.0144780474321172,0.04118,1800.0
3535.645911641471,0.0058158369532857,0.0150874450520586,0.04118,1800.0
3535.746488995902,0.0043736336169739,0.0155760237096135,0.04118,1800.0
3535.8453304246586,0.0029734617259086,0.0159013723605414,0.04118,1800.0
3535.9459180310887,0.0014928636933694,0.0161096852368889,0.04118,1800.0
3536.0481457189244,-2.08028050585618e-06,0.0161884529922586,0.04118,1800.0
3536.1386656240147,-0.0010967655981344,0.0161520321007419,0.04118,1800.0
3536.2422565892857,-0.0024124493041154,0.0160034493558944,0.04118,1800.0
3536.342827744834,-0.003910071034527,0.0156994356606425,0.04118,1800.0
3536.4434081987065,-0.0053060152929316,0.0152872316568055,0.04118,1800.0
3536.543921895377,-0.0067239211149285,0.0147097469589039,0.04118,1800.0
3536.6444668248814,-0.0080469870064986,0.0140316253742138,0.04118,1800.0
3536.745011754386,-0.0093221698935696,0.0132112284438692,0.04118,1800.0
3536.845573850028,-0.010543630530484,0.0122659051587631,0.04118,1800.0
3536.946154065482,-0.0116190625283766,0.0112561813469416,0.04118,1800.0
3537.047291226737,-0.012597484511145,0.0101475181401672,0.04118,1800.0
3537.1478514150303,-0.0135203475762933,0.0088881442376806,0.04118,1800.0
3537.2484535649937,-0.0142720415700399,0.0076325234393391,0.04118,1800.0
3537.338949628226,-0.014862149136143,0.0064362253523014,0.04118,1800.0
3537.443270869605,-0.0153917255495361,0.0048949342988567,0.04118,1800.0
3537.5438456014317,-0.0157967412875595,0.0034793697523629,0.04118,1800.0
3537.6444234327,-0.0160578531506407,0.0020148118074255,0.04118,1800.0
3537.744990058295,-0.0161674649917712,0.0004977783089386,0.04118,1800.0
3537.8455461934727,-0.0161433694778661,-0.001003692474217,0.04118,1800.0
3537.9461214021367,-0.0159787684579812,-0.002503739550846,0.04118,1800.0
3538.046678729407,-0.0156796060316284,-0.0039671387626037,0.04118,1800.0
3538.1472317651433,-0.015248863116939,-0.005391529289472,0.04118,1800.0
3538.2386636212987,-0.0147294289531445,-0.0067047055008072,0.04118,1800.0
3538.339210219733,-0.0140579834656919,-0.0080217681696859,0.04118,1800.0
3538.4397925809544,-0.0132783549192319,-0.0092669309866055,0.04118,1800.0
3538.5403160527867,-0.0123245459848967,-0.0104978348961951,0.04118,1800.0
3538.640884347312,-0.0112537203690745,-0.0116275558760454,0.04118,1800.0
3538.7414488271397,-0.0101412375402081,-0.0126060823345143,0.04118,1800.0
3538.8420104459447,-0.0089492850664607,-0.013477187185627,0.04118,1800.0
3538.943491645209,-0.0076702653940771,-0.0142394536283176,0.04118,1800.0
3539.044056125037,-0.00630586481231,-0.0148937708823151,0.04118,1800.0
3539.1445743516606,-0.0048734402999141,-0.0154212246638373,0.04118,1800.0
3539.2451636270207,-0.0034182933839602,-0.0158047396458169,0.04118,1800.0
3539.3457416967076,-0.002029565196082,-0.0160559425259683,0.04118,1800.0
3539.446299739234,-0.0008093027580106,-0.0161650746921253,0.04118,1800.0
3539.5468401387852,0.0005257967236624,-0.0161769754654669,0.04118,1800.0
3539.6474077180546,0.0019890516911437,-0.0160678971550153,0.04118,1800.0
3539.7479137853306,0.0034347009076798,-0.0158216570997848,0.04118,1800.0
3539.84847969567,0.0048983083727569,-0.0154271265590609,0.04118,1800.0
3539.9389457181614,0.0061783782838303,-0.0149475085641232,0.04118,1800.0
3540.039537616126,0.0075754142214077,-0.0142904885546192,0.04118,1800.0
3540.1400949433964,0.0088604927960944,-0.0135339917979098,0.04118,1800.0
3540.2406553701085,0.010045974522144,-0.0126733924087513,0.04118,1800.0
3540.34123773133,0.0111750086052309,-0.0116870836890739,0.04118,1800.0
3540.441804833762,0.0122374862509998,-0.0105736214769326,0.04118,1800.0
3540.5423781350773,0.0132058867568052,-0.0093481280770822,0.04118,1800.0
3540.6429378465336,0.0140000333874771,-0.0081069758659652,0.04118,1800.0
3540.7434899285954,0.0146733814376826,-0.0067468559863275,0.04118,1800.0
3540.844062037818,0.0152616066840596,-0.005404250658318,0.04118,1800.0
3540.94462246453,0.0157102394745066,-0.0039055552559724,0.04118,1800.0
3541.0648354962987,0.0159597412836114,-0.002720418455833,0.04118,1800.0
3541.145528025977,0.0161025984753303,-0.0015534712779881,0.04118,1800.0
3541.246064133994,0.016174473431624,-5.828193637963386e-05,0.04118,1800.0
3541.346644349448,0.0161040672414741,0.0014676114445175,0.04118,1800.0
3541.447177596442,0.015940200118822,0.0027755538252934,0.04118,1800.0
3541.547762341849,0.0156933727828646,0.0039542150090036,0.04118,1800.0
3541.648304887168,0.0154769021546306,0.0047788714434429,0.04118,1800.0
3541.738820262305,0.0154649999999999,0.00482,0.04118,1800.0
3541.839395470969,0.0152084885419455,0.0049067333677103,0.04118,1800.0
3541.9399849847478,0.011652500026857,0.0061091079586617,0.04118,1800.0
3542.0405444577855,0.0043245651349562,0.0085871403766243,0.04118,1800.0
3542.141113229148,-0.0008100749041799,0.0103235524629304,0.04118,1800.0
3542.2416841462773,-0.001527,0.010566,0.04118,1800.0
3542.3467120603245,-0.0009048888532024,0.010623636948353,0.04118,1800.0
3542.447311349265,0.000351563231626,0.010639756897989,0.04118,1800.0
3542.538366265647,0.0016980339135628,0.0105196778245407,0.04118,1800.0
3542.638934560172,0.0031184096414864,0.010186051441396,0.04118,1800.0
3542.739493317954,0.004503020508116,0.0096543166176753,0.04118,1800.0
3542.840077586524,0.0058440240639271,0.0089218095318177,0.04118,1800.0
3542.9406501725834,0.0070112049915144,0.008036452552027,0.04118,1800.0
3543.0412151292485,0.0080934650700182,0.0069571078975919,0.04118,1800.0
3543.1417779401463,0.0089991397496814,0.0057269870949836,0.04118,1800.0
3543.2423700765294,0.0096979986074922,0.0044264440849788,0.04118,1800.0
3543.342931933753,0.0102230907099104,0.0029969923413209,0.04118,1800.0
3543.4435111955327,0.0105419076907445,0.0015077030420605,0.04118,1800.0
3543.5440785363835,0.0106426881512338,8.889482074447841e-06,0.04118,1800.0
3543.644662566535,0.0105464868825097,-0.0014773269348639,0.04118,1800.0
3543.7421230748814,0.0102576524497865,-0.0028804508319704,0.04118,1800.0
3543.842692799918,0.0097422459838306,-0.0042908751533445,0.04118,1800.0
3543.9432653859776,0.0090348653996718,-0.0056543058705959,0.04118,1800.0
3544.0438451245946,0.0081631697143767,-0.0068607581328478,0.04118,1800.0
3544.144439883582,0.0071094159879447,-0.0079485145898244,0.04118,1800.0
3544.239381022803,0.0059840273901032,-0.0088328216096262,0.04118,1800.0
3544.3404557183903,0.004637701771736,-0.0096008892600033,0.04118,1800.0
3544.441012330405,0.0032285457017006,-0.0101562479265377,0.04118,1800.0
3544.5415679887456,0.0017977217556356,-0.0104972778731844,0.04118,1800.0
3544.642133899085,0.0003270776717959,-0.01063941626358,0.04118,1800.0
3544.742664285056,-0.0011496289082454,-0.0105832324744488,0.04118,1800.0
3544.843230433814,-0.0026437216597481,-0.0103103783370948,0.04118,1800.0
3544.943799443595,-0.0040877486697964,-0.0098360780136714,0.04118,1800.0
3545.044382520072,-0.0054061273631392,-0.0091734086385035,0.04118,1800.0
3545.1449500993413,-0.0066637463735135,-0.0083176993163713,0.04118,1800.0
3545.2455234006566,-0.0077522160979507,-0.0073235387865621,0.04118,1800.0
3545.3460854962987,-0.0087058543906337,-0.0061623521436323,0.04118,1800.0
3545.446657128684,-0.0094938427607732,-0.0048811875691351,0.04118,1800.0
3545.5511943772954,-0.0101112737119268,-0.0034341555826194,0.04118,1800.0
3545.641708321921,-0.010449539030365,-0.0020756761681777,0.04118,1800.0
3545.742257066123,-0.0106328475469446,-0.0006152640633262,0.04118,1800.0
3545.8428201154393,-0.0106076272149659,0.0008993883628623,0.04118,1800.0
3545.943399377219,-0.0103723656039707,0.0024000353962879,0.04118,1800.0
3546.0439784005803,-0.0099370534415728,0.0038161614605007,0.04118,1800.0
3546.144539065711,-0.0093052408093041,0.0051755442199846,0.04118,1800.0
3546.2451104596776,-0.0084723410370141,0.0064541306944367,0.04118,1800.0
3546.3457045034093,-0.0074835372987857,0.007580772215368,0.04118,1800.0
3546.4462699369114,-0.0063183897145173,0.0085871354557073,0.04118,1800.0
3546.546847529761,-0.005066077285653,0.0093904108896257,0.04118,1800.0
3546.6473915055913,-0.0036711350898839,0.0100214061983026,0.04118,1800.0
3546.737916894309,-0.0024236120693281,0.0103784662679244,0.04118,1800.0
3546.838486857764,-0.0016868733720978,0.0105388998988579,0.04118,1800.0
3546.9390623048466,-0.001527,0.010566,0.04118,1800.0
3547.0424770787877,-0.0009310700421749,0.0104887355120434,0.04118,1800.0
3547.14318341767,0.0036808825188196,0.0098909670531486,0.04118,1800.0
3547.2437567189854,0.0094330983742758,0.0091454376013307,0.04118,1800.0
3547.3443119004887,0.011458,0.008883,0.04118,1800.0
3547.444888539664,0.0113851885670069,0.0089703939029411,0.04118,1800.0
3547.5454675630253,0.0108979458246203,0.009535888565993,0.04118,1800.0
3547.646037764899,0.009822669007603,0.0106534275904031,0.04118,1800.0
3547.746594376914,0.0087180273308776,0.0115685338803173,0.04118,1800.0
3547.847163148276,0.0074121901611228,0.0124350835923692,0.04118,1800.0
3547.9376587346715,0.0061959220912986,0.0130784637309235,0.04118,1800.0
3548.038214393012,0.0048254057769408,0.0136457926561328,0.04118,1800.0
3548.138792462699,0.0033720142916033,0.0140724592122595,0.04118,1800.0
3548.2393679097813,0.0018617470489973,0.0143505767247054,0.04118,1800.0
3548.343271680228,0.0003204040868904,0.0144703867308426,0.04118,1800.0
3548.443805642478,-0.0011661632003169,0.0144262419142511,0.04118,1800.0
3548.544372268073,-0.0026530185179677,0.0142306045227095,0.04118,1800.0
3548.6449341252965,-0.0040064143399849,0.0139246671174579,0.04118,1800.0
3548.7455081418675,-0.0050369752147853,0.0135831423702501,0.04118,1800.0
3548.8460316137,-0.0063618367336593,0.0130143725938317,0.04118,1800.0
3548.9466158822697,-0.0077045470538462,0.0122671176498697,0.04118,1800.0
3549.047190375678,-0.0089404894261945,0.0113910853809092,0.04118,1800.0
3549.137699075095,-0.0099692160619635,0.010492850163814,0.04118,1800.0
3549.238268084876,-0.010979458128853,0.0094300733489923,0.04118,1800.0
3549.338832564704,-0.0117634623565444,0.0084429069716459,0.04118,1800.0
3549.4394182637852,-0.0123383257676456,0.0075797361433685,0.04118,1800.0
3549.540663190238,-0.0128956258008229,0.0065693942555832,0.04118,1800.0
3549.6413959935826,-0.0135024545462633,0.0052169583145089,0.04118,1800.0
3549.7419764474553,-0.013968312558548,0.0038205203556206,0.04118,1800.0
3549.8425003961247,-0.014296264400819,0.0023407331900308,0.04118,1800.0
3549.9430698827427,-0.0144665061300867,0.0008008188852846,0.04118,1800.0
3550.049357123725,-0.0144708794882726,-0.0007284898053392,0.04118,1800.0
3550.139877744071,-0.0143313114306549,-0.0020761592135722,0.04118,1800.0
3550.2404467538518,-0.0140196856875443,-0.0036019809703992,0.04118,1800.0
3550.341017194144,-0.0135677554948563,-0.0050337973938666,0.04118,1800.0
3550.4416272119206,-0.0129593776280717,-0.0064306156317728,0.04118,1800.0
3550.5421549752873,-0.0124251505729355,-0.0074456022031413,0.04118,1800.0
3550.6426774934453,-0.0118931002812604,-0.0082592866283607,0.04118,1800.0
3550.743455119483,-0.0110853614184323,-0.0093028927981679,0.04118,1800.0
3550.8440293744725,-0.0100904989860781,-0.0103875422498794,0.04118,1800.0
3550.946209140174,-0.0089848400285587,-0.011354392097317,0.04118,1800.0
3551.0467879251164,-0.0077278461791177,-0.0122572171613474,0.04118,1800.0
3551.147341676108,-0.006451271937471,-0.0129720497142051,0.04118,1800.0
3551.237809129111,-0.0052134489925406,-0.0135092585326226,0.04118,1800.0
3551.3383757547062,-0.0041798394603224,-0.0138729681036869,0.04118,1800.0
3551.438957877509,-0.0028131231112513,-0.014193952508471,0.04118,1800.0
3551.5464355424565,-0.0012476515048076,-0.0144225161160212,0.04118,1800.0
3551.6470090821904,0.000251082670586,-0.0144690579259809,0.04118,1800.0
3551.7375087217015,0.0016241464171599,-0.0143786623122483,0.04118,1800.0
3551.838028140418,0.0031071653470366,-0.0141385738961584,0.04118,1800.0
3551.9385933355015,0.0045282021135922,-0.0137483965268438,0.04118,1800.0
3552.039137072913,0.0059494093404706,-0.0132022446105193,0.04118,1800.0
3552.1397103742283,0.0073276407325855,-0.0124959790567786,0.04118,1800.0
3552.240418858878,0.0085811266953156,-0.0116724741642408,0.04118,1800.0
3552.340995736472,0.0097412714056491,-0.010722727958859,0.04118,1800.0
3552.4415616468114,0.0108149470374045,-0.0096274248659427,0.04118,1800.0
3552.5421215966862,0.0117280176628116,-0.0084925766965496,0.04118,1800.0
3552.64268512284,0.0125577356455064,-0.0071949878605927,0.04118,1800.0
3552.743253417365,0.0132324331651032,-0.0058711537376676,0.04118,1800.0
3552.843824572913,0.0137648194967208,-0.0044625249172952,0.04118,1800.0
3552.93912047898,0.0141364600456523,-0.0030896694133647,0.04118,1800.0
3553.0396868661564,0.014383207856738,-0.0016200687823773,0.04118,1800.0
3553.140238948218,0.0144751926864537,-8.421903349825621e-05,0.04118,1800.0
3553.2408072427434,0.0144137515886029,0.0014254937918147,0.04118,1800.0
3553.341372437827,0.0142084001594034,0.0029450426049127,0.04118,1800.0
3553.441940255515,0.0138109129007127,0.0044016363721476,0.04118,1800.0
3553.542513079993,0.0133059304371282,0.0057291854357148,0.04118,1800.0
3553.6430863813084,0.0126144727093672,0.0071149802342287,0.04118,1800.0
3553.7436687425297,0.0118227291588778,0.0083574850141228,0.04118,1800.0
3553.844208188407,0.011515099803447,0.0088043333822726,0.04118,1800.0
3553.9447779134434,0.011458,0.008883,0.04118,1800.0
3554.0453485921544,0.0100679631556438,0.0092355567733666,0.04118,1800.0
3554.1459242776555,0.0054217666168785,0.010414066802083,0.04118,1800.0
3554.2460784391087,-8.326488395921094e-05,0.0118104954724251,0.04118,1800.0
3554.346650071494,-0.0017959999999999,0.0122450000000001,0.04118,1800.0
3554.447226472251,-0.001784401573645,0.0122467380927102,0.04118,1800.0
3554.537696071021,-0.0017270589439956,0.0122553312245308,0.04118,1800.0
3554.6382991746586,-0.0003576881104581,0.0123687708287278,0.04118,1800.0
3554.738853879325,0.0011178459368043,0.0123184858970179,0.04118,1800.0
3554.843112655036,0.002696866503301,0.0120635512348037,0.04118,1800.0
3554.9436907247227,0.0041460845293722,0.011642489672729,0.04118,1800.0
3555.044273085944,0.0054692065949838,0.0110766598649278,0.04118,1800.0
3555.1448518708867,0.0067932638172853,0.0103056768403893,0.04118,1800.0
3555.2454294637364,0.0080117987197183,0.0094011922408986,0.04118,1800.0
3555.3460044339818,0.0090832504700042,0.0083837663732309,0.04118,1800.0
3555.446556277625,0.0100315301756094,0.0072178014530029,0.04118,1800.0
3555.547146268241,0.0108241517639828,0.0059518457087101,0.04118,1800.0
3555.6376313642186,0.0114508921679329,0.004678331487492,0.04118,1800.0
3555.738190360419,0.0119278471798951,0.0032900466738862,0.04118,1800.0
3555.8387529328984,0.0122256378093449,0.0018743304341615,0.04118,1800.0
3555.9393372014683,0.0123637844479883,0.0003341994930275,0.04118,1800.0
3556.039904542319,0.0123008222504894,-0.0011970669219927,0.04118,1800.0
3556.140458770148,0.0120515345848897,-0.0027021690823021,0.04118,1800.0
3556.2424220517796,0.0116309547499373,-0.0041556343215905,0.04118,1800.0
3556.3430051282567,0.0110518383085481,-0.0055045827818631,0.04118,1800.0
3556.443577952735,0.0103028265247533,-0.0068104574263735,0.04118,1800.0
3556.5440792516392,0.009390312869657,-0.0080366818680981,0.04118,1800.0
3556.6446525529545,0.0083646909046213,-0.0090999649642548,0.04118,1800.0
3556.745222993247,0.0072094638694097,-0.0100392645549797,0.04118,1800.0
3556.8457898572606,0.0058847517050613,-0.0108736753129681,0.04118,1800.0
3556.9463197663945,0.0045759413883417,-0.0114926745370723,0.04118,1800.0
3557.0468859151524,0.0030826165576433,-0.0119855457555873,0.04118,1800.0
3557.1374015287083,0.0017395090826689,-0.0122412854047423,0.04118,1800.0
3557.2379211858433,0.0003140359981121,-0.0123574369943106,0.04118,1800.0
3557.338485665671,-0.0011882920817751,-0.0122933428573993,0.04118,1800.0
3557.439058251731,-0.0026827891301728,-0.0120554654183845,0.04118,1800.0
3557.53957385575,-0.0041412093078763,-0.0116281626724243,0.04118,1800.0
3557.641488023154,-0.0055771239630476,-0.0110222940141698,0.04118,1800.0
3557.742670960776,-0.0068726688146097,-0.0102779592042858,0.04118,1800.0
3557.843237109534,-0.008018297786824,-0.009407440041156,0.04118,1800.0
3557.9437610582036,-0.009119666919786,-0.0083446123300272,0.04118,1800.0
3558.04432911431,-0.0100927561716215,-0.0071443415255246,0.04118,1800.0
3558.1448966935795,-0.010864223361947,-0.0059185357186563,0.04118,1800.0
3558.245464272849,-0.011497099551645,-0.0045616969860488,0.04118,1800.0
3558.3459944204014,-0.0119844841810173,-0.0030477088109695,0.04118,1800.0
3558.4465560392064,-0.0122568052872205,-0.0015883595440103,0.04118,1800.0
3558.5471255258244,-0.0123557303717398,-9.444822117754548e-05,0.04118,1800.0
3558.637637324683,-0.0122890427566857,0.0012255475461776,0.04118,1800.0
3558.7382122949284,-0.0120431145136216,0.002704715930579,0.04118,1800.0
3558.838783212058,-0.0116320689488059,0.0041693130512682,0.04118,1800.0
3558.939453072898,-0.0110439537358167,0.0055467394490775,0.04118,1800.0
3559.040440984122,-0.0102550046025565,0.0069049071071594,0.04118,1800.0
3559.141013331763,-0.0093650354519653,0.0080791898714047,0.04118,1800.0
3559.241586871497,-0.0083691271501351,0.0091119550125685,0.04118,1800.0
3559.346873708121,-0.0071373636981183,0.0101713977330769,0.04118,1800.0
3559.437385983817,-0.0059650284175079,0.010837644714201,0.04118,1800.0
3559.537920422904,-0.0046203903752672,0.0114603732400521,0.04118,1800.0
3559.6395136789006,-0.0031635491833491,0.0119449662126946,0.04118,1800.0
3559.7406196073216,-0.0021350364746865,0.0121874421525173,0.04118,1800.0
3559.8412005380314,-0.0017959999999999,0.012245,0.04118,1800.0
3559.9417745546025,-0.0017959999999999,0.012245,0.04118,0.0
