2998.9414486748256,-0.0078309999999999,-0.0064294,0.03408,0.0
2999.0420029026545,-0.0079238763763112,-0.0061997629797168,0.03408,0.0
2999.132507548956,-0.0081946877214065,-0.0055301270162266,0.03408,0.0
2999.2330760818995,-0.0087485823433996,-0.0041603554804715,0.03408,0.0
2999.335144744543,-0.0093372664910769,-0.0027046663489799,0.03408,0.0
2999.4357128006495,-0.0098868888121852,-0.0013454407164211,0.03408,0.0
2999.536288724569,-0.0104266874806557,-1.0509149001192151e-05,0.03408,0.0
2999.636852012304,-0.0110069391539688,0.0014244187800027,0.03408,0.0
2999.7374105316676,-0.0115585218479123,0.002788480422774,0.03408,0.0
2999.8379750114955,-0.0121015475140411,0.0041313924119582,0.03408,0.0
2999.9414465290583,-0.0126903847747488,0.0055875054790933,0.03408,0.0
3000.042034850744,-0.0131048241764683,0.0066125084380709,0.03408,0.0
3000.132535205511,-0.013238,0.006942,0.03408,0.0
3000.2332091194667,-0.0132950688382905,0.0068221470839767,0.03408,1800.0
3000.333760247854,-0.0136131660837351,0.006141387733923,0.03408,1800.0
3000.4343283039607,-0.0141728937300559,0.0047426015275923,0.03408,1800.0
3000.5348663193263,-0.0145650780762784,0.0032958135660895,0.03408,1800.0
3000.635427461294,-0.0148146649461218,0.0018243588701195,0.03408,1800.0
3000.735957370428,-0.0149277023824954,0.0003005328347917,0.03408,1800.0
3000.836517320303,-0.0148807044958778,-0.0011421772763393,0.03408,1800.0
3000.937082276968,-0.0146822998010595,-0.0026461259610003,0.03408,1800.0
3001.0376515251673,-0.0143352172823886,-0.0041341632625997,0.03408,1800.0
3001.138271079687,-0.0138382211495115,-0.0055711196853704,0.03408,1800.0
3001.238827453283,-0.0132069781413335,-0.0069413448800998,0.03408,1800.0
3001.3393962246455,-0.0124580589324383,-0.008214973002652,0.03408,1800.0
3001.4363460403956,-0.011606304642738,-0.0093920322089816,0.03408,1800.0
3001.536905751852,-0.0106222222130683,-0.0104924981397954,0.03408,1800.0
3001.6374714237727,-0.0095305305023962,-0.0115131891223024,0.03408,1800.0
3001.7379901272334,-0.0083056082399062,-0.0124108503638435,0.03408,1800.0
3001.8385681969203,-0.0069717070230774,-0.0131992508885976,0.03408,1800.0
3001.9391660553492,-0.0056572520798618,-0.0138163406268366,0.03408,1800.0
3002.039738641409,-0.0041843966738762,-0.0143216949555544,0.03408,1800.0
3002.140302405981,-0.0030494393283254,-0.0146141618817866,0.03408,1800.0
3002.240878091482,-0.0018324307998372,-0.0148027117696994,0.03408,1800.0
3002.341459499029,-0.000363006114135,-0.0149188909623772,0.03408,1800.0
3002.4319584232844,0.0010095276312387,-0.0148952710149392,0.03408,1800.0
3002.532522426275,0.0024862332792391,-0.0147170545888072,0.03408,1800.0
3002.634270177511,0.0039753892284986,-0.0143934199643652,0.03408,1800.0
3002.734805093435,0.0054424325593329,-0.0139170728392884,0.03408,1800.0
3002.8340167862452,0.0067784128829913,-0.0133111775375728,0.03408,1800.0
3002.934597240118,0.0080497609322556,-0.0125725852587713,0.03408,1800.0
3003.0351612431086,0.0092731940841567,-0.0117036670126329,0.03408,1800.0
3003.135728345541,0.0104168313012529,-0.0106839561615029,0.03408,1800.0
3003.236294494299,0.0114648487557122,-0.0095494824842539,0.03408,1800.0
3003.3368692261256,0.0123743678927518,-0.0083356242471316,0.03408,1800.0
3003.4374637466944,0.0131347194955262,-0.0070786418268637,0.03408,1800.0
3003.538036332754,0.0137761253140229,-0.0057266768352201,0.03408,1800.0
3003.638595090536,0.0142980880965585,-0.0042708269061151,0.03408,1800.0
3003.7391791206874,0.0146565732380021,-0.0028059963156045,0.03408,1800.0
3003.8397359711207,0.0148732252486124,-0.0013163488118759,0.03408,1800.0
3003.940240131048,0.0149381926622028,0.0001454024076271,0.03408,1800.0
3004.04080222669,0.0148375659663685,0.0016454422222738,0.03408,1800.0
3004.1413395268,0.0146059807089477,0.003112319712633,0.03408,1800.0
3004.236024842886,0.0142299752501129,0.0045103154131254,0.03408,1800.0
3004.336602674154,0.0136878595004411,0.0059401380342852,0.03408,1800.0
3004.4371554714717,0.0130043319060849,0.0073074910680567,0.03408,1800.0
3004.5376849037684,0.0122101938417467,0.0085865831783775,0.03408,1800.0
3004.6382527214564,0.0112930589047566,0.0097462249133818,0.03408,1800.0
3004.7388551098384,0.0102744788544549,0.0108189754525878,0.03408,1800.0
3004.839423642782,0.0091548749458937,0.011794543438621,0.03408,1800.0
3004.9399776321925,0.0079202801422219,0.0126495102941865,0.03408,1800.0
3005.0405301910914,0.0065755279806446,0.0134049957640214,0.03408,1800.0
3005.141083465246,0.0051596104198629,0.0140228469094099,0.03408,1800.0
3005.2315881115474,0.0039088287751673,0.0144115738485559,0.03408,1800.0
3005.332154498724,0.0023865797355097,0.0147355925815172,0.03408,1800.0
3005.4327218395747,0.0008630464990712,0.0149000559178859,0.03408,1800.0
3005.5332615238704,-0.0006085613807736,0.0149092249006112,0.03408,1800.0
3005.637511478094,-0.0021278703885843,0.0147651514965185,0.03408,1800.0
3005.7380318504847,-0.0033311737274702,0.0145550933273624,0.03408,1800.0
3005.8386065823115,-0.0045211686151882,0.0142170873878821,0.03408,1800.0
3005.939162240652,-0.0059512371566803,0.01368321484984,0.03408,1800.0
3006.0396828514613,-0.007279699182167,0.0130309069894455,0.03408,1800.0
3006.140196548132,-0.0085550383727981,0.0122377572807554,0.03408,1800.0
3006.240750537542,-0.0097583760910217,0.011308088173888,0.03408,1800.0
3006.3413271767176,-0.0107919803815432,0.0103289129483207,0.03408,1800.0
3006.431819186834,-0.0117280823433127,0.0092415792000441,0.03408,1800.0
3006.5323953491725,-0.0126035661725537,0.0079898127050126,0.03408,1800.0
3006.6341566902674,-0.0131192555460112,0.0071486891989097,0.03408,1800.0
3006.734670386938,-0.013238,0.006942,0.03408,1800.0
3006.835208640722,-0.0130472959567836,0.0070192653673213,0.03408,1800.0
3006.9357881409205,-0.0106215815631764,0.0080019796227659,0.03408,1800.0
3007.0363237721003,-0.0075709216906476,0.0092378795164883,0.03408,1800.0
3007.1370377403773,-0.0075459999999999,0.009248,0.03408,1800.0
3007.2375871998347,-0.0074707484028375,0.0093039367295613,0.03408,1800.0
3007.3381466728724,-0.0070002766962712,0.0096366384243111,0.03408,1800.0
3007.440732942251,-0.0057270589490212,0.010461214180079,0.03408,1800.0
3007.541293368963,-0.0043154663783502,0.0111183060687529,0.03408,1800.0
3007.6318018299617,-0.003056258029583,0.0115122445578229,0.03408,1800.0
3007.732362733511,-0.0015939298631967,0.0118007396922338,0.03408,1800.0
3007.8329229218043,-0.0001040523626415,0.0119041147638324,0.03408,1800.0
3007.9335274559535,0.0014353471262826,0.0118077260347083,0.03408,1800.0
3008.034096227316,0.0029359622833691,0.011537209184698,0.03408,1800.0
3008.1346533161677,0.0043348577778245,0.0110853761445593,0.03408,1800.0
3008.235226140646,0.0056599162129451,0.010469635901653,0.03408,1800.0
3008.335737691549,0.0069332272951944,0.0096843200853807,0.03408,1800.0
3008.436318622259,0.0081366739257869,0.0086960952024379,0.03408,1800.0
3008.5368826252497,0.0091560527920838,0.0076248213883383,0.03408,1800.0
3008.6374482971705,0.0100738149001062,0.0063840996271118,0.03408,1800.0
3008.738014684347,0.0108026149183949,0.005038727864554,0.03408,1800.0
3008.8409726482905,0.0113327206332591,0.0036721804547436,0.03408,1800.0
3008.9314803940333,0.011665418948543,0.0023736168595373,0.03408,1800.0
3009.0320463043727,0.0118651612288808,0.0008220512388638,0.03408,1800.0
3009.1326193672694,0.0118824375391455,-0.0006835149413179,0.03408,1800.0
3009.233177171377,0.0117066759196369,-0.0021439486915331,0.03408,1800.0
3009.333761439947,0.0113336442436803,-0.0036264619071467,0.03408,1800.0
3009.434349046377,0.0107832182174745,-0.0050454977910431,0.03408,1800.0
3009.534868226675,0.0100644426442703,-0.0063650379716571,0.03408,1800.0
3009.6354400974787,0.0091776634165578,-0.007608812862631,0.03408,1800.0
3009.73597215238,0.0081759081436036,-0.0086757871585759,0.03408,1800.0
3009.8365044456996,0.0069984408221028,-0.0096435313588822,0.03408,1800.0
3009.937077031759,0.0057439780681379,-0.0104500510735536,0.03408,1800.0
3010.0376632076777,0.0044030310461732,-0.0110645540894234,0.03408,1800.0
3010.1382329327143,0.0029724525612225,-0.0115323713696574,0.03408,1800.0
3010.26131914678,0.0011250436002137,-0.011863490264947,0.03408,1800.0
3010.3317921024836,6.842296035117212e-05,-0.0118965427615162,0.03408,1800.0
3010.4323181969203,-0.0014279181200552,-0.011814546993221,0.03408,1800.0
3010.532951341299,-0.0029065323126496,-0.0115474038357216,0.03408,1800.0
3010.633536801962,-0.0043402176723153,-0.0110887676418322,0.03408,1800.0
3010.7341110569514,-0.0056862292215464,-0.0104821404264191,0.03408,1800.0
3010.834683643011,-0.0069300348668388,-0.0096955472186401,0.03408,1800.0
3010.9352450233973,-0.0080990233635778,-0.0087499135873682,0.03408,1800.0
3011.0358104568995,-0.0091944213927452,-0.0076016557948803,0.03408,1800.0
3011.136385427145,-0.0100388040027415,-0.0064213467548286,0.03408,1800.0
3011.2369506222285,-0.0107558419738336,-0.0051117311825814,0.03408,1800.0
3011.3375222546138,-0.0113173719496953,-0.0036902438312131,0.03408,1800.0
3011.438083635,-0.0116942629041544,-0.0021972665734426,0.03408,1800.0
3011.5386426312007,-0.0118860605756009,-0.0007016060934634,0.03408,1800.0
3011.636643634466,-0.0118798302850436,0.0007329068877998,0.03408,1800.0
3011.738339172033,-0.0116873044671611,0.002240101052638,0.03408,1800.0
3011.838908181814,-0.0113013900891308,0.0037465295130614,0.03408,1800.0
3011.9407219749964,-0.0107311773741638,0.005167103523766,0.03408,1800.0
3012.04124520841,-0.0100123746580038,0.0064551544499222,0.03408,1800.0
3012.1409919125117,-0.0091424879524819,0.0076620720836839,0.03408,1800.0
3012.2314946514643,-0.0082491109562481,0.0085938845853653,0.03408,1800.0
3012.332236037878,-0.0076922294583354,0.0091165637692545,0.03408,1800.0
3012.432804332403,-0.0075459999999999,0.009248,0.03408,1800.0
3012.533353553442,-0.0075459999999999,0.009248,0.03408,0.0
