16433.999178171158,0.005263000000000004,0.016171000000000046,0.046150000000000004,1800.0
16434.099189281464,0.005190300000000009,0.01619270000000006,0.046150000000000004,1800.0
16434.199151277542,0.0036853000000000025,0.0165921,0.046150000000000004,1800.0
16434.299139738083,0.0020302000000000098,0.016873900000000053,0.046150000000000004,1800.0
16434.39918398857,0.0003560000000000091,0.01700170000000001,0.046150000000000004,1800.0
16434.49916958809,-0.0012025999999999981,0.016955500000000012,0.046150000000000004,1800.0
16434.599138736725,-0.0028688999999999937,0.01675009999999999,0.046150000000000004,1800.0
16434.699175834656,-0.004392699999999999,0.016420600000000007,0.046150000000000004,1800.0
16434.799184322357,-0.004392699999999999,0.016420600000000007,0.046150000000000004,1800.0
16434.899152755737,-0.005991900000000008,0.015909700000000027,0.046150000000000004,1800.0
16434.99917435646,-0.007636600000000007,0.015181100000000003,0.046150000000000004,1800.0
16435.099179029465,-0.008895,0.014483000000000024,0.046150000000000004,1800.0
16435.199172496796,-0.010284600000000005,0.013540700000000017,0.046150000000000004,1800.0
16435.29918718338,-0.011477399999999999,0.012536400000000003,0.046150000000000004,1800.0
16435.39916753769,-0.012657100000000004,0.011341900000000016,0.046150000000000004,1800.0
16435.499146699905,-0.013720900000000008,0.010042800000000018,0.046150000000000004,1800.0
16435.599179029465,-0.014697399999999985,0.008532200000000045,0.046150000000000004,1800.0
16435.699162483215,-0.015367099999999995,0.007258500000000001,0.046150000000000004,1800.0
16435.799161434174,-0.0157293,0.006443299999999985,0.046150000000000004,1800.0
16435.899149417877,-0.0157293,0.006443299999999985,0.046150000000000004,1800.0
16435.99918460846,-0.016282000000000005,0.004867400000000022,0.046150000000000004,1800.0
16436.099173784256,-0.016690700000000003,0.0032389000000000445,0.046150000000000004,1800.0
16436.199187755585,-0.016915299999999994,0.001695900000000028,0.046150000000000004,1800.0
16436.299161434174,-0.01699400000000001,1.8800000000041006e-05,0.046150000000000004,1800.0
16436.39919114113,-0.016918100000000005,-0.0016584000000000043,0.046150000000000004,1800.0
16436.49914097786,-0.016699000000000006,-0.0032021999999999884,0.046150000000000004,1800.0
16436.599116563797,-0.016293100000000005,-0.004831399999999986,0.046150000000000004,1800.0
16436.69918322563,-0.0157413,-0.006412399999999985,0.046150000000000004,1800.0
16436.799164533615,-0.015435899999999989,-0.007113899999999951,0.046150000000000004,1800.0
16436.899151325226,-0.014658099999999993,-0.008601399999999981,0.046150000000000004,1800.0
16436.99917435646,-0.013814099999999996,-0.009912399999999988,0.046150000000000004,1800.0
16437.099173784256,-0.013814099999999996,-0.009912399999999988,0.046150000000000004,1800.0
16437.19918680191,-0.012684399999999998,-0.011311999999999989,0.046150000000000004,1800.0
16437.299185991287,-0.01159389999999999,-0.012426099999999995,0.046150000000000004,1800.0
16437.3991522789,-0.010409100000000004,-0.013439499999999993,0.046150000000000004,1800.0
16437.499185323715,-0.009032899999999996,-0.014400999999999997,0.046150000000000004,1800.0
16437.599167346954,-0.0075654,-0.015216599999999969,0.046150000000000004,1800.0
16437.699158906937,-0.006029400000000004,-0.015894499999999978,0.046150000000000004,1800.0
16437.79918026924,-0.0045486,-0.01638259999999997,0.046150000000000004,1800.0
16437.899163246155,-0.002908800000000003,-0.016743500000000022,0.046150000000000004,1800.0
16437.999171495438,-0.0013623999999999997,-0.016940799999999978,0.046150000000000004,1800.0
16438.09917163849,0.00031549999999999634,-0.017003999999999964,0.046150000000000004,1800.0
16438.199196338654,0.00031549999999999634,-0.017003999999999964,0.046150000000000004,1800.0
16438.2991604805,0.0019900000000000057,-0.016879199999999983,0.046150000000000004,1800.0
16438.39917254448,0.0035281000000000062,-0.016624499999999987,0.046150000000000004,1800.0
16438.499178409576,0.005153400000000002,-0.016203299999999976,0.046150000000000004,1800.0
16438.599189281464,0.0067242000000000135,-0.015610499999999972,0.046150000000000004,1800.0
16438.69918704033,0.008230299999999996,-0.014868700000000012,0.046150000000000004,1800.0
16438.799152851105,0.009560600000000002,-0.014055600000000001,0.046150000000000004,1800.0
16438.89918756485,0.010900400000000005,-0.013044,0.046150000000000004,1800.0
16438.999166965485,0.012130599999999991,-0.011901400000000006,0.046150000000000004,1800.0
16439.099081754684,0.01317249999999999,-0.010741799999999968,0.046150000000000004,1800.0
16439.199135303497,0.014171799999999998,-0.009392700000000032,0.046150000000000004,1800.0
16439.29917693138,0.015022500000000008,-0.007945099999999983,0.046150000000000004,1800.0
16439.399349689484,0.01568900000000001,-0.0065357999999999805,0.046150000000000004,1800.0
16439.499143362045,0.01568900000000001,-0.0065357999999999805,0.046150000000000004,1800.0
16439.599187850952,0.016229999999999994,-0.005065199999999992,0.046150000000000004,1800.0
16439.699158668518,0.016461400000000015,-0.004221099999999978,0.046150000000000004,1800.0
16439.799165725708,0.01680680000000001,-0.0025778999999999663,0.046150000000000004,1800.0
16439.899177789688,0.016972299999999996,-0.000907099999999994,0.046150000000000004,1800.0
16439.999140262604,0.01697710000000001,0.0007718000000000447,0.046150000000000004,1800.0
16440.099162578583,0.016840500000000008,0.0023248000000000157,0.046150000000000004,1800.0
16440.199180841446,0.016526800000000008,0.00397409999999998,0.046150000000000004,1800.0
16440.29917907715,0.016050400000000006,0.0055839000000000305,0.046150000000000004,1800.0
16440.409060955048,0.01542750000000001,0.007143100000000013,0.046150000000000004,1800.0
16440.499836444855,0.01470790000000001,0.008526300000000042,0.046150000000000004,1800.0
16440.599222898483,0.01470790000000001,0.008526300000000042,0.046150000000000004,1800.0
16440.699147939682,0.013860499999999998,0.009835099999999986,0.046150000000000004,1800.0
16440.79916214943,0.01274560000000001,0.011246600000000051,0.046150000000000004,1800.0
16440.89918613434,0.011665700000000001,0.01237149999999998,0.046150000000000004,1800.0
16440.99916124344,0.010382699999999995,0.013454700000000042,0.046150000000000004,1800.0
16441.099184274673,0.009105699999999994,0.014348799999999995,0.046150000000000004,1800.0
16441.199164390564,0.007649700000000009,0.01518500000000006,0.046150000000000004,1800.0
16441.29918241501,0.006112300000000001,0.015859800000000035,0.046150000000000004,1800.0
16441.399144887924,0.005263000000000004,0.016171000000000046,0.046150000000000004,1800.0
16441.499173879623,0.005263000000000004,0.016171000000000046,0.046150000000000004,1800.0
16441.59908437729,0.0048042000000000085,0.015441600000000055,0.046150000000000004,1800.0
16441.69913506508,0.000648700000000002,0.00883529999999999,0.046150000000000004,0.0
16441.799189805984,0.000648700000000002,0.00883529999999999,0.046150000000000004,0.0
16442.09913945198,-0.008286000000000002,-0.005369000000000013,0.046150000000000004,0.0
16442.199159145355,-0.008286000000000002,-0.005369000000000013,0.046150000000000004,1800.0
16442.299178123474,-0.008369499999999988,-0.005250199999999983,0.046150000000000004,1800.0
16442.399186849594,-0.009055499999999994,-0.003917400000000015,0.046150000000000004,1800.0
16442.4991645813,-0.009595599999999996,-0.0023291000000000284,0.046150000000000004,1800.0
16442.59915781021,-0.009843499999999991,-0.0006704000000000154,0.046150000000000004,1800.0
16442.69904780388,-0.00983139999999999,0.0008873000000000353,0.046150000000000004,1800.0
16442.799150705338,-0.0095354,0.0025379000000000373,0.046150000000000004,1800.0
16442.899178266525,-0.0095354,0.0025379000000000373,0.046150000000000004,1800.0
16442.999118328094,-0.008972099999999997,0.0041180000000000105,0.046150000000000004,1800.0
16443.09918308258,-0.008140499999999995,0.0055739000000000205,0.046150000000000004,1800.0
16443.1990814209,-0.007164400000000001,0.006787700000000008,0.046150000000000004,1800.0
16443.29910635948,-0.0060090999999999894,0.007832100000000008,0.046150000000000004,1800.0
16443.399144887924,-0.004488699999999998,0.008790600000000037,0.046150000000000004,1800.0
16443.499185323715,-0.003049999999999997,0.009387500000000049,0.046150000000000004,1800.0
16443.599172592163,-0.0015340999999999966,0.009746499999999991,0.046150000000000004,1800.0
16443.699179649353,0.0001381000000000021,0.00987300000000002,0.046150000000000004,1800.0
16443.799077272415,0.0018068000000000112,0.009699800000000036,0.046150000000000004,1800.0
16443.899158477783,0.0034241999999999884,0.009258700000000009,0.046150000000000004,1800.0
16443.999150276184,0.0048355000000000065,0.008599700000000043,0.046150000000000004,1800.0
16444.09908223152,0.0048355000000000065,0.008599700000000043,0.046150000000000004,1800.0
16444.199150800705,0.006227900000000008,0.007664300000000013,0.046150000000000004,1800.0
16444.299182653427,0.0073488999999999916,0.006582400000000044,0.046150000000000004,1800.0
16444.399180412292,0.008367,0.005249100000000062,0.046150000000000004,1800.0
16444.499190807343,0.009170200000000003,0.003641400000000017,0.046150000000000004,1800.0
16444.599185705185,0.009639000000000009,0.002155800000000041,0.046150000000000004,1800.0
16444.699162721634,0.009853199999999993,0.0004919000000000451,0.046150000000000004,1800.0
16444.79918408394,0.009805000000000008,-0.0011844999999999772,0.046150000000000004,1800.0
16444.899173498154,0.009519200000000005,-0.0025939999999999297,0.046150000000000004,1800.0
16444.999183654785,0.008950100000000002,-0.004172099999999956,0.046150000000000004,1800.0
16445.099187850952,0.008107600000000006,-0.005622299999999969,0.046150000000000004,1800.0
16445.19918036461,0.007045899999999994,-0.006921199999999961,0.046150000000000004,1800.0
16445.29913210869,0.007045899999999994,-0.006921199999999961,0.046150000000000004,1800.0
16445.399188756943,0.005863499999999994,-0.007935599999999987,0.046150000000000004,1800.0
16445.499155044556,0.004437800000000006,-0.008819599999999983,0.046150000000000004,1800.0
16445.599185943604,0.002878600000000009,-0.009436299999999953,0.046150000000000004,1800.0
16445.699172258377,0.0013586999999999905,-0.009775799999999946,0.046150000000000004,1800.0
16445.7991771698,-0.00031580000000000497,-0.009863599999999972,0.046150000000000004,1800.0
16445.899083137512,-0.0019820999999999867,-0.009670199999999962,0.046150000000000004,1800.0
16445.99912214279,-0.0035893000000000036,-0.009191599999999966,0.046150000000000004,1800.0
16446.09918141365,-0.004991400000000007,-0.008512799999999987,0.046150000000000004,1800.0
16446.19918680191,-0.006360999999999992,-0.007545499999999983,0.046150000000000004,1800.0
16446.29918408394,-0.007546999999999998,-0.006359200000000009,0.046150000000000004,1800.0
16446.399172067642,-0.007546999999999998,-0.006359200000000009,0.046150000000000004,1800.0
16446.499174833298,-0.008284399999999997,-0.005371399999999971,0.046150000000000004,1800.0
16446.599147558212,-0.008286000000000002,-0.005369000000000013,0.046150000000000004,1800.0
16446.699173927307,-0.008450899999999997,-0.005229499999999998,0.046150000000000004,0.0
16446.799186706543,-0.013853500000000005,-0.0006564999999999488,0.046150000000000004,0.0
16446.999213933945,-0.015294000000000002,0.0005630000000000357,0.046150000000000004,0.0
16447.099165201187,-0.015294000000000002,0.0004839000000000371,0.046150000000000004,1800.0
16447.19917154312,-0.0152563,-0.0010767999999999889,0.046150000000000004,1800.0
16447.29914331436,-0.015054600000000001,-0.002743599999999957,0.046150000000000004,1800.0
16447.399165391922,-0.014654799999999996,-0.004373999999999989,0.046150000000000004,1800.0
16447.499182224274,-0.014138399999999995,-0.005844999999999989,0.046150000000000004,1800.0
16447.599172592163,-0.014138399999999995,-0.005844999999999989,0.046150000000000004,1800.0
16447.6991853714,-0.013469499999999995,-0.0072532999999999626,0.046150000000000004,1800.0
16447.799189567566,-0.012590699999999996,-0.008683700000000016,0.046150000000000004,1800.0
16447.89912867546,-0.011567099999999997,-0.010014100000000026,0.046150000000000004,1800.0
16447.999185085297,-0.010484299999999988,-0.011135700000000026,0.046150000000000004,1800.0
16448.099187374115,-0.009206599999999995,-0.012224900000000039,0.046150000000000004,1800.0
16448.199186325073,-0.0078067,-0.013151799999999991,0.046150000000000004,1800.0
16448.299158096313,-0.006322300000000003,-0.013936400000000015,0.046150000000000004,1800.0
16448.39916920662,-0.004868499999999998,-0.014499499999999999,0.046150000000000004,1800.0
16448.49916768074,-0.0032512999999999986,-0.014950499999999978,0.046150000000000004,1800.0
16448.599158763885,-0.0015933000000000058,-0.015212000000000003,0.046150000000000004,1800.0
16448.699155569077,-3.6599999999997745e-05,-0.015296699999999996,0.046150000000000004,1800.0
16448.799155950546,-3.6599999999997745e-05,-0.015296699999999996,0.046150000000000004,1800.0
16448.899176359177,0.001639599999999991,-0.01521049999999996,0.046150000000000004,1800.0
16448.999182224274,0.0032960000000000073,-0.014936599999999967,0.046150000000000004,1800.0
16449.09916996956,0.004801100000000003,-0.014530199999999993,0.046150000000000004,1800.0
16449.199133634567,0.0064700999999999925,-0.013859399999999966,0.046150000000000004,1800.0
16449.299152612686,0.0077473000000000125,-0.013196099999999988,0.046150000000000004,1800.0
16449.39917731285,0.00914150000000001,-0.012260900000000019,0.046150000000000004,1800.0
16449.499188423157,0.010434700000000005,-0.011190199999999983,0.046150000000000004,1800.0
16449.59918832779,0.011516299999999993,-0.01006760000000001,0.046150000000000004,1800.0
16449.69916844368,0.012550699999999998,-0.008745199999999953,0.046150000000000004,1800.0
16449.799137353897,0.013433100000000003,-0.0073173000000000266,0.046150000000000004,1800.0
16449.89913702011,0.014154600000000003,-0.005801399999999957,0.046150000000000004,1800.0
16449.999157190323,0.014154600000000003,-0.005801399999999957,0.046150000000000004,1800.0
16450.099170207977,0.014673700000000012,-0.004331399999999985,0.046150000000000004,1800.0
16450.19918513298,0.015055800000000008,-0.0026965999999999934,0.046150000000000004,1800.0
16450.299121379852,0.015267000000000003,-0.0010311999999999544,0.046150000000000004,1800.0
16450.399158239365,0.015280600000000005,0.0006477000000000288,0.046150000000000004,1800.0
16450.499138593674,0.015144100000000008,0.0022009000000000056,0.046150000000000004,1800.0
16450.59920668602,0.014802700000000002,0.003844599999999976,0.046150000000000004,1800.0
16450.699199438095,0.014337700000000009,0.005332500000000018,0.046150000000000004,1800.0
16450.799153089523,0.0136661,0.006870700000000063,0.046150000000000004,1800.0
16450.89915752411,0.012831599999999999,0.008327500000000043,0.046150000000000004,1800.0
16450.99916768074,0.011919000000000013,0.009591200000000022,0.046150000000000004,1800.0
16451.09913778305,0.011919000000000013,0.009591200000000022,0.046150000000000004,1800.0
16451.19917845726,0.0107931,0.01083660000000003,0.046150000000000004,1800.0
16451.2991874218,0.009543300000000005,0.011957200000000057,0.046150000000000004,1800.0
16451.39918589592,0.008173,0.012927100000000025,0.046150000000000004,1800.0
16451.49916744232,0.006819500000000006,0.013701000000000019,0.046150000000000004,1800.0
16451.599165916443,0.005273900000000012,0.014356900000000006,0.046150000000000004,1800.0
16451.699164390564,0.0036711999999999995,0.014857200000000015,0.046150000000000004,1800.0
16451.799064159393,0.002138899999999999,0.015144900000000017,0.046150000000000004,1800.0
16451.89913725853,0.0005865000000000037,0.01528679999999999,0.046150000000000004,1800.0
16451.999165058136,-0.00109179999999999,0.0152582,0.046150000000000004,1800.0
16452.09908604622,-0.0027572000000000013,0.015045799999999998,0.046150000000000004,1800.0
16452.199180841446,-0.004389600000000007,0.014655299999999982,0.046150000000000004,1800.0
16452.29917907715,-0.004389600000000007,0.014655299999999982,0.046150000000000004,1800.0
16452.399151325226,-0.005856899999999998,0.014128499999999988,0.046150000000000004,1800.0
16452.499175310135,-0.007374199999999997,0.013409599999999966,0.046150000000000004,1800.0
16452.599187612534,-0.008793899999999993,0.012513400000000008,0.046150000000000004,1800.0
16452.699186563492,-0.0101184,0.011481700000000039,0.046150000000000004,1800.0
16452.799081087112,-0.011228000000000002,0.010386400000000018,0.046150000000000004,1800.0
16452.899171352386,-0.0123022,0.009096099999999996,0.046150000000000004,1800.0
16452.99917459488,-0.013220300000000004,0.007690799999999998,0.046150000000000004,1800.0
16453.099045276642,-0.013935299999999998,0.0063054000000000165,0.046150000000000004,1800.0
16453.19913649559,-0.014543,0.004740899999999992,0.046150000000000004,1800.0
16453.299191474915,-0.014975299999999997,0.0031185999999999714,0.046150000000000004,1800.0
16453.39920783043,-0.015219499999999997,0.0015788999999999942,0.046150000000000004,1800.0
16453.499185562134,-0.015219499999999997,0.0015788999999999942,0.046150000000000004,1800.0
16453.599167346954,-0.015294000000000002,0.0005630000000000357,0.046150000000000004,1800.0
16453.699145555496,-0.015294000000000002,0.0005630000000000357,0.046150000000000004,1800.0
16453.799075603485,-0.014973,0.0001696000000000475,0.046150000000000004,0.0
16453.89913725853,-0.010139399999999993,-0.00575289999999995,0.046150000000000004,0.0
16454.09917974472,-0.009812000000000001,-0.006153999999999937,0.046150000000000004,0.0
16454.19916510582,-0.009970800000000002,-0.0058670999999999585,0.046150000000000004,1800.0
16454.299163103104,-0.0107101,-0.004364299999999988,0.046150000000000004,1800.0
16454.399147748947,-0.011203699999999997,-0.002886600000000017,0.046150000000000004,1800.0
16454.49917268753,-0.011511500000000008,-0.0012368999999999852,0.046150000000000004,1800.0
16454.599180698395,-0.011511500000000008,-0.0012368999999999852,0.046150000000000004,1800.0
16454.699121952057,-0.011559100000000003,0.0004406000000000132,0.046150000000000004,1800.0
16454.799145698547,-0.011373599999999998,0.0021080000000000543,0.046150000000000004,1800.0
16454.899082899094,-0.010992600000000005,0.003618900000000036,0.046150000000000004,1800.0
16454.999151468277,-0.01041270000000001,0.005065700000000006,0.046150000000000004,1800.0
16455.099080324173,-0.009490299999999993,0.00660860000000002,0.046150000000000004,1800.0
16455.199120759964,-0.0085171,0.00782480000000002,0.046150000000000004,1800.0
16455.299182891846,-0.007302100000000006,0.008981799999999984,0.046150000000000004,1800.0
16455.399156093597,-0.006029300000000001,0.009881800000000052,0.046150000000000004,1800.0
16455.699137210846,-0.001298599999999997,0.011505500000000002,0.046150000000000004,1800.0
16455.7991771698,-0.001298599999999997,0.011505500000000002,0.046150000000000004,1800.0
16455.899164438248,0.0002587000000000006,0.011568999999999996,0.046150000000000004,1800.0
16455.999166965485,0.0019284000000000107,0.01140330000000006,0.046150000000000004,1800.0
16456.09907412529,0.00288250000000001,0.011203699999999983,0.046150000000000004,1800.0
16456.199115991592,0.004299900000000009,0.010736200000000029,0.046150000000000004,1800.0
16456.299128055573,0.005703799999999995,0.010061800000000065,0.046150000000000004,1800.0
16456.39922118187,0.007104600000000003,0.009138099999999982,0.046150000000000004,1800.0
16456.49918961525,0.008350200000000002,0.008013500000000007,0.046150000000000004,1800.0
16456.59919500351,0.00941560000000001,0.006717200000000034,0.046150000000000004,1800.0
16456.6991751194,0.010292700000000002,0.005286900000000039,0.046150000000000004,1800.0
16456.799162864685,0.010919499999999999,0.0038598000000000243,0.046150000000000004,1800.0
16456.899171829224,0.010919499999999999,0.0038598000000000243,0.046150000000000004,1800.0
16456.999140262604,0.011350500000000013,0.002237800000000012,0.046150000000000004,1800.0
16457.09916329384,0.011551700000000012,0.0005723000000000256,0.046150000000000004,1800.0
16457.19917035103,0.011528500000000011,-0.0009851999999999639,0.046150000000000004,1800.0
16457.2991836071,0.011299400000000001,-0.0025268999999999986,0.046150000000000004,1800.0
16457.39918732643,0.010807799999999992,-0.004242099999999971,0.046150000000000004,1800.0
16457.49916958809,0.010092500000000004,-0.005648799999999954,0.046150000000000004,1800.0
16457.599145650864,0.009176400000000001,-0.007054499999999964,0.046150000000000004,1800.0
16457.699148893356,0.008147200000000007,-0.008225099999999985,0.046150000000000004,1800.0
16457.799175024033,0.006865900000000008,-0.009308800000000006,0.046150000000000004,1800.0
16457.899165153503,0.0054469999999999935,-0.010203899999999988,0.046150000000000004,1800.0
16457.999154806137,0.004028699999999996,-0.010848299999999977,0.046150000000000004,1800.0
16458.09916305542,0.004028699999999996,-0.010848299999999977,0.046150000000000004,1800.0
16458.199188947678,0.002821199999999996,-0.011222499999999969,0.046150000000000004,1800.0
16458.299130916595,0.0016380000000000006,-0.01145259999999998,0.046150000000000004,1800.0
16458.399179458618,-3.550000000000775e-05,-0.011581899999999978,0.046150000000000004,1800.0
16458.49916124344,-0.0017080000000000012,-0.011441499999999993,0.046150000000000004,1800.0
16458.59909272194,-0.0032292000000000015,-0.011105099999999979,0.046150000000000004,1800.0
16458.69917988777,-0.004804699999999995,-0.010527900000000034,0.046150000000000004,1800.0
16458.799078702927,-0.0062783999999999895,-0.009724999999999984,0.046150000000000004,1800.0
16458.899121284485,-0.007612399999999991,-0.008707099999999968,0.046150000000000004,1800.0
16458.99916410446,-0.008793099999999998,-0.007515500000000008,0.046150000000000004,1800.0
16459.099162817,-0.009707399999999991,-0.0063025999999999915,0.046150000000000004,1800.0
16459.199153900146,-0.009812000000000001,-0.006153999999999937,0.046150000000000004,1800.0
16459.299156188965,-0.009812000000000001,-0.006153999999999937,0.046150000000000004,1800.0
16459.399163007736,-0.009812000000000001,-0.006153999999999937,0.046150000000000004,0.0
16459.499178886414,-0.012560499999999988,-0.0020502999999999494,0.046150000000000004,0.0
16459.699156284332,-0.013593999999999995,-0.0005069999999999797,0.046150000000000004,0.0
16459.799149751663,-0.013588200000000009,-0.0005859999999999754,0.046150000000000004,1800.0
16459.89915561676,-0.013425199999999998,-0.0021384999999999876,0.046150000000000004,1800.0
16459.99918270111,-0.0130599,-0.003776400000000013,0.046150000000000004,1800.0
16460.099181890488,-0.01250309999999999,-0.005360199999999982,0.046150000000000004,1800.0
16460.19912981987,-0.011799500000000004,-0.006751699999999972,0.046150000000000004,1800.0
16460.29915690422,-0.010879200000000006,-0.00815509999999997,0.046150000000000004,1800.0
16460.399212121964,-0.010879200000000006,-0.00815509999999997,0.046150000000000004,1800.0
16460.499175548553,-0.009875499999999995,-0.00934790000000002,0.046150000000000004,1800.0
16460.599180221558,-0.008646499999999988,-0.010490699999999964,0.046150000000000004,1800.0
16460.69912457466,-0.007291599999999995,-0.01148159999999998,0.046150000000000004,1800.0
16460.79914855957,-0.005926399999999998,-0.012234299999999976,0.046150000000000004,1800.0
16460.899148464203,-0.004374500000000003,-0.012873000000000023,0.046150000000000004,1800.0
16460.99915957451,-0.002756700000000001,-0.013321899999999998,0.046150000000000004,1800.0
16461.099169254303,-0.0010934999999999973,-0.013550499999999965,0.046150000000000004,1800.0
16461.19917678833,0.00046459999999999557,-0.013591399999999976,0.046150000000000004,1800.0
16461.299164772034,0.0021356999999999904,-0.013430600000000015,0.046150000000000004,1800.0
16461.39915370941,0.003657599999999997,-0.013094099999999997,0.046150000000000004,1800.0
16461.49913239479,0.005244700000000005,-0.0125479,0.046150000000000004,1800.0
16461.599173545837,0.005244700000000005,-0.0125479,0.046150000000000004,1800.0
16461.699184656143,0.006749900000000003,-0.011804399999999993,0.046150000000000004,1800.0
16461.79922747612,0.008150400000000002,-0.01087959999999999,0.046150000000000004,1800.0
16461.899189710617,0.0093477,-0.009881099999999976,0.046150000000000004,1800.0
16461.99918293953,0.01041120000000001,-0.008741100000000002,0.046150000000000004,1800.0
16462.099177598953,0.011409699999999995,-0.007392399999999966,0.046150000000000004,1800.0
16462.199149608612,0.0122385,-0.005932299999999946,0.046150000000000004,1800.0
16462.299077749252,0.012869900000000004,-0.004377100000000023,0.046150000000000004,1800.0
16462.399136543274,0.013293100000000002,-0.0028769000000000156,0.046150000000000004,1800.0
16462.499126911163,0.013541999999999998,-0.0012166999999999595,0.046150000000000004,1800.0
16462.599143743515,0.013586,0.0004609999999999892,0.046150000000000004,1800.0
16462.699173927307,0.013453900000000005,0.0020144000000000273,0.046150000000000004,1800.0
16462.799083948135,0.013453900000000005,0.0020144000000000273,0.046150000000000004,1800.0
16462.89922976494,0.013094900000000007,0.003654600000000008,0.046150000000000004,1800.0
16462.99921274185,0.012592999999999993,0.005130100000000026,0.046150000000000004,1800.0
16463.099227190018,0.011866600000000005,0.006643600000000027,0.046150000000000004,1800.0
16463.19921565056,0.010953600000000008,0.00805220000000001,0.046150000000000004,1800.0
16463.299213647842,0.009963,0.009255599999999975,0.046150000000000004,1800.0
16463.399211645126,0.008745100000000006,0.010411000000000059,0.046150000000000004,1800.0
16463.499183416367,0.007393899999999995,0.011406399999999983,0.046150000000000004,1800.0
16463.599222898483,0.005934499999999995,0.012235500000000066,0.046150000000000004,1800.0
16463.699187755585,0.004381599999999999,0.012873700000000043,0.046150000000000004,1800.0
16463.799198150635,0.0028789000000000037,0.013287099999999996,0.046150000000000004,1800.0
16463.89923143387,0.0028789000000000037,0.013287099999999996,0.046150000000000004,1800.0
16463.999193429947,0.0012206000000000022,0.013549499999999992,0.046150000000000004,1800.0
16464.099134922028,-0.0003377999999999992,0.013589999999999991,0.046150000000000004,1800.0
16464.199171066284,-0.002009999999999998,0.01344709999999999,0.046150000000000004,1800.0
16464.29914546013,-0.003652699999999995,0.01310100000000003,0.046150000000000004,1800.0
16464.399163246155,-0.005236599999999994,0.012545199999999979,0.046150000000000004,1800.0
16464.49915790558,-0.006743699999999991,0.011806900000000009,0.046150000000000004,1800.0
16464.599142313004,-0.00795309999999999,0.011027100000000012,0.046150000000000004,1800.0
16464.699159145355,-0.009250599999999998,0.009962700000000047,0.046150000000000004,1800.0
16464.799069404602,-0.010412399999999988,0.008751200000000015,0.046150000000000004,1800.0
16464.8991458416,-0.011406600000000003,0.007398300000000024,0.046150000000000004,1800.0
16464.99923849106,-0.0121758,0.006042900000000018,0.046150000000000004,1800.0
16465.099128723145,-0.0121758,0.006042900000000018,0.046150000000000004,1800.0
16465.199150800705,-0.012835699999999992,0.004499400000000042,0.046150000000000004,1800.0
16465.299190998077,-0.013285599999999995,0.0028820999999999986,0.046150000000000004,1800.0
16465.399155139923,-0.013532299999999997,0.0013431000000000415,0.046150000000000004,1800.0
16465.499169826508,-0.013593999999999995,-0.0003041999999999767,0.046150000000000004,1800.0
16465.599192380905,-0.013593999999999995,-0.0005069999999999797,0.046150000000000004,1800.0
16465.699192762375,-0.013593999999999995,-0.0005069999999999797,0.046150000000000004,0.0
16465.79914665222,-0.00949499999999999,0.001869400000000021,0.046150000000000004,0.0
16466.299190044403,0.006871999999999989,0.011358000000000035,0.046150000000000004,0.0
16466.399181365967,0.006871999999999989,0.011358000000000035,0.046150000000000004,1800.0
16466.49919295311,0.007731199999999994,0.010779200000000044,0.046150000000000004,1800.0
16466.599229812622,0.009031299999999992,0.009718699999999969,0.046150000000000004,1800.0
16466.699191093445,0.010190599999999994,0.008505299999999993,0.046150000000000004,1800.0
16466.799114227295,0.011119300000000013,0.007253100000000012,0.046150000000000004,1800.0
16466.899189949036,0.011950299999999997,0.005794000000000021,0.046150000000000004,1800.0
16466.999145507812,0.0125812,0.004238100000000022,0.046150000000000004,1800.0
16467.0991563797,0.012989600000000004,0.002733700000000061,0.046150000000000004,1800.0
16467.19917821884,0.013219900000000007,0.0011921000000000292,0.046150000000000004,1800.0
16467.29917573929,0.013252900000000012,-0.0006050999999999696,0.046150000000000004,1800.0
16467.39913702011,0.01308899999999999,-0.002154299999999998,0.046150000000000004,1800.0
16467.49917459488,0.01308899999999999,-0.002154299999999998,0.046150000000000004,1800.0
16467.599185705185,0.0127129,-0.0037890999999999897,0.046150000000000004,1800.0
16467.699185848236,0.012182499999999999,-0.005253999999999981,0.046150000000000004,1800.0
16467.799177885056,0.011425000000000005,-0.00675129999999996,0.046150000000000004,1800.0
16467.899159431458,0.0104876,-0.008143899999999982,0.046150000000000004,1800.0
16467.99918937683,0.009462600000000002,-0.009319199999999972,0.046150000000000004,1800.0
16468.099148511887,0.008208099999999996,-0.010435399999999984,0.046150000000000004,1800.0
16468.199082374573,0.00682350000000001,-0.011384800000000028,0.046150000000000004,1800.0
16468.299125671387,0.00533030000000001,-0.012149799999999988,0.046150000000000004,1800.0
16468.399161338806,0.004461300000000001,-0.01250859999999998,0.046150000000000004,1800.0
16468.499113082886,0.0030164000000000024,-0.01293939999999999,0.046150000000000004,1800.0
16468.599101305008,0.0030164000000000024,-0.01293939999999999,0.046150000000000004,1800.0
16468.699204444885,0.001478000000000007,-0.013196099999999988,0.046150000000000004,1800.0
16468.799403190613,-0.00019890000000000185,-0.013275499999999996,0.046150000000000004,1800.0
16468.89922118187,-0.001871799999999993,-0.013138199999999989,0.046150000000000004,1800.0
16468.999224424362,-0.0033985999999999877,-0.012825599999999993,0.046150000000000004,1800.0
16469.09916782379,-0.004989599999999997,-0.01229199999999997,0.046150000000000004,1800.0
16469.199203252792,-0.006500999999999993,-0.011563399999999946,0.046150000000000004,1800.0
16469.29913687706,-0.00791,-0.010652199999999945,0.046150000000000004,1800.0
16469.399174690247,-0.009105299999999997,-0.00965239999999995,0.046150000000000004,1800.0
16469.49916410446,-0.010255100000000003,-0.00842989999999999,0.046150000000000004,1800.0
16469.59919857979,-0.011243900000000001,-0.007072999999999996,0.046150000000000004,1800.0
16469.699214220047,-0.011995099999999995,-0.005706299999999942,0.046150000000000004,1800.0
16469.799211502075,-0.011995099999999995,-0.005706299999999942,0.046150000000000004,1800.0
16469.899179458618,-0.012610499999999997,-0.004144099999999984,0.046150000000000004,1800.0
16469.999154806137,-0.0130281,-0.002518499999999979,0.046150000000000004,1800.0
16470.099189281464,-0.013239,-0.0008538000000000157,0.046150000000000004,1800.0
16470.199119091034,-0.0132472,0.0007043999999999939,0.046150000000000004,1800.0
16470.299167394638,-0.013073399999999999,0.002252700000000052,0.046150000000000004,1800.0
16470.41055417061,-0.012684899999999999,0.003884899999999969,0.046150000000000004,1800.0
16470.50049304962,-0.012096999999999997,0.005456699999999981,0.046150000000000004,1800.0
16470.599155664444,-0.0113761,0.006838300000000019,0.046150000000000004,1800.0
16470.699194669724,-0.010428000000000007,0.008223599999999998,0.046150000000000004,1800.0
16470.799113750458,-0.009306199999999987,0.009472900000000006,0.046150000000000004,1800.0
16470.899192094803,-0.008031799999999992,0.010565600000000008,0.046150000000000004,1800.0
16470.999132156372,-0.008031799999999992,0.010565600000000008,0.046150000000000004,1800.0
16471.099199056625,-0.006631700000000004,0.01149089999999997,0.046150000000000004,1800.0
16471.19915819168,-0.005238300000000001,0.012188599999999994,0.046150000000000004,1800.0
16471.299185037613,-0.003657400000000005,0.0127506,0.046150000000000004,1800.0
16471.399133205414,-0.002019099999999996,0.013113000000000041,0.046150000000000004,1800.0
16471.49918985367,-0.0004679000000000072,0.013260600000000011,0.046150000000000004,1800.0
16471.59911441803,0.001209700000000008,0.013218200000000013,0.046150000000000004,1800.0
16471.69916510582,0.002751600000000007,0.012988000000000055,0.046150000000000004,1800.0
16471.79918074608,0.004325599999999999,0.012556600000000029,0.046150000000000004,1800.0
16471.899209022522,0.005192299999999997,0.012206700000000015,0.046150000000000004,1800.0
16471.99916100502,0.006585300000000002,0.011516400000000038,0.046150000000000004,1800.0
16472.099110126495,0.006585300000000002,0.011516400000000038,0.046150000000000004,1800.0
16472.199073076248,0.006871999999999989,0.011358000000000035,0.046150000000000004,1800.0
16472.299145936966,0.006871999999999989,0.011358000000000035,0.046150000000000004,0.0
16472.39918923378,0.006871999999999989,0.011358000000000035,0.046150000000000004,0.0
16476.42822441099,0.005263000000000004,0.0005422096487849269,0.046150000000000004,0.0
