4054.823378193986,0.0068719999999999,-0.0042354,0.04686,0.0
4054.923938620698,0.0055568094669929,-0.0039636450784665,0.04686,0.0
4055.024511683595,0.0034461215973526,-0.0035275565472463,0.04686,0.0
4055.1250764018414,0.0010869387440555,-0.0030400824085954,0.04686,0.0
4055.2256396895764,-0.0012980412435398,-0.0025472541576683,0.04686,0.0
4055.3262203818676,-0.0036650184529065,-0.0020581282892367,0.04686,0.0
4055.426788676393,-0.0060816395475688,-0.0015587388380799,0.04686,0.0
4055.5273488646862,-0.0085216139491164,-0.0010545466340045,0.04686,0.0
4055.6279138213513,-0.0108532224019991,-0.0005727431032302,0.04686,0.0
4055.728491414201,-0.0131937764898804,-8.907612878467086e-05,0.04686,0.0
4055.819070923936,-0.0153555040216615,0.0003576364211555,0.04686,0.0
4055.91964279474,-0.0168190043944071,0.0006600596180022,0.04686,0.0
4056.0246971732495,-0.0170509999999999,0.0007079999999999,0.04686,0.0
4056.1252654677746,-0.0170544101966647,8.645755587871617e-05,0.04686,1800.0
4056.2258258944867,-0.0170075819265663,-0.0011197762718904,0.04686,1800.0
4056.326388943803,-0.0168872608895402,-0.0023536544869324,0.04686,1800.0
4056.4269655829785,-0.0166632032664542,-0.0035929560252995,0.04686,1800.0
4056.5275493747113,-0.0162852628760513,-0.0050244325771225,0.04686,1800.0
4056.6281243449566,-0.0157617268196812,-0.006482648083247,0.04686,1800.0
4056.718634713304,-0.0152206371204502,-0.0076864443721955,0.04686,1800.0
4056.819191563737,-0.0144618229973089,-0.0090572765115874,0.04686,1800.0
4056.9209827071545,-0.0136292064652779,-0.010257623423749,0.04686,1800.0
4057.021547425401,-0.0126209370477587,-0.0114576494444814,0.04686,1800.0
4057.1221097594616,-0.0115556807218751,-0.0125407602723117,0.04686,1800.0
4057.2226465827343,-0.0104364242571062,-0.0134820673550794,0.04686,1800.0
4057.325219739091,-0.0091558148344602,-0.0143678726981379,0.04686,1800.0
4057.4257918483136,-0.0078626588464867,-0.0151203986266598,0.04686,1800.0
4057.5263489371655,-0.0065312914393193,-0.0157454820156518,0.04686,1800.0
4057.6268945819256,-0.0050895600695835,-0.016261433882911,0.04686,1800.0
4057.725532162797,-0.0036307442527667,-0.0166522060847054,0.04686,1800.0
4057.8260732776043,-0.0022021659154836,-0.0169066281961318,0.04686,1800.0
4057.9266461020825,-0.0007209528415079,-0.0170404048310996,0.04686,1800.0
4058.0272449141858,0.0008304012824387,-0.0170326127119919,0.04686,1800.0
4058.1278084403393,0.0023140911908931,-0.0168990788456946,0.04686,1800.0
4058.2182813769696,0.0036587645414566,-0.0166550578560915,0.04686,1800.0
4058.3188346511242,0.0050776583781459,-0.0162753166807513,0.04686,1800.0
4058.419391263139,0.0065214005735505,-0.0157433332496104,0.04686,1800.0
4058.5212305671093,0.0079091932115739,-0.0150939934857652,0.04686,1800.0
4058.6217938548443,0.0092299693623188,-0.014326182685351,0.04686,1800.0
4058.722356665742,0.0104692240656208,-0.0134478712415905,0.04686,1800.0
4058.822873700273,0.0115980588685071,-0.0124827372271003,0.04686,1800.0
4058.923433411729,0.0126693607244022,-0.0114068045367459,0.04686,1800.0
4059.0240002757428,0.0135924620660037,-0.0102989377096764,0.04686,1800.0
4059.126922238481,0.0144730101552475,-0.0090024990946719,0.04686,1800.0
4059.2274824267743,0.0151986458617459,-0.0076339093478677,0.04686,1800.0
4059.328048575532,0.015808733199863,-0.0064103299609987,0.04686,1800.0
4059.418534863603,0.0161184643777117,-0.0055676451652404,0.04686,1800.0
4059.5190950518963,0.0165080346794605,-0.0042503767005248,0.04686,1800.0
4059.6196521407483,0.0168165477340974,-0.0027869642481569,0.04686,1800.0
4059.7201586848614,0.0169913416049077,-0.0012557754529874,0.04686,1800.0
4059.8214193469403,0.01703738345006,0.0002720292843549,0.04686,1800.0
4059.921947587144,0.0169580817262206,0.0017361029370127,0.04686,1800.0
4060.022510874879,0.0167393815178757,0.003202086661133,0.04686,1800.0
4060.1231051570294,0.016387489735331,0.0046826515114957,0.04686,1800.0
4060.223678219926,0.01595046059221,0.0060430948645149,0.04686,1800.0
4060.324234116685,0.0155817737963935,0.0069336202376301,0.04686,1800.0
4060.4247988349316,0.014944818282835,0.0082291057137453,0.04686,1800.0
4060.518914569032,0.014221621052741,0.0094171755348906,0.04686,1800.0
4060.6194735652325,0.0133252177554001,0.0106268811142477,0.04686,1800.0
4060.720043290269,0.0122846761494728,0.0118066506830055,0.04686,1800.0
4060.820599902284,0.0112024028572901,0.0128485389438193,0.04686,1800.0
4060.9211028701184,0.0100637569608596,0.0137560196833072,0.04686,1800.0
4061.021682131898,0.0088095964687458,0.0145838394752126,0.04686,1800.0
4061.122249472749,0.0074474186457661,0.0153292817438478,0.04686,1800.0
4061.2227631694195,0.0060469973552208,0.0159428770492174,0.04686,1800.0
4061.323335278642,0.0046448215358144,0.0163994139091271,0.04686,1800.0
4061.4239116793988,0.0031370662791501,0.0167622858489948,0.04686,1800.0
4061.524479258668,0.0017431738516931,0.0169673619009142,0.04686,1800.0
4061.6250513678906,0.0001876268530552,0.0170621296964634,0.04686,1800.0
4061.7256137019513,-0.0012721855654762,0.0169920892344848,0.04686,1800.0
4061.826170790803,-0.0028098270281042,0.0168105606454275,0.04686,1800.0
4061.920183766496,-0.0041865176216851,0.0165270537557667,0.04686,1800.0
4062.02071701349,-0.0056003007999869,0.0160954171129077,0.04686,1800.0
4062.1215580588696,-0.0070123898703819,0.0155282034019039,0.04686,1800.0
4062.222112525117,-0.0083798354957049,0.0148419238951756,0.04686,1800.0
4062.32264767946,-0.0096602738515238,0.0140418389160782,0.04686,1800.0
4062.4232128745434,-0.010869743489519,0.0131266028433726,0.04686,1800.0
4062.523780453813,-0.011981499953088,0.0121271856315731,0.04686,1800.0
4062.624364722383,-0.0130261168627499,0.0110152459482173,0.04686,1800.0
4062.724935877931,-0.0139161290743921,0.0098733790368065,0.04686,1800.0
4062.8255394584057,-0.0147573726448216,0.0085434719217893,0.04686,1800.0
4062.926107752931,-0.0154417581161263,0.0072239970367733,0.04686,1800.0
4063.0266474372265,-0.0160083133215385,0.0058711785209355,0.04686,1800.0
4063.127221692216,-0.0164624983630521,0.0044065895530455,0.04686,1800.0
4063.2277802115796,-0.0167806876471826,0.0029632590409005,0.04686,1800.0
4063.3183320647595,-0.0169433704336448,0.0018799225175366,0.04686,1800.0
4063.41888438524,-0.0170242095676779,0.001067633160074,0.04686,1800.0
4063.519435752046,-0.017051,0.0007079999999999,0.04686,1800.0
4063.6212719565747,-0.01681322263068,0.0007789345260584,0.04686,1800.0
4063.7218490725872,-0.0148530051970494,0.0013637235206644,0.04686,1800.0
4063.822421658647,-0.0074678741482565,0.0035669473747759,0.04686,1800.0
4063.9229880458233,-3.889645281601739e-05,0.0057832352545317,0.04686,1800.0
4064.023558962953,0.0055583909537797,0.0074530620615207,0.04686,1800.0
4064.1241320258496,0.0061665153367568,0.0076345444783231,0.04686,1800.0
4064.2247096186993,0.006168,0.007635,0.04686,1800.0
4064.325280535829,0.0064860264606109,0.0073511248838618,0.04686,1800.0
4064.4258564597485,0.0073288538076102,0.006465647406452,0.04686,1800.0
4064.526417840135,0.0082331979997758,0.0052717721243819,0.04686,1800.0
4064.6270748263714,0.0089321067808251,0.0039476109910891,0.04686,1800.0
4064.7276402598736,0.0094507361167306,0.0025173171247458,0.04686,1800.0
4064.8281797057507,0.0097236394739077,0.0010909884309446,0.04686,1800.0
4064.918702948701,0.0097974721073862,-0.000243087707158,0.04686,1800.0
4065.021767247331,0.0096358778823296,-0.0017769884924272,0.04686,1800.0
4065.122386563432,0.009257402438806,-0.0033122707107041,0.04686,1800.0
4065.2229579573986,0.0086132601296434,-0.004665298967911,0.04686,1800.0
4065.3235326892254,0.0078246967428836,-0.005882455332592,0.04686,1800.0
4065.424094546449,0.0068141431154553,-0.0070098269019305,0.04686,1800.0
4065.524667370927,0.0056788393029997,-0.0079645649510305,0.04686,1800.0
4065.625233996522,0.0043799011620445,-0.0087365250875556,0.04686,1800.0
4065.7257958537457,0.0029887334251755,-0.0093045721500862,0.04686,1800.0
4065.8263548499463,0.0015714654777023,-0.0096504711031492,0.04686,1800.0
4065.926871884477,8.371234120624349e-05,-0.0097907483372214,0.04686,1800.0
4066.027446377885,-0.0015125804631086,-0.0096747574210569,0.04686,1800.0
4066.128049243104,-0.0029048208607425,-0.0093514883657923,0.04686,1800.0
4066.218538392198,-0.0042110441667907,-0.0088535183374864,0.04686,1800.0
4066.3191126471875,-0.0055135679200594,-0.0080935214891654,0.04686,1800.0
4066.423430073869,-0.0067476836711832,-0.0071018353056009,0.04686,1800.0
4066.5239947921154,-0.0077563525376566,-0.0059572999333987,0.04686,1800.0
4066.6245461589215,-0.0085565071351015,-0.0047435140261901,0.04686,1800.0
4066.7251027709362,-0.0091803750585815,-0.0033533103060535,0.04686,1800.0
4066.825682032716,-0.009586790217197,-0.0019009356637227,0.04686,1800.0
4066.9263435489056,-0.0097697284024665,-0.000455051443134,0.04686,1800.0
4067.026885617387,-0.0097215061185136,0.0010299160825822,0.04686,1800.0
4067.127466548097,-0.0094552808984492,0.0025231677972083,0.04686,1800.0
4067.2280334121106,-0.0089717660543509,0.0039183222032264,0.04686,1800.0
4067.318536866319,-0.0083689863484449,0.0051220744072763,0.04686,1800.0
4067.4190839415905,-0.0074362208911599,0.0063760139019118,0.04686,1800.0
4067.519638407838,-0.0063936787928557,0.0074224179247471,0.04686,1800.0
4067.620228875291,-0.0051888457332413,0.0082921016431717,0.04686,1800.0
4067.720778573167,-0.0038265816094186,0.0090005483375443,0.04686,1800.0
4067.826700556886,-0.0023801640085117,0.0094792731304138,0.04686,1800.0
4067.918187487733,-0.0010260630144704,0.009722150574623,0.04686,1800.0
4068.0188656932232,0.0005216970043784,0.0097585547828882,0.04686,1800.0
4068.1194413787243,0.002010127188055,0.0095665537005261,0.04686,1800.0
4068.220038283479,0.0034897180581423,0.0091426771892904,0.04686,1800.0
4068.325207341325,0.0048520108532312,0.0084943911004121,0.04686,1800.0
4068.4257782584546,0.005976434630836,0.0077797363117297,0.04686,1800.0
4068.526342976701,0.006168,0.007635,0.04686,1800.0
4068.626908648622,0.0056162742274021,0.0103396917679075,0.04686,1800.0
4068.727479088914,0.0048762676515612,0.0139683982711411,0.04686,1800.0
4068.8181275016186,0.0047439999999999,0.0146169999999999,0.04686,1800.0
4068.9187060481427,0.0043113975035299,0.0147399948274277,0.04686,1800.0
4069.01929580034,0.0032204824440075,0.0149966393657623,0.04686,1800.0
4069.1198571807263,0.0017777344867267,0.0152399480582071,0.04686,1800.0
4069.220444310319,0.0003079317018502,0.0153407080773476,0.04686,1800.0
4069.3210109359143,-0.0012500304560861,0.0152998693747074,0.04686,1800.0
4069.421564686906,-0.0027713277954038,0.0151013706714075,0.04686,1800.0
4069.5254255420086,-0.0042696199047544,0.0147565470809477,0.04686,1800.0
4069.625991929185,-0.0056855962791452,0.0142621344369752,0.04686,1800.0
4069.726550686967,-0.0070770703331683,0.013624812435164,0.04686,1800.0
4069.81702314676,-0.0082040441979009,0.012966354461268,0.04686,1800.0
4069.917606938493,-0.0094182913913544,0.0121054938613115,0.04686,1800.0
4070.0181721335766,-0.0105870084753613,0.0110960365247728,0.04686,1800.0
4070.1187254077313,-0.0116391813950457,0.0099894962131126,0.04686,1800.0
4070.2192813044903,-0.0125485588668904,0.0088124195738893,0.04686,1800.0
4070.319867480409,-0.0133523444746795,0.0075644034272113,0.04686,1800.0
4070.4204252845166,-0.0140142643886451,0.0062431563482096,0.04686,1800.0
4070.520984995973,-0.0145847166176635,0.0047946936873615,0.04686,1800.0
4070.6224316245434,-0.0149866508994709,0.0033446271765482,0.04686,1800.0
4070.7229665404675,-0.0151509815238291,0.0025117813974416,0.04686,1800.0
4070.823528397691,-0.0153138578295641,0.0010523460675946,0.04686,1800.0
4070.926719535005,-0.0153379640093248,-0.0005261836896593,0.04686,1800.0
4071.017228234422,-0.0152229936484508,-0.0018674030617737,0.04686,1800.0
4071.1178313380597,-0.0150552881630204,-0.0029971196988716,0.04686,1800.0
4071.2183965331433,-0.0147546466055978,-0.0041916062086428,0.04686,1800.0
4071.318952668321,-0.0142696993984312,-0.0056271093928902,0.04686,1800.0
4071.4194499141095,-0.0136492278945916,-0.0070356488928983,0.04686,1800.0
4071.5200127250073,-0.0129375275637415,-0.0083273982190945,0.04686,1800.0
4071.620568144929,-0.012034787978531,-0.0095220915072579,0.04686,1800.0
4071.721144545686,-0.0110710920055333,-0.0106302829820102,0.04686,1800.0
4071.821917880189,-0.009976046641556,-0.0116794720059882,0.04686,1800.0
4071.922515261781,-0.0087361516475225,-0.0126264681750803,0.04686,1800.0
4072.02307783426,-0.0074369942312793,-0.0134303889338392,0.04686,1800.0
4072.123671162736,-0.0061347783795599,-0.0140660054056197,0.04686,1800.0
4072.2242420798657,-0.0046742178241649,-0.0146159701721303,0.04686,1800.0
4072.324798930299,-0.003198715890857,-0.0150022038904213,0.04686,1800.0
4072.4253631717083,-0.0017599851236485,-0.0152392195424251,0.04686,1800.0
4072.525932181489,-0.0002521267506775,-0.0153321334127224,0.04686,1800.0
4072.6264971381543,0.0012575946635701,-0.0152899774736102,0.04686,1800.0
4072.719025004518,0.0025551591955684,-0.0151360983094204,0.04686,1800.0
4072.819599021089,0.0041015576410312,-0.0147902013684128,0.04686,1800.0
4072.9201573020337,0.005539593869321,-0.0143192781740937,0.04686,1800.0
4073.020714152467,0.0068817848285585,-0.0137385034742273,0.04686,1800.0
4073.121241200578,0.0082295559305492,-0.0129552138843802,0.04686,1800.0
4073.221845734727,0.0094783565371036,-0.0120800034040662,0.04686,1800.0
4073.322427142274,0.010600206949524,-0.0110905193920036,0.04686,1800.0
4073.4230009204266,0.0116116299718726,-0.0100268210826987,0.04686,1800.0
4073.5235534793255,0.0125102414008123,-0.0088133644818158,0.04686,1800.0
4073.6241229659436,0.0132953073908648,-0.0075160457329312,0.04686,1800.0
4073.724840033662,0.0140068892035196,-0.0061996696265422,0.04686,1800.0
4073.825383055818,0.0145657531624054,-0.0048085533007484,0.04686,1800.0
4073.9259418136,0.0149350300865136,-0.0035543331899891,0.04686,1800.0
4074.0265062934277,0.0151258522128541,-0.0025743838599051,0.04686,1800.0
4074.1203554755566,0.0153135142251154,-0.0011608559440233,0.04686,1800.0
4074.2209166175244,0.015348773660028,0.0003525042521475,0.04686,1800.0
4074.3214951640484,0.015231619916895,0.0019202764796128,0.04686,1800.0
4074.422056544435,0.0149829619375774,0.0033242585928655,0.04686,1800.0
4074.52258788408,0.0145762587644598,0.0047798993574397,0.04686,1800.0
4074.6231542712567,0.0140231869922835,0.0062146536377169,0.04686,1800.0
4074.723665345323,0.0133315366268549,0.0075809376198676,0.04686,1800.0
4074.824224579942,0.01253193789765,0.0088491679443743,0.04686,1800.0
4074.9248090869305,0.0116101192382654,0.0100251276109983,0.04686,1800.0
4075.0254908686993,0.0105675867807061,0.0111206223394499,0.04686,1800.0
4075.1260472422955,0.0094513044166272,0.0120875298529969,0.04686,1800.0
4075.226616013658,0.0082467980213584,0.01294438873901,0.04686,1800.0
4075.3171273356793,0.0070944735023753,0.0136225233936771,0.04686,1800.0
4075.4177001601574,0.00572799226495,0.0142440089698843,0.04686,1800.0
4075.5222512370465,0.0048381802254294,0.0145826115274087,0.04686,1800.0
4075.6227749472973,0.0047439999999999,0.0146169999999999,0.04686,1800.0
4075.723344672334,0.0048699992030839,0.0143323825108003,0.04686,1800.0
4075.82389603914,0.0063125872485842,0.0110754001800184,0.04686,1800.0
4075.9244631415722,0.0072542936848102,0.0089493509380225,0.04686,1800.0
4076.0250249987957,0.007258,0.008941,0.04686,1800.0
4076.1255873328564,0.0073770323775561,0.0088346550386967,0.04686,1800.0
4076.226123679292,0.0079097160744676,0.0083199206770364,0.04686,1800.0
4076.326688635957,0.0089714899051603,0.0071744159978976,0.04686,1800.0
4076.4172023421643,0.0097706764190892,0.0060879407634813,0.04686,1800.0
4076.5177208072064,0.0104692641941863,0.0047515119763391,0.04686,1800.0
4076.6182867175457,0.0109967809195915,0.0033373390584874,0.04686,1800.0
4076.7188483363507,0.011334742994426,0.0018735353621585,0.04686,1800.0
4076.8194099551556,0.0114813886629432,0.0003588987661604,0.04686,1800.0
4076.9259823447583,0.0114202433007908,-0.0012181005470677,0.04686,1800.0
4077.02649413408,0.0111541192654184,-0.0026955755883432,0.04686,1800.0
4077.1170147544262,0.0107710885717558,-0.0039762420870372,0.04686,1800.0
4077.2175794726727,0.010179366743826,-0.0053174938822416,0.04686,1800.0
4077.3181263095257,0.0094073062394327,-0.0065986053444376,0.04686,1800.0
4077.422602522981,0.0083912201281498,-0.0078330337162143,0.04686,1800.0
4077.523181546342,0.0072771647522183,-0.0089014184806758,0.04686,1800.0
4077.6237496024487,0.0061277660764318,-0.0097311036470094,0.04686,1800.0
4077.7243038302777,0.0047215186995564,-0.0104920091834436,0.04686,1800.0
4077.8248389846203,0.0033513348169728,-0.0109965633917403,0.04686,1800.0
4077.9253779536602,0.0019262916936246,-0.0113252966642155,0.04686,1800.0
4078.025947678697,0.0004005148256943,-0.0114828714256087,0.04686,1800.0
4078.126483786714,-0.0011290355554637,-0.0114323464677224,0.04686,1800.0
4078.2270444518444,-0.0026142991636189,-0.0111745337783419,0.04686,1800.0
4078.3175622111676,-0.0038907668863832,-0.0108013006121066,0.04686,1800.0
4078.418127406251,-0.0052470335113262,-0.0102147368219484,0.04686,1800.0
4078.5187255030987,-0.006550443505115,-0.0094379867964961,0.04686,1800.0
4078.61930452646,-0.0077351654920325,-0.0084955896934383,0.04686,1800.0
4078.719861615312,-0.0087540051164121,-0.0074465162646174,0.04686,1800.0
4078.826475728166,-0.0097178336090735,-0.006160076494486,0.04686,1800.0
4078.927034962785,-0.0104515388264398,-0.0048159694244334,0.04686,1800.0
4079.0175400859234,-0.0109176410602999,-0.0035822001580681,0.04686,1800.0
4079.1180993205426,-0.0112841464792675,-0.0021262924152248,0.04686,1800.0
4079.2186909800885,-0.0114673726089025,-0.000610117985476,0.04686,1800.0
4079.319246638429,-0.0114418496301872,0.0009432932661763,0.04686,1800.0
4079.419816125047,-0.0112172385802188,0.0024399151333139,0.04686,1800.0
4079.5204018241284,-0.0108078780472128,0.0038594268335646,0.04686,1800.0
4079.6210960036633,-0.0102162712833742,0.0052452406178317,0.04686,1800.0
4079.7216721660016,-0.0094394554465007,0.0065541746013284,0.04686,1800.0
4079.822243798387,-0.0085125716257922,0.0077113563126641,0.04686,1800.0
4079.922807086122,-0.0074441291111257,0.0087596030533654,0.04686,1800.0
4080.0233772879956,-0.0062526020105501,0.0096649317657863,0.04686,1800.0
4080.123936999452,-0.0049179612620728,0.0103938107503558,0.04686,1800.0
4080.2179382926342,-0.003614931951978,0.0109035567742651,0.04686,1800.0
4080.3185087329266,-0.0021649727289146,0.0112739755555357,0.04686,1800.0
4080.4190868026135,-0.0006785168289014,0.0114681830796948,0.04686,1800.0
4080.519642937791,0.0008158247411345,0.0114530086030058,0.04686,1800.0
4080.620223153245,0.0022909851266527,0.0112491275937007,0.04686,1800.0
4080.7208257800457,0.003735933860541,0.0108498003810676,0.04686,1800.0
4080.8213831073163,0.0051473350425618,0.0102655010887714,0.04686,1800.0
4080.921942580354,0.0064288421915746,0.0095394822240791,0.04686,1800.0
4081.022502530229,0.0072445696585261,0.0089513629178038,0.04686,1800.0
4081.1230891829846,0.007258,0.008941,0.04686,1800.0
4081.223685610902,0.0021291552897586,0.0084696152999423,0.04686,1800.0
4081.3243697768567,-0.0052917048455587,0.0077875980731317,0.04686,1800.0
4081.424949277055,-0.0102583446887546,0.007331200899344,0.04686,1800.0
4081.52112470926,-0.01161,0.007207,0.04686,1800.0
4081.6217046862957,-0.0118966192660872,0.0066867338516911,0.04686,1800.0
4081.7222670203564,-0.0124411964697981,0.0055916955616757,0.04686,1800.0
4081.8173621779797,-0.0129340886662463,0.0043211891830535,0.04686,1800.0
4081.918058503282,-0.0133424769271622,0.0028517769131748,0.04686,1800.0
4082.0186446792004,-0.0135862439037059,0.0013840168673533,0.04686,1800.0
4082.1192043906567,-0.0136557834925193,-0.0001685819232677,0.04686,1800.0
4082.2197960502026,-0.0135572429174035,-0.0016167930787261,0.04686,1800.0
4082.32034884752,-0.013286255929264,-0.0031260705510465,0.04686,1800.0
4082.4208868628857,-0.0128603981978952,-0.0045554999892079,0.04686,1800.0
4082.5214565879223,-0.0122444753401568,-0.0059939039594233,0.04686,1800.0
4082.622021783006,-0.0115173967512214,-0.007303242692712,0.04686,1800.0
4082.722613919389,-0.0106430593664748,-0.0085179524236577,0.04686,1800.0
4082.8231831675885,-0.0096301541936454,-0.0096515480168286,0.04686,1800.0
4082.9237497931836,-0.0085086560640201,-0.0106618497222777,0.04686,1800.0
4083.0243271476147,-0.0073001264867122,-0.0115216924566654,0.04686,1800.0
4083.124896395814,-0.0060162007172605,-0.0122438243053635,0.04686,1800.0
4083.2154866343853,-0.0047231100928066,-0.0128208259569181,0.04686,1800.0
4083.316065896165,-0.0032659186463731,-0.0132552298714566,0.04686,1800.0
4083.416639435899,-0.0018227101964705,-0.0135288239946632,0.04686,1800.0
4083.517247546327,-0.0003546361357645,-0.0136397515322966,0.04686,1800.0
4083.618945229661,0.0011455158212083,-0.0135890253184715,0.04686,1800.0
4083.719516623628,0.0026993936213773,-0.0133702451106548,0.04686,1800.0
4083.820021975648,0.0041487088769957,-0.0129940791611661,0.04686,1800.0
4083.9205866938946,0.005539799693808,-0.0124579516110377,0.04686,1800.0
4084.0211557036755,0.0069065667213938,-0.0117565799658218,0.04686,1800.0
4084.121747124803,0.0081724025520557,-0.0109312314020763,0.04686,1800.0
4084.222311366212,0.0092893148226817,-0.0099806190473236,0.04686,1800.0
4084.322880375993,0.0103541141591431,-0.0088944188928332,0.04686,1800.0
4084.4234388953564,0.0112691531693982,-0.0077084566205431,0.04686,1800.0
4084.5240017062542,0.0120449201425162,-0.0064333683385296,0.04686,1800.0
4084.620174039018,0.0126568858844946,-0.0051223086521873,0.04686,1800.0
4084.7207397109387,0.0131300999433175,-0.003691209436305,0.04686,1800.0
4084.821291554582,0.0134543751250981,-0.0022481496826351,0.04686,1800.0
4084.9218724852917,0.0136152470331368,-0.000766433504186,0.04686,1800.0
4085.02245365442,0.0136095613384406,0.000792758837342,0.04686,1800.0
4085.1230307704327,0.0134354519239823,0.0023079067525818,0.04686,1800.0
4085.2235580569622,0.0131157711512062,0.0037410137193576,0.04686,1800.0
4085.3241292125103,0.0126229754650651,0.0051577972678369,0.04686,1800.0
4085.419118750703,0.0120151095759919,0.0064647213113188,0.04686,1800.0
4085.5207403785107,0.0112444072044349,0.0077529156903098,0.04686,1800.0
4085.6213101035473,0.0103115641993725,0.0089462263314845,0.04686,1800.0
4085.7221456652996,0.0092153390055021,0.0100807094274219,0.04686,1800.0
4085.822690117967,0.0081044603762791,0.0109884752407673,0.04686,1800.0
4085.92328225435,0.0068279691296047,0.0118117123589605,0.04686,1800.0
4086.0243385917065,0.0055050847074724,0.0124802211328654,0.04686,1800.0
4086.1249056941388,0.0041048836534727,0.0130074912486619,0.04686,1800.0
4086.2154282218335,0.00277070047979,0.0133483354329795,0.04686,1800.0
4086.3159857875225,0.0012780594299613,0.0135768003805388,0.04686,1800.0
4086.416572678697,-0.0002200725275599,0.0136404158103855,0.04686,1800.0
4086.522291768205,-0.0018211339303867,0.013519535713297,0.04686,1800.0
4086.622860777986,-0.0032567294380249,0.013250527201686,0.04686,1800.0
4086.7234445697186,-0.0047275208026145,0.0128076543282397,0.04686,1800.0
4086.8239887839673,-0.0060867814406913,0.0122217157203517,0.04686,1800.0
4086.924538720262,-0.0073902047990898,0.0114874316143793,0.04686,1800.0
4087.0251167899487,-0.008638767335331,0.0105660316636063,0.04686,1800.0
4087.1156285888073,-0.009618185857894,0.0096712046058806,0.04686,1800.0
4087.2162052279828,-0.0106451791799385,0.0085177384413301,0.04686,1800.0
4087.3167713767407,-0.0113534619278214,0.0075897067676652,0.04686,1800.0
4087.417333233964,-0.01161,0.007207,0.04686,1800.0
4087.5178106910107,-0.0115910132500444,0.0072098605273002,0.04686,1800.0
4087.6187127715466,-0.0095777326877504,0.0075164977022745,0.04686,1800.0
4087.7192822581646,-0.0029110910391279,0.0085320487838971,0.04686,1800.0
4087.8198631888745,0.0045690892936279,0.0096714816996607,0.04686,1800.0
4087.9204379207013,0.008347,0.0102469999999999,0.04686,1800.0
4088.0221978312848,0.0089967508691708,0.009667953095037,0.04686,1800.0
4088.1227651721356,0.0099933333921426,0.0086138422886696,0.04686,1800.0
4088.223341811311,0.0109094105262317,0.007413677688412,0.04686,1800.0
4088.3239241725323,0.0116778698447196,0.0061355650250022,0.04686,1800.0
4088.414432633531,0.0122343331108965,0.0049037848296905,0.04686,1800.0
4088.516652691972,0.0127267381557436,0.0034491543432141,0.04686,1800.0
4088.617213118684,0.0130364980169142,0.0019846084197809,0.04686,1800.0
4088.7196308261273,0.013176605777459,0.000466999408726,0.04686,1800.0
4088.82020627321,0.0131502700246356,-0.0010438743028776,0.04686,1800.0
4088.9207550174115,0.0129592685480999,-0.0025339151428873,0.04686,1800.0
4089.021311867845,0.012596799540197,-0.0039631651646523,0.04686,1800.0
4089.124132264268,0.0120299790804423,-0.0054459905183233,0.04686,1800.0
4089.2146226054547,0.0114284180776249,-0.0065990030270856,0.04686,1800.0
4089.3152030593274,0.0105769549100031,-0.007871531715006,0.04686,1800.0
4089.4157680159924,0.0096061272229688,-0.0090375971097942,0.04686,1800.0
4089.5163487082837,0.0085110366575468,-0.0100670159046694,0.04686,1800.0
4089.6168492919323,0.0073037830381634,-0.0109713509626805,0.04686,1800.0
4089.717422831666,0.0060126254064196,-0.011732815617545,0.04686,1800.0
4089.8179813510296,0.0046471960152252,-0.0123388626766238,0.04686,1800.0
4089.9147280341504,0.0032980031923851,-0.0127706514293165,0.04686,1800.0
4090.015283692491,0.0017906265952657,-0.0130779527051374,0.04686,1800.0
4090.115850318086,0.000265514178789,-0.0132090206162956,0.04686,1800.0
4090.2164183741925,-0.0012014881193915,-0.0131474882824159,0.04686,1800.0
4090.3169883376477,-0.0026654836309748,-0.0129279937850568,0.04686,1800.0
4090.4175568705914,-0.0041645277885991,-0.0125192000064376,0.04686,1800.0
4090.5181296950695,-0.0055496444715767,-0.0119601893286104,0.04686,1800.0
4090.61886321367,-0.0068944481348422,-0.0112323221654852,0.04686,1800.0
4090.7194234019635,-0.0081287227126934,-0.0103765683994614,0.04686,1800.0
4090.819986928117,-0.0092479626754917,-0.009384729570611,0.04686,1800.0
4090.9205928927777,-0.0102846067634794,-0.0082572109977605,0.04686,1800.0
4091.0239540225384,-0.011149279053044,-0.0070373682998202,0.04686,1800.0
4091.1155739909527,-0.0118311806140355,-0.0058529649041866,0.04686,1800.0
4091.216137040269,-0.0124479555692996,-0.0044252602755817,0.04686,1800.0
4091.3170775061963,-0.0128627150317445,-0.0030204328686957,0.04686,1800.0
4091.417641986024,-0.0131167746719101,-0.0014614957000619,0.04686,1800.0
4091.5182162410138,-0.0132012245423278,-3.6495848606432624e-05,0.04686,1800.0
4091.6188169604657,-0.013106573658236,0.0014727431561857,0.04686,1800.0
4091.7193893081067,-0.0128496940255511,0.0029357937741262,0.04686,1800.0
4091.819970000398,-0.012431401806848,0.0043713451837757,0.04686,1800.0
4091.9205347186444,-0.0118362346358902,0.0057949823898912,0.04686,1800.0
4092.0211034900067,-0.0110882010723027,0.007134048954799,0.04686,1800.0
4092.1217967158673,-0.010213941060531,0.0083400180789447,0.04686,1800.0
4092.223600018632,-0.0091984541963608,0.0094630760361443,0.04686,1800.0
4092.3155761844037,-0.0081878825058545,0.0103608220509701,0.04686,1800.0
4092.416170943391,-0.0069229590494014,0.0112584641299129,0.04686,1800.0
4092.5176561957715,-0.005550038311013,0.0119843741181143,0.04686,1800.0
4092.618220914018,-0.0041487665008571,0.0125234195573797,0.04686,1800.0
4092.718748915803,-0.0027063029372915,0.0129094512656481,0.04686,1800.0
4092.8193148261425,-0.0012091311001479,0.0131216296683238,0.04686,1800.0
4092.91986762346,0.0002961251732655,0.0131791710600128,0.04686,1800.0
4093.0204414016125,0.0017856531470362,0.0130617948064382,0.04686,1800.0
4093.1210030204174,0.0032542863679854,0.0127747830533293,0.04686,1800.0
4093.221566546571,0.0046908777502606,0.0123274598666455,0.04686,1800.0
4093.315309870851,0.0059748536635651,0.0117740669215661,0.04686,1800.0
4093.4158619529126,0.0072388077895073,0.0110466474409152,0.04686,1800.0
4093.5164190417645,0.0083020999979632,0.0102819857765339,0.04686,1800.0
4093.6169766074536,0.008347,0.010247,0.04686,1800.0
4093.717551100862,0.0083469999999999,0.010247,0.04686,0.0
