5156.228334556355,0.0084269999999999,-0.0247803999999999,0.05609,0.0
5156.328900466694,0.0084268058058195,-0.024778052015818,0.05609,0.0
5156.419376741184,0.0084241073811651,-0.0247454256086323,0.05609,0.0
5156.5199104650155,0.0081877619620727,-0.0218779229293254,0.05609,0.0
5156.621122489704,0.0078851696519039,-0.0182062943317179,0.05609,0.0
5156.721654067768,0.00755796394228,-0.0142359748469719,0.05609,0.0
5156.822218070759,0.0072342940904211,-0.0103085366513538,0.05609,0.0
5156.92279375626,0.0069198890724489,-0.0064936357850378,0.05609,0.0
5157.025306592716,0.006600405675439,-0.0026166362357892,0.05609,0.0
5157.126870046391,0.0062867081923924,0.00119043865893,0.05609,0.0
5157.227436671986,0.0059768923621355,0.0049495845759172,0.05609,0.0
5157.328031669392,0.0056619586903457,0.0087710002687287,0.05609,0.0
5157.428606639637,0.0053504188049967,0.0125510403900357,0.05609,0.0
5157.5191043718,0.0050675850536441,0.0159832138411845,0.05609,0.0
5157.619671474232,0.004979263014536,0.0170555127765574,0.05609,0.0
5157.7202864987985,0.0049699999999999,0.017168,0.05609,0.0
5157.820840488209,0.0049518408780515,0.0171730767437706,0.05609,0.0
5157.921412359013,0.0040681470035475,0.0173887580612946,0.05609,1800.0
5158.0222975118295,0.0026211743766989,0.0176574234417434,0.05609,1800.0
5158.12286485268,0.001119931738564,0.0178132399079141,0.05609,1800.0
5158.2234302861825,-0.0003694624562427,0.0178494557220011,0.05609,1800.0
5158.324001680149,-0.0018142839604165,0.0177587998835714,0.05609,1800.0
5158.4247692926065,-0.0032681701520827,0.0175406150479411,0.05609,1800.0
5158.525323758854,-0.0048453600839189,0.017191555815407,0.05609,1800.0
5158.625888000263,-0.0062391002425163,0.0167401554791663,0.05609,1800.0
5158.726437936558,-0.007624675918157,0.0161602905830862,0.05609,1800.0
5158.8270031316415,-0.0089756123120514,0.0154401149675981,0.05609,1800.0
5158.92757929398,-0.0102198691963677,0.0146412631342309,0.05609,1800.0
5159.028593192829,-0.0114275290016589,0.0137145463937373,0.05609,1800.0
5159.11909116341,-0.0124286925065132,0.012819309679683,0.05609,1800.0
5159.219601999058,-0.0134625870260372,0.0117245008061147,0.05609,1800.0
5159.320142875446,-0.014401835146052,0.0105474464233248,0.05609,1800.0
5159.420707593693,-0.0152342844857975,0.0092984276095295,0.05609,1800.0
5159.521273742451,-0.0159931343811375,0.0079528053952881,0.05609,1800.0
5159.623317132725,-0.0165774214605567,0.0066630982733761,0.05609,1800.0
5159.723883519901,-0.0169733749915428,0.0055837954251171,0.05609,1800.0
5159.824445138706,-0.0173719402702713,0.0041753932811111,0.05609,1800.0
5159.925010095371,-0.0176610198799186,0.0026282399102298,0.05609,1800.0
5160.0255466802255,-0.0177859096091595,0.0016181331425836,0.05609,1800.0
5160.126114736332,-0.0178502841768016,0.0002694964667919,0.05609,1800.0
5160.226681361927,-0.017818494656194,-0.0010797188998011,0.05609,1800.0
5160.32726348473,-0.0177153738842334,-0.0022368259256456,0.05609,1800.0
5160.427829871906,-0.01749145814149,-0.0035490308070509,0.05609,1800.0
5160.5284265382425,-0.0171285057727793,-0.0050266628611805,0.05609,1800.0
5160.6189698083535,-0.0167395526144071,-0.0062326954844572,0.05609,1800.0
5160.719566951527,-0.0162744574687746,-0.0073540582665515,0.05609,1800.0
5160.82559217049,-0.0155554021824735,-0.0087704876087434,0.05609,1800.0
5160.926115880741,-0.0148018508310501,-0.0099977379551593,0.05609,1800.0
5161.02666510178,-0.0138817526523558,-0.0112547787215747,0.05609,1800.0
5161.127228627934,-0.0128691782626409,-0.0123869859760318,0.05609,1800.0
5161.227810989155,-0.0118074272860823,-0.0133956541907386,0.05609,1800.0
5161.32837427689,-0.0106083452649258,-0.0143605759920371,0.05609,1800.0
5161.418911348118,-0.0094851983562591,-0.0151246942433764,0.05609,1800.0
5161.5195065839425,-0.0082002382762665,-0.0158605358340495,0.05609,1800.0
5161.620115409626,-0.006826958972495,-0.0164920286057554,0.05609,1800.0
5161.721295963062,-0.0053754497741153,-0.0170227519134929,0.05609,1800.0
5161.821838269962,-0.0039321808731658,-0.0174215542852734,0.05609,1800.0
5161.922397743,-0.002467584983784,-0.0176886446723388,0.05609,1800.0
5162.022973905338,-0.0009703918929889,-0.0178353447559606,0.05609,1800.0
5162.123543391956,0.0005389267325497,-0.017858718562777,0.05609,1800.0
5162.227246175541,0.002079466216804,-0.0177510425654407,0.05609,1800.0
5162.327823291554,0.0035720965467248,-0.017502349012796,0.05609,1800.0
5162.428373943104,0.0050165158158487,-0.0171392105444793,0.05609,1800.0
5162.518884788288,0.0062910918608916,-0.0167048404967908,0.05609,1800.0
5162.619499336018,0.0076597748971975,-0.0161281546288442,0.05609,1800.0
5162.72007645203,0.0089770050322307,-0.0153973926585761,0.05609,1800.0
5162.820652614369,0.0102564383782627,-0.0145673426093647,0.05609,1800.0
5162.922421108021,0.0114754607876263,-0.013674431438766,0.05609,1800.0
5163.022994647755,0.0125882936685959,-0.0126567458379847,0.05609,1800.0
5163.12357128693,0.013661743504627,-0.0115048176933553,0.05609,1800.0
5163.224130283131,0.0145426305980365,-0.0103698357429029,0.05609,1800.0
5163.324661861195,0.0153584673881619,-0.0091220174569177,0.05609,1800.0
5163.425221334232,0.0160745259030545,-0.0077957275806319,0.05609,1800.0
5163.525776515736,0.0166695578445097,-0.0064185836755356,0.05609,1800.0
5163.628566394581,0.0170560171662961,-0.0053260905278021,0.05609,1800.0
5163.719068895115,0.0173766787523222,-0.004087709457149,0.05609,1800.0
5163.819602380528,0.0176579426000637,-0.0025630768327689,0.05609,1800.0
5163.920198093189,0.0178206607791598,-0.0010340573807203,0.05609,1800.0
5164.020833860172,0.0178491016229059,0.0004447829202813,0.05609,1800.0
5164.121407399906,0.0177454292492827,0.0019328019668492,0.05609,1800.0
5164.221979509129,0.0175147825863981,0.003465574825432,0.05609,1800.0
5164.32238067223,0.0171941418225946,0.0048385971929201,0.05609,1800.0
5164.422939906849,0.0168002027632382,0.006082745983095,0.05609,1800.0
5164.523494611515,0.0162892939150295,0.0073440349789157,0.05609,1800.0
5164.6253157956735,0.0156148312141762,0.0086795472632573,0.05609,1800.0
5164.7258881433145,0.0148507037824959,0.0099172805428417,0.05609,1800.0
5164.826450000538,0.0139409342419211,0.0111511409567345,0.05609,1800.0
5164.927023063435,0.0129585440568134,0.0122785408082989,0.05609,1800.0
5165.020007501377,0.0119437051825436,0.0132658413021282,0.05609,1800.0
5165.120602737202,0.0107755067590559,0.014231380727436,0.05609,1800.0
5165.222033630146,0.009543336147152,0.0150833402902107,0.05609,1800.0
5165.322609554066,0.0082126144165263,0.015852206920236,0.05609,1800.0
5165.423179279102,0.0068528159096073,0.0164991144711896,0.05609,1800.0
5165.52374709679,0.0055868592943318,0.0169715857692463,0.05609,1800.0
5165.624280343784,0.0049699999999999,0.017168,0.05609,1800.0
5165.724985490574,0.0051305850411809,0.0164855135749811,0.05609,1800.0
5165.825566898121,0.006692920035611,0.0098479083401755,0.05609,1800.0
5165.926105867161,0.0083573832612419,0.002776674371119,0.05609,1800.0
5166.026685128941,0.0089519490034355,0.0002508329340471,0.05609,1800.0
5166.127248178257,0.009011,5.551115123125783e-17,0.05609,1800.0
5166.227851758732,0.0090028786222144,-0.0001462312080122,0.05609,1800.0
5166.3183602197305,0.0089256037829637,-0.000835159864916,0.05609,1800.0
5166.418957601322,0.0086823285904062,-0.0023272879816111,0.05609,1800.0
5166.519528995289,0.0081753088109645,-0.0037326979224944,0.05609,1800.0
5166.621722827686,0.0074383466692878,-0.0050491103001498,0.05609,1800.0
5166.722290406956,0.0064850056805562,-0.0062442961581781,0.05609,1800.0
5166.822880397572,0.0053457821291176,-0.0072242345185796,0.05609,1800.0
5166.9234522683755,0.0040156819901487,-0.008029348192319,0.05609,1800.0
5167.023939739002,0.002598475407825,-0.0085853153068792,0.05609,1800.0
5167.124508271946,0.0011495125836009,-0.0088973160104433,0.05609,1800.0
5167.225115667118,-0.0003183655834656,-0.0089567835488378,0.05609,1800.0
5167.325650583042,-0.0017811759678103,-0.008790108536106,0.05609,1800.0
5167.426214347614,-0.003221435828516,-0.0083654853741099,0.05609,1800.0
5167.526751409306,-0.004582998957378,-0.0077076092759408,0.05609,1800.0
5167.627327094807,-0.0058020740415043,-0.0068539223067936,0.05609,1800.0
5167.72788561417,-0.0068648058012385,-0.0057807970102017,0.05609,1800.0
5167.818399081959,-0.0076676760355062,-0.0047201673499324,0.05609,1800.0
5167.91896308495,-0.0083378631815518,-0.0033643196767793,0.05609,1800.0
5168.023253570332,-0.0087980332675429,-0.0018518996755956,0.05609,1800.0
5168.123819003834,-0.0089645973506633,-0.0003014758236551,0.05609,1800.0
5168.224383960499,-0.0089076931514392,0.0011363688582072,0.05609,1800.0
5168.324961553349,-0.0085807013389305,0.0025944070431689,0.05609,1800.0
5168.425480495228,-0.0080294847287654,0.0039828608445611,0.05609,1800.0
5168.526065240635,-0.0072471084554401,0.0052734847537708,0.05609,1800.0
5168.626635919346,-0.0062299949375378,0.0064449461722762,0.05609,1800.0
5168.727204690708,-0.0050691405134678,0.0074080006036521,0.05609,1800.0
5168.827732454075,-0.0038199022681854,0.0081229572830354,0.05609,1800.0
5168.928297172321,-0.002410779261584,0.0086466349312478,0.05609,1800.0
5169.01879561974,-0.0010080658804344,0.0089372585132873,0.05609,1800.0
5169.119357238545,0.0004412127734286,0.0089777974330609,0.05609,1800.0
5169.221302877201,0.0020001360586965,0.0087530649964368,0.05609,1800.0
5169.321878562702,0.0034170169660844,0.0082954323312788,0.05609,1800.0
5169.42465795113,0.0047789516276906,0.0075960523960171,0.05609,1800.0
5169.525804887547,0.0059446086736062,0.0067166010626453,0.05609,1800.0
5169.626380096211,0.0069796981956015,0.005612867049956,0.05609,1800.0
5169.726916681065,0.0078484648763375,0.0043323191021131,0.05609,1800.0
5169.827862392201,0.0084717509094652,0.0029561191981544,0.05609,1800.0
5169.918380151524,0.0088204792774722,0.0016729821268209,0.05609,1800.0
5170.018908868565,0.008993907819624,0.0003092616386768,0.05609,1800.0
5170.119495759739,0.009011,5.551115123125783e-17,0.05609,1800.0
5170.220058332218,0.010033669655373,0.0019026206297261,0.05609,1800.0
5170.3208633763925,0.0130020084692768,0.0074250249790845,0.05609,1800.0
5170.421440969242,0.0136324563571985,0.0085979057330199,0.05609,1800.0
5170.522024999394,0.0136609999999999,0.0086509999999999,0.05609,1800.0
5170.622617612614,0.0136393045973478,0.0086861207755804,0.05609,1800.0
5170.723205695881,0.0132341198998199,0.009265274539763,0.05609,1800.0
5170.823767791523,0.0123524651162739,0.0104013047485619,0.05609,1800.0
5170.924355636372,0.0113357742809086,0.0115051599731579,0.05609,1800.0
5171.024911294712,0.0102279921260092,0.0125021139899325,0.05609,1800.0
5171.121360431446,0.0090821540952952,0.0133650659916471,0.05609,1800.0
5171.22267569138,0.0078143729325893,0.0141479874422688,0.05609,1800.0
5171.3232413633,0.0064707590680647,0.0148188106316857,0.05609,1800.0
5171.423823247685,0.0049731344665603,0.0153762179200949,0.05609,1800.0
5171.524395595326,0.0035474444887579,0.015762467641267,0.05609,1800.0
5171.624970088734,0.0020885039267382,0.0160190261188467,0.05609,1800.0
5171.725502858891,0.0005714547910263,0.0161385110538508,0.05609,1800.0
5171.826040874256,-0.0009318770221483,0.0161209677182793,0.05609,1800.0
5171.916564117207,-0.0022709249186168,0.0159902876474642,0.05609,1800.0
5172.017132173313,-0.0037725116616556,0.0157015570599245,0.05609,1800.0
5172.117704044117,-0.0052511916914391,0.0152775415841871,0.05609,1800.0
5172.219379792942,-0.0066402961750852,0.0147304154112961,0.05609,1800.0
5172.319934020771,-0.007971666867979,0.0140586933105663,0.05609,1800.0
5172.420511375202,-0.0092175580683457,0.0132841070498713,0.05609,1800.0
5172.524327169193,-0.0104418182411828,0.0123383053271325,0.05609,1800.0
5172.624897847904,-0.0115631456128475,0.0112955754432829,0.05609,1800.0
5172.7254706723825,-0.0125970758695123,0.0101065619270694,0.05609,1800.0
5172.826038728489,-0.0134856442907676,0.008892148800393,0.05609,1800.0
5172.9165591104165,-0.0141589785017655,0.0077711482231158,0.05609,1800.0
5173.017145763172,-0.0148075941948444,0.0064372304769669,0.05609,1800.0
5173.1177293164865,-0.0153500992137251,0.0050220948835048,0.05609,1800.0
5173.219082723393,-0.0157512354890937,0.0035708590252698,0.05609,1800.0
5173.319642911686,-0.0160142832361902,0.002089177309527,0.05609,1800.0
5173.420206676258,-0.0161477077642079,0.0005530983076475,0.05609,1800.0
5173.520780215992,-0.0161337016013573,-0.0009166252544804,0.05609,1800.0
5173.621349225773,-0.0159695235959796,-0.0024899025411501,0.05609,1800.0
5173.72192729546,-0.0156717112148923,-0.003979141055531,0.05609,1800.0
5173.822491775288,-0.0152454345209456,-0.0053540991231271,0.05609,1800.0
5173.926536689533,-0.0146335211138903,-0.0068378762637389,0.05609,1800.0
5174.017020593418,-0.0139953524413474,-0.008053960844594,0.05609,1800.0
5174.117568383946,-0.0131946972428192,-0.0093098167181437,0.05609,1800.0
5174.218325267567,-0.0122928012517606,-0.0104766516887777,0.05609,1800.0
5174.318887840046,-0.0112743106716984,-0.0115636810493247,0.05609,1800.0
5174.419414888157,-0.0101515252544834,-0.0125628574042678,0.05609,1800.0
5174.519969354405,-0.0089539381555536,-0.0134462692201652,0.05609,1800.0
5174.620533595814,-0.007633988608166,-0.0142424131719616,0.05609,1800.0
5174.721109281315,-0.0062496832516699,-0.0149067907300448,0.05609,1800.0
5174.821674476399,-0.0048338586510688,-0.0154308804993281,0.05609,1800.0
5174.9223188264505,-0.0033965411449052,-0.015799128440715,0.05609,1800.0
5175.022899280323,-0.0018968549506465,-0.0160409111874277,0.05609,1800.0
5175.12341869904,-0.0004080352230576,-0.0161473796043413,0.05609,1800.0
5175.2239831788675,0.0011244630154726,-0.0161091532349929,0.05609,1800.0
5175.3221067292825,0.0025940966878224,-0.0159426819210696,0.05609,1800.0
5175.422670970692,0.0040544444601536,-0.015630626035879,0.05609,1800.0
5175.523186574711,0.005480011266232,-0.0151931120406665,0.05609,1800.0
5175.623746763004,0.0068605800674597,-0.0146226522667123,0.05609,1800.0
5175.724321494831,0.0082028385357858,-0.0139155121131113,0.05609,1800.0
5175.818019519581,0.0093815846075116,-0.0131631087320117,0.05609,1800.0
5175.918585668339,0.0105347228650685,-0.01226808545181,0.05609,1800.0
5176.01916135384,0.0116192815848603,-0.0112288106965466,0.05609,1800.0
5176.119727025761,0.0126288780950469,-0.0100801536675291,0.05609,1800.0
5176.220296750797,0.0135449730724821,-0.0087971785877616,0.05609,1800.0
5176.320861230625,0.0142836866463728,-0.0075359455162478,0.05609,1800.0
5176.421426425709,0.0149265382909856,-0.0061584042287511,0.05609,1800.0
5176.522000203861,0.0154336118701416,-0.0047494171082624,0.05609,1800.0
5176.622522483601,0.015805384119632,-0.0032998602207646,0.05609,1800.0
5176.723081479801,0.0160487829949086,-0.0017941390455604,0.05609,1800.0
5176.823652158512,0.0161464905801761,-0.0003184708127034,0.05609,1800.0
5176.924229274525,0.0161073315111663,0.0011891398335475,0.05609,1800.0
5177.024801383747,0.0159360303019818,0.0026779829322304,0.05609,1800.0
5177.125374208225,0.0156047000865757,0.004209022745292,0.05609,1800.0
5177.227098117603,0.0151567831652693,0.0056259660193713,0.05609,1800.0
5177.318766961826,0.0145949228998256,0.0069179314585735,0.05609,1800.0
5177.419306884541,0.0139368473260011,0.008168594811224,0.05609,1800.0
5177.519868980183,0.0136929125775944,0.0085979314919061,0.05609,1800.0
5177.6204420430795,0.0136609999999999,0.0086509999999999,0.05609,1800.0
5177.721008191837,0.0129953772054778,0.006697057811373,0.05609,1800.0
5177.821592221989,0.0116776462201096,0.0028288251838947,0.05609,1800.0
5177.92216456963,0.010714,5.551115123125783e-17,0.05609,1800.0
5178.0227104528085,0.0107059648458761,-0.0001347524137032,0.05609,1800.0
5178.123271594776,0.0106361622722645,-0.0011283905762868,0.05609,1800.0
5178.224170575871,0.0103977890506936,-0.0025595610511088,0.05609,1800.0
5178.324755559696,0.0099157926576298,-0.00400092081471,0.05609,1800.0
5178.425307164921,0.0092658553654727,-0.0053203035088336,0.05609,1800.0
5178.528429160847,0.0083938172710633,-0.00660089368884,0.05609,1800.0
5178.618935714497,0.0074457472596918,-0.0076461247783826,0.05609,1800.0
5178.720342527165,0.006267399761737,-0.0086363392848518,0.05609,1800.0
5178.820910106434,0.0050318991370802,-0.0094114305383851,0.05609,1800.0
5178.921446929707,0.0036698553798248,-0.0100159280339875,0.05609,1800.0
5179.022019038929,0.0021983282951751,-0.0104462999498908,0.05609,1800.0
5179.122596154942,0.0007616458066863,-0.0106635564314833,0.05609,1800.0
5179.223164449467,-0.0008160345335989,-0.0106590494221066,0.05609,1800.0
5179.323737750782,-0.0023085631278404,-0.0104458053764606,0.05609,1800.0
5179.424776922001,-0.0037517836888862,-0.0100184333829115,0.05609,1800.0
5179.525315891041,-0.0051211069847207,-0.0093825289848697,0.05609,1800.0
5179.6258839471475,-0.0063764687650286,-0.0085786336558513,0.05609,1800.0
5179.71639336182,-0.0073920506076818,-0.0076939356387146,0.05609,1800.0
5179.816981683506,-0.0083840417332291,-0.006597318291048,0.05609,1800.0
5179.919685731663,-0.0092340975869829,-0.0053443750944697,0.05609,1800.0
5180.020491014256,-0.0098992681959335,-0.0040046977328182,0.05609,1800.0
5180.121055732502,-0.010356846187037,-0.0025604395938677,0.05609,1800.0
5180.221619020237,-0.0106287993368395,-0.0010413141913567,0.05609,1800.0
5180.322186122669,-0.0106726002862514,0.0004491055446228,0.05609,1800.0
5180.423279176487,-0.0105085447761004,0.0019810635255861,0.05609,1800.0
5180.523846040501,-0.010141858240133,0.0034188072137538,0.05609,1800.0
5180.624408136143,-0.0095458629480282,0.0048181623682466,0.05609,1800.0
5180.724965463413,-0.0087764318422727,0.0060834370338838,0.05609,1800.0
5180.8255292279855,-0.0078376222915967,0.007260052089586,0.05609,1800.0
5180.916059146656,-0.0068374709726148,0.0081952860835974,0.05609,1800.0
5181.016563545002,-0.0056309110721026,0.0090616903614347,0.05609,1800.0
5181.117097984089,-0.0043217482773106,0.0097567561436888,0.05609,1800.0
5181.217660079731,-0.0028895962359783,0.0102703880416581,0.05609,1800.0
5181.318228851093,-0.0014078404977448,0.010585237892783,0.05609,1800.0
5181.418935189976,7.538021710266907e-05,0.0106893573708476,0.05609,1800.0
5181.519497762455,0.0016226310127132,0.0105627394994185,0.05609,1800.0
5181.620038638844,0.0030275750995936,0.0102551085984274,0.05609,1800.0
5181.720587144627,0.0044671800105657,0.0097201209055691,0.05609,1800.0
5181.824341903462,0.0058228492510818,0.0089771412591575,0.05609,1800.0
5181.924897084965,0.0069934858423548,0.0080765525953732,0.05609,1800.0
5182.025403152241,0.0080789926118826,0.0069770159901357,0.05609,1800.0
5182.125978599323,0.0089723194880811,0.0057875912660843,0.05609,1800.0
5182.216452966465,0.009612012594705,0.0046354032672755,0.05609,1800.0
5182.316994081272,0.0101691604368649,0.0032561464599724,0.05609,1800.0
5182.417533765568,0.0105225325850703,0.0017747314391727,0.05609,1800.0
5182.518087278141,0.010683410962929,0.0005230211854104,0.05609,1800.0
5182.618619094624,0.010714,5.551115123125783e-17,0.05609,1800.0
5182.719181667103,0.0106959173178095,6.063994732330436e-05,0.05609,1800.0
5182.819752107395,0.01035743536648,0.0011957330426033,0.05609,1800.0
5182.920338283314,0.0081815579606496,0.0084942876580612,0.05609,1800.0
5183.020845065846,0.007103228298907,0.0121114934123419,0.05609,1800.0
5183.121409068836,0.006926,0.0127059999999999,0.05609,1800.0
5183.2119692666665,0.006340506327229,0.0129957529318543,0.05609,1800.0
5183.312535892262,0.0051541752768515,0.0134940195956648,0.05609,1800.0
5183.413138995899,0.0037344378037043,0.0139582795992518,0.05609,1800.0
5183.513722787632,0.0022815350961906,0.0142686143855317,0.05609,1800.0
5183.614285360111,0.0008070491050619,0.014429558931279,0.05609,1800.0
5183.714855323567,-0.0007130546627218,0.014442704256945,0.05609,1800.0
5183.815409789814,-0.0022148783149138,0.0142900401826214,0.05609,1800.0
5183.915989528431,-0.0036967002212545,0.0139872248711839,0.05609,1800.0
5184.0165451867715,-0.0051318272279635,0.0135216231699192,0.05609,1800.0
5184.117140899433,-0.0064588386309598,0.0129321644597928,0.05609,1800.0
5184.217712770237,-0.0077733593199159,0.0121820751753016,0.05609,1800.0
5184.318295608296,-0.009028740786122,0.0112774482000451,0.05609,1800.0
5184.418865810169,-0.0101458403852098,0.0102869014205098,0.05609,1800.0
5184.519442687763,-0.0111433386946261,0.009191927182441,0.05609,1800.0
5184.62001575066,-0.0120448434284104,0.0079722792577781,0.05609,1800.0
5184.720614801182,-0.0128161563902091,0.006671998204025,0.05609,1800.0
5184.821181426777,-0.0134335169411396,0.005325510938105,0.05609,1800.0
5184.913049588932,-0.0138896211428542,0.004013680695087,0.05609,1800.0
5185.013626943363,-0.0142379131351962,0.0025799890076813,0.05609,1800.0
5185.1141878469125,-0.0144208587490284,0.0010467042502242,0.05609,1800.0
5185.214896331562,-0.0144466825091009,-0.0005264474326983,0.05609,1800.0
5185.315472255482,-0.0143111634690424,-0.0019979968148237,0.05609,1800.0
5185.416035304798,-0.0140267472110449,-0.0034689187291615,0.05609,1800.0
5185.516605506672,-0.013595394314641,-0.0048820986233946,0.05609,1800.0
5185.617159257664,-0.0130276085540669,-0.0062436925394248,0.05609,1800.0
5185.7177261216775,-0.0122893156665958,-0.007582712258175,0.05609,1800.0
5185.818290839924,-0.0114328946581867,-0.0088383064375892,0.05609,1800.0
5185.918876300587,-0.0104715068605975,-0.0099546525022436,0.05609,1800.0
5186.019452462925,-0.0093562488291991,-0.0110197458745388,0.05609,1800.0
5186.12002075745,-0.0082011476870429,-0.0119058695714327,0.05609,1800.0
5186.22058666779,-0.0068718189264918,-0.0127277015536719,0.05609,1800.0
5186.316192756428,-0.0056326155236139,-0.0133246752439455,0.05609,1800.0
5186.416751037373,-0.0042092032334139,-0.0138299040228017,0.05609,1800.0
5186.517322192921,-0.0026938291493393,-0.0142009201873068,0.05609,1800.0
5186.6178952558175,-0.0011804586931954,-0.0143998035270014,0.05609,1800.0
5186.718459974064,0.0002795813434865,-0.0144478528809663,0.05609,1800.0
5186.819020400776,0.0017795190849417,-0.0143369633560485,0.05609,1800.0
5186.919591079487,0.0032937135270905,-0.0140646617464124,0.05609,1800.0
5187.020125041737,0.0047315035847566,-0.0136529509371826,0.05609,1800.0
5187.120705972447,0.0061046132278671,-0.0130963729768222,0.05609,1800.0
5187.221295486225,0.0074442288179157,-0.012389951171372,0.05609,1800.0
5187.311835418476,0.0085608773921587,-0.0116616391222192,0.05609,1800.0
5187.41239894463,0.0097122920709491,-0.0107141466975558,0.05609,1800.0
5187.512963901295,0.0107900011045665,-0.0096226596814625,0.05609,1800.0
5187.613536248936,0.0117236700096803,-0.0084538004101376,0.05609,1800.0
5187.717877994312,0.0125132753017287,-0.0072355990708116,0.05609,1800.0
5187.818404327168,0.013098943820441,-0.0061056734670896,0.05609,1800.0
5187.918963323368,0.0136247091337008,-0.0047984330931452,0.05609,1800.0
5188.019531617893,0.0140513781441935,-0.0033581921464619,0.05609,1800.0
5188.12009800507,0.014318944272336,-0.0018813913186739,0.05609,1800.0
5188.220670114292,0.0144426289698514,-0.0003819220409729,0.05609,1800.0
5188.321220050587,0.0143978025093733,0.0011264015861212,0.05609,1800.0
5188.411750922932,0.0142396015511719,0.0025168898473533,0.05609,1800.0
5188.512306104435,0.0139405584895822,0.0038595917565679,0.05609,1800.0
5188.612839589848,0.0136365353378042,0.0048221269487012,0.05609,1800.0
5188.71428931786,0.013048059959471,0.0062137676627883,0.05609,1800.0
5188.814838777317,0.0126196861017793,0.007063877799304,0.05609,1800.0
5188.915395866169,0.0121696413198247,0.0078117938532227,0.05609,1800.0
5189.0158926351205,0.0114096285518061,0.008859349293712,0.05609,1800.0
5189.1148840291635,0.0104502244387338,0.0099748456976495,0.05609,1800.0
5189.215443025364,0.0093579770009996,0.0110036785576469,0.05609,1800.0
5189.31598771645,0.0081722660274191,0.0119179378293378,0.05609,1800.0
5189.416553626789,0.0072165392915484,0.0125384992097115,0.05609,1800.0
5189.517102132572,0.006926,0.0127059999999999,0.05609,1800.0
5189.620142112507,0.0070749772163961,0.0123612392723551,0.05609,1800.0
5189.720703731312,0.0079949150789099,0.0102323612798883,0.05609,1800.0
5189.82126320435,0.0110904460003021,0.0030695021516361,0.05609,1800.0
5189.9117726190225,0.0121564697166162,0.0006028388332438,0.05609,1800.0
5190.012346397175,0.0124169999999999,5.551115123125783e-17,0.05609,1800.0
5190.112922797932,0.0124158804427596,-1.9654449331329985e-05,0.05609,1800.0
5190.213589797749,0.0123725646543257,-0.0007390965552351,0.05609,1800.0
5190.314942966236,0.0122031814322127,-0.0021266010058801,0.05609,1800.0
5190.415486703648,0.0118442069628816,-0.0036070421723016,0.05609,1800.0
5190.51604879929,0.0113094471936359,-0.0050349180856072,0.05609,1800.0
5190.616608987583,0.0106100300814233,-0.0063899389726668,0.05609,1800.0
5190.71721232964,0.0098007414749177,-0.0075798981960785,0.05609,1800.0
5190.817770849003,0.0088025298690073,-0.0087267294020363,0.05609,1800.0
5190.918353448643,0.0076308335604646,-0.0097713586546239,0.05609,1800.0
5191.020475517048,0.0063583638178787,-0.0106353179380627,0.05609,1800.0
5191.121052633061,0.0050884765981985,-0.0112907299026973,0.05609,1800.0
5191.211567769779,0.0037911385233418,-0.0117769683739423,0.05609,1800.0
5191.312093864216,0.0023071535609201,-0.0121535832255086,0.05609,1800.0
5191.412672649159,0.0008333080969614,-0.0123477536979811,0.05609,1800.0
5191.513239751591,-0.0006612965158666,-0.0123577045391101,0.05609,1800.0
5191.61379397942,-0.0021566207902324,-0.0121945455743894,0.05609,1800.0
5191.714357982411,-0.003592799457141,-0.011850531588852,0.05609,1800.0
5191.814912925495,-0.0049990422283025,-0.0113335445598223,0.05609,1800.0
5191.916006694569,-0.0063739676075665,-0.010631614983444,0.05609,1800.0
5192.01657403542,-0.007605486647035,-0.0097938579982542,0.05609,1800.0
5192.117101798786,-0.0087480887105766,-0.0087977155954573,0.05609,1800.0
5192.217665086521,-0.0097431101942994,-0.0076553376613255,0.05609,1800.0
5192.323032031788,-0.0106316057520749,-0.006349177928615,0.05609,1800.0
5192.413554797901,-0.0112526396881022,-0.0051556811575037,0.05609,1800.0
5192.51406873299,-0.0117894405925311,-0.0037507427372633,0.05609,1800.0
5192.614629874958,-0.0121590407412262,-0.0023014261350901,0.05609,1800.0
5192.715201030506,-0.0123440131098599,-0.0008210371867246,0.05609,1800.0
5192.815760026707,-0.012353853524883,0.0007067944955898,0.05609,1800.0
5192.916321168675,-0.0121779680804959,0.0022255179454471,0.05609,1800.0
5193.016871581806,-0.0118437096859718,0.0036378899273343,0.05609,1800.0
5193.1158079011575,-0.011323151532427,0.0050318098744343,0.05609,1800.0
5193.216337810291,-0.0106025430027163,0.0064349248052593,0.05609,1800.0
5193.316892991795,-0.0097488067346488,0.0076760866456224,0.05609,1800.0
5193.417453180088,-0.0087931260223614,0.0087405665152202,0.05609,1800.0
5193.524670730366,-0.0075316237728544,0.009829126630832,0.05609,1800.0
5193.615160117878,-0.00639101436561,0.0106032454396496,0.05609,1800.0
5193.715711007847,-0.005083960596376,0.0112895904592305,0.05609,1800.0
5193.816230664982,-0.003675621774809,0.011817308132736,0.05609,1800.0
5193.916787515415,-0.0022394394464783,0.0121727397195298,0.05609,1800.0
5194.017346034779,-0.0007751410848534,0.0123455862438221,0.05609,1800.0
5194.117906699909,0.0007746177079923,0.0123548529284566,0.05609,1800.0
5194.21846068932,0.0022512876812436,0.0121743298347297,0.05609,1800.0
5194.31918586327,0.003669778970579,0.0118275534939588,0.05609,1800.0
5194.419747720493,0.0051387253393578,0.0112851934022833,0.05609,1800.0
5194.520307193531,0.0064328504625516,0.0105971051780534,0.05609,1800.0
5194.6208776338235,0.007703528874073,0.0097097791776945,0.05609,1800.0
5194.721463809742,0.0087791541609713,0.0087439641898447,0.05609,1800.0
5194.811981330647,0.0096983079348142,0.0076929637845834,0.05609,1800.0
5194.912511716618,0.0105728365075905,0.0064348554461879,0.05609,1800.0
5195.013058791889,0.0112654679487359,0.0051422003965616,0.05609,1800.0
5195.115139375462,0.0118057816338464,0.003731004422163,0.05609,1800.0
5195.215695749058,0.012174834327253,0.00224420982795,0.05609,1800.0
5195.316189656986,0.0123656457379684,0.0008628793887857,0.05609,1800.0
5195.417381177677,0.0124169999999999,1.1102230246251563e-16,0.05609,1800.0
5195.517958532108,0.0124169999999999,5.551115123125783e-17,0.05609,0.0
