6213.399103164673,0.015825000000000006,-0.006141999999999981,0.01491,1800.0
6213.49919962883,0.016008800000000004,-0.005609699999999995,0.01491,1800.0
6213.599183559418,0.016487699999999994,-0.004000599999999965,0.01491,1800.0
6213.699121952057,0.01680609999999999,-0.0023522000000000265,0.01491,1800.0
6213.799128293991,0.01694989999999999,-0.0006792999999999938,0.01491,1800.0
6213.899078369141,0.016937999999999995,0.0009994999999999865,0.01491,1800.0
6213.999052524567,0.016797099999999995,0.0024319999999999897,0.01491,1800.0
6214.09916138649,0.016797099999999995,0.0024319999999999897,0.01491,1800.0
6214.19913649559,0.016467499999999996,0.0040784000000000376,0.01491,1800.0
6214.299154996872,0.0159826,0.005685700000000016,0.01491,1800.0
6214.399204969406,0.015351600000000007,0.007241600000000015,0.01491,1800.0
6214.4990446567535,0.0145531,0.00871860000000002,0.01491,1800.0
6214.599060297012,0.013690000000000008,0.010016800000000048,0.01491,1800.0
6214.69904756546,0.012637700000000002,0.011325200000000035,0.01491,1800.0
6214.799100399017,0.011544600000000002,0.012436800000000026,0.01491,1800.0
6214.899146318436,0.010160000000000002,0.013585100000000017,0.01491,1800.0
6214.999064207077,0.008871799999999999,0.014463300000000068,0.01491,1800.0
6215.099050283432,0.007399900000000001,0.015270700000000026,0.01491,1800.0
6215.199216604233,0.007399900000000001,0.015270700000000026,0.01491,1800.0
6215.2991807460785,0.005965299999999993,0.01588120000000004,0.01491,1800.0
6215.399152994156,0.004366999999999996,0.016395099999999996,0.01491,1800.0
6215.499304294586,0.002726499999999993,0.0167524,0.01491,1800.0
6215.599187374115,0.0011767999999999917,0.016924400000000006,0.01491,1800.0
6215.699158906937,-0.0005017000000000077,0.016957100000000003,0.01491,1800.0
6215.799392938614,-0.002176300000000006,0.01683490000000004,0.01491,1800.0
6215.89919257164,-0.0037105000000000055,0.016555900000000012,0.01491,1800.0
6215.99911403656,-0.005327999999999999,0.016105900000000006,0.01491,1800.0
6216.099190711975,-0.006785599999999989,0.01555289999999998,0.01491,1800.0
6216.199185848236,-0.008289499999999991,0.014806600000000059,0.01491,1800.0
6216.299144268036,-0.009709099999999998,0.01391020000000004,0.01491,1800.0
6216.399473905563,-0.009709099999999998,0.01391020000000004,0.01491,1800.0
6216.499136686325,-0.010946800000000007,0.012962299999999982,0.01491,1800.0
6216.599190235138,-0.012177499999999994,0.011820400000000064,0.01491,1800.0
6216.699102401733,-0.013280399999999998,0.010554300000000016,0.01491,1800.0
6216.799156665802,-0.01426129999999999,0.00919190000000003,0.01491,1800.0
6216.899335861206,-0.015051599999999998,0.007847700000000013,0.01491,1800.0
6216.999297142029,-0.0157442,0.006318000000000046,0.01491,1800.0
6217.099196910858,-0.016326599999999997,0.004616100000000012,0.01491,1800.0
6217.199125051498,-0.01668929999999999,0.00309959999999998,0.01491,1800.0
6217.299164772034,-0.016894999999999993,0.0015539000000000525,0.01491,1800.0
6217.39911365509,-0.016962999999999992,-0.00012359999999994598,0.01491,1800.0
6217.499048233032,-0.016876799999999997,-0.0018003999999999798,0.01491,1800.0
6217.599131822586,-0.016876799999999997,-0.0018003999999999798,0.01491,1800.0
6217.699125528336,-0.016635799999999992,-0.00334089999999998,0.01491,1800.0
6217.7992968559265,-0.016219799999999993,-0.004967399999999955,0.01491,1800.0
6217.899163246155,-0.0156983,-0.006436599999999959,0.01491,1800.0
6217.999430894852,-0.01492940000000001,-0.00806239999999997,0.01491,1800.0
6218.099284172058,-0.014123499999999997,-0.009396999999999989,0.01491,1800.0
6218.199294805527,-0.013127699999999992,-0.010748599999999997,0.01491,1800.0
6218.299106121063,-0.012090899999999988,-0.011913399999999963,0.01491,1800.0
6218.399185180664,-0.010848300000000005,-0.013042699999999963,0.01491,1800.0
6218.499177455902,-0.0096049,-0.013983100000000026,0.01491,1800.0
6218.599102020264,-0.008180299999999988,-0.014871599999999985,0.01491,1800.0
6218.699117898941,-0.008180299999999988,-0.014871599999999985,0.01491,1800.0
6218.799685239792,-0.006667999999999993,-0.015601099999999979,0.01491,1800.0
6218.89911365509,-0.005207100000000006,-0.016145200000000026,0.01491,1800.0
6218.999196767807,-0.003587099999999996,-0.016586099999999993,0.01491,1800.0
6219.099064826965,-0.0018108999999999903,-0.01686909999999997,0.01491,1800.0
6219.199172973633,-0.0003746999999999917,-0.016959500000000016,0.01491,1800.0
6219.2992486953735,0.0014234999999999942,-0.016910799999999948,0.01491,1800.0
6219.3991730213165,0.002969500000000014,-0.016708600000000018,0.01491,1800.0
6219.499142169952,0.0046046,-0.016327599999999998,0.01491,1800.0
6219.599159955978,0.0060846000000000094,-0.01583759999999995,0.01491,1800.0
6219.699183940887,0.00762270000000001,-0.01516449999999997,0.01491,1800.0
6219.799090623856,0.009079400000000001,-0.014329399999999992,0.01491,1800.0
6219.899146795273,0.009079400000000001,-0.014329399999999992,0.01491,1800.0
6219.999168872833,0.010356900000000002,-0.013435899999999945,0.01491,1800.0
6220.09912276268,0.011640200000000003,-0.012353199999999953,0.01491,1800.0
6220.199144124985,0.0127974,-0.0111367,0.01491,1800.0
6220.299055814743,0.013835199999999992,-0.009816999999999965,0.01491,1800.0
6220.399144649506,0.014683199999999993,-0.008508599999999977,0.01491,1800.0
6220.499056100845,0.015401600000000001,-0.007124799999999931,0.01491,1800.0
6220.599052429199,0.015825000000000006,-0.006141999999999981,0.01491,1800.0
6220.699140787125,0.015825000000000006,-0.006141999999999981,0.01491,1800.0
6220.799460411072,0.015144100000000008,-0.006039599999999978,0.01491,1800.0
6220.899858474731,0.007566300000000012,-0.004898899999999984,0.01491,0.0
6220.999170064926,-0.0010233999999999938,-0.0036058999999999952,0.01491,0.0
6221.299157619476,-0.009631999999999988,-0.0023099999999999787,0.01491,0.0
6221.399231910706,-0.009631999999999988,-0.0023099999999999787,0.01491,1800.0
6221.4991364479065,-0.009719099999999994,-0.001876700000000009,0.01491,1800.0
6221.5991179943085,-0.009886199999999998,-0.0004484999999999628,0.01491,1800.0
6221.6991374492645,-0.009845599999999996,0.0011089000000000238,0.01491,1800.0
6221.799184560776,-0.009504899999999997,0.002751400000000015,0.01491,1800.0
6221.899098873138,-0.008917300000000003,0.00432260000000001,0.01491,1800.0
6221.999216556549,-0.008047899999999997,0.005757400000000024,0.01491,1800.0
6222.0991468429565,-0.007053599999999993,0.006956600000000035,0.01491,1800.0
6222.199182987213,-0.007053599999999993,0.006956600000000035,0.01491,1800.0
6222.299102067947,-0.0057718999999999965,0.008038300000000054,0.01491,1800.0
6222.39915060997,-0.004337399999999991,0.00890810000000003,0.01491,1800.0
6222.499200344086,-0.002883499999999997,0.009467500000000018,0.01491,1800.0
6222.59924030304,-0.0011262000000000078,0.009844799999999987,0.01491,1800.0
6222.699291706085,0.00043140000000001233,0.00988739999999999,0.01491,1800.0
6222.799055814743,0.0019779000000000047,0.009701499999999974,0.01491,1800.0
6222.899045944214,0.0035855000000000053,0.009225800000000006,0.01491,1800.0
6222.9994764328,0.0050937000000000066,0.008491400000000038,0.01491,1800.0
6223.099135160446,0.006540199999999996,0.007426400000000055,0.01491,1800.0
6223.199179649353,0.00755030000000001,0.006402900000000045,0.01491,1800.0
6223.29917883873,0.008522500000000002,0.005036900000000066,0.01491,1800.0
6223.399129152298,0.008522500000000002,0.005036900000000066,0.01491,1800.0
6223.499054193497,0.009250899999999992,0.0035257000000000205,0.01491,1800.0
6223.599138259888,0.009692000000000006,0.002032099999999981,0.01491,1800.0
6223.699171304703,0.009890300000000005,0.0003666000000000502,0.01491,1800.0
6223.79917883873,0.009794999999999998,-0.0014263999999999388,0.01491,1800.0
6223.899160861969,0.0094833,-0.002829999999999999,0.01491,1800.0
6223.999201059341,0.008877999999999997,-0.004394199999999959,0.01491,1800.0
6224.099160432816,0.008000800000000002,-0.005824099999999999,0.01491,1800.0
6224.199080467224,0.006908300000000006,-0.0070963,0.01491,1800.0
6224.29904961586,0.005704699999999993,-0.008085099999999956,0.01491,1800.0
6224.399218559265,0.004263500000000003,-0.008943499999999993,0.01491,1800.0
6224.49920463562,0.004263500000000003,-0.008943499999999993,0.01491,1800.0
6224.599097490311,0.002574000000000007,-0.009556200000000015,0.01491,1800.0
6224.69913983345,0.0011639000000000094,-0.009839600000000004,0.01491,1800.0
6224.799203634262,-0.0005128999999999967,-0.00988230000000001,0.01491,1800.0
6224.899165153503,-0.0020586000000000076,-0.00968819999999998,0.01491,1800.0
6224.9991681575775,-0.003661400000000009,-0.009194499999999994,0.01491,1800.0
6225.099073171616,-0.005060599999999998,-0.008510199999999968,0.01491,1800.0
6225.199098825455,-0.006511500000000003,-0.0074517000000000055,0.01491,1800.0
6225.299196481705,-0.007603799999999994,-0.006341399999999997,0.01491,1800.0
6225.399172782898,-0.008561799999999994,-0.004965599999999959,0.01491,1800.0
6225.599098205566,-0.009631899999999985,-0.0023103999999999902,0.01491,1800.0
6225.699135541916,-0.009631899999999985,-0.0023103999999999902,0.01491,1800.0
6225.799138784409,-0.009631999999999988,-0.0023099999999999787,0.01491,1800.0
6225.8990523815155,-0.009462800000000007,-0.0023019000000000234,0.01491,0.0
6225.999138355255,-0.002537700000000004,-0.001969899999999969,0.01491,0.0
6226.399145126343,0.015231999999999996,-0.0011179999999999524,0.01491,0.0
6226.4991199970245,0.015237299999999995,-0.0009758000000000266,0.01491,1800.0
6226.599091291428,0.015249800000000008,0.0006418000000000257,0.01491,1800.0
6226.699136734009,0.015094700000000003,0.002313500000000024,0.01491,1800.0
6226.799123048782,0.015094700000000003,0.002313500000000024,0.01491,1800.0
6226.899049520493,0.014742000000000005,0.003955000000000042,0.01491,1800.0
6226.999051570892,0.014228400000000002,0.005553399999999986,0.01491,1800.0
6227.0991678237915,0.013578200000000012,0.006970499999999991,0.01491,1800.0
6227.199241161346,0.0127998,0.008321200000000029,0.01491,1800.0
6227.299124240875,0.011807200000000004,0.009674700000000036,0.01491,1800.0
6227.399152755737,0.010674900000000001,0.010914099999999982,0.01491,1800.0
6227.499102830887,0.009507699999999994,0.011947500000000055,0.01491,1800.0
6227.599059343338,0.008135900000000001,0.012915300000000018,0.01491,1800.0
6227.699109077454,0.0066708999999999935,0.013734800000000047,0.01491,1800.0
6227.799086332321,0.005120899999999998,0.014379900000000001,0.01491,1800.0
6227.899116754532,0.0035126000000000046,0.014860800000000007,0.01491,1800.0
6227.999173402786,0.0019780000000000075,0.015135200000000015,0.01491,1800.0
6228.099133491516,0.0019780000000000075,0.015135200000000015,0.01491,1800.0
6228.1991238594055,0.00042430000000000245,0.015263899999999997,0.01491,1800.0
6228.299102067947,-0.0012535999999999936,0.015213199999999982,0.01491,1800.0
6228.399395704269,-0.002798899999999993,0.015007300000000001,0.01491,1800.0
6228.499168395996,-0.004544000000000006,0.014573200000000008,0.01491,1800.0
6228.599114656448,-0.006006800000000007,0.014034400000000058,0.01491,1800.0
6228.699054002762,-0.007511799999999999,0.0132911,0.01491,1800.0
6228.79905962944,-0.008924799999999997,0.01238450000000002,0.01491,1800.0
6228.899060249329,-0.010144799999999995,0.011414000000000035,0.01491,1800.0
6228.999205589294,-0.0114113,0.010136699999999998,0.01491,1800.0
6229.099149227142,-0.012392899999999998,0.00892550000000003,0.01491,1800.0
6229.19917678833,-0.012392899999999998,0.00892550000000003,0.01491,1800.0
6229.299238204956,-0.013290200000000002,0.0075064999999999715,0.01491,1800.0
6229.399195432663,-0.013992799999999986,0.0061147000000000284,0.01491,1800.0
6229.499197006226,-0.014537599999999998,0.004654099999999994,0.01491,1800.0
6229.599166154861,-0.014962799999999998,0.0030300000000000327,0.01491,1800.0
6229.699204206467,-0.01520479999999999,0.0013691000000000675,0.01491,1800.0
6229.7992062568665,-0.015262999999999999,-0.0003086999999999951,0.01491,1800.0
6229.899190425873,-0.015137899999999996,-0.001982499999999998,0.01491,1800.0
6229.999125480652,-0.0148543,-0.0035155000000000047,0.01491,1800.0
6230.099083662033,-0.014382599999999995,-0.005126400000000031,0.01491,1800.0
6230.199049711227,-0.013728299999999999,-0.00667249999999997,0.01491,1800.0
6230.299121141434,-0.012984399999999993,-0.008042799999999961,0.01491,1800.0
6230.399215936661,-0.012984399999999993,-0.008042799999999961,0.01491,1800.0
6230.499127149582,-0.011941099999999996,-0.009508099999999964,0.01491,1800.0
6230.599120378494,-0.010995499999999991,-0.010592999999999964,0.01491,1800.0
6230.699080944061,-0.009764099999999998,-0.011733699999999958,0.01491,1800.0
6230.799778223038,-0.008418999999999996,-0.012738599999999989,0.01491,1800.0
6230.899456977844,-0.007074800000000006,-0.013527699999999976,0.01491,1800.0
6230.999141454697,-0.005546599999999999,-0.014222899999999983,0.01491,1800.0
6231.099247455597,-0.003951899999999994,-0.014746599999999943,0.01491,1800.0
6231.19917178154,-0.0024268000000000067,-0.015070099999999975,0.01491,1800.0
6231.299144983292,-0.0007579999999999948,-0.015251899999999985,0.01491,1800.0
6231.399147510529,0.0009207999999999994,-0.015236599999999989,0.01491,1800.0
6231.499072790146,0.002471100000000004,-0.015071299999999954,0.01491,1800.0
6231.599121570587,0.002471100000000004,-0.015071299999999954,0.01491,1800.0
6231.699159383774,0.004108600000000004,-0.014701099999999967,0.01491,1800.0
6231.7993314266205,0.005587800000000004,-0.014208799999999966,0.01491,1800.0
6231.899149417877,0.007112599999999997,-0.013506899999999988,0.01491,1800.0
6231.999520540237,0.008553199999999997,-0.012644699999999953,0.01491,1800.0
6232.099096775055,0.009979100000000005,-0.011549299999999985,0.01491,1800.0
6232.199068784714,0.011023699999999997,-0.0105595,0.01491,1800.0
6232.299090147018,0.012118799999999999,-0.009287400000000001,0.01491,1800.0
6232.3990650177,0.013061799999999998,-0.00789829999999997,0.01491,1800.0
6232.499200820923,0.013807799999999995,-0.006529199999999957,0.01491,1800.0
6232.599126577377,0.014431300000000008,-0.004970399999999986,0.01491,1800.0
6232.699152469635,0.014431300000000008,-0.004970399999999986,0.01491,1800.0
6232.799209833145,0.014899300000000004,-0.0033578999999999692,0.01491,1800.0
6232.900130987167,0.01515409999999999,-0.0018197999999999825,0.01491,1800.0
6232.999222993851,0.015231999999999996,-0.0011179999999999524,0.01491,1800.0
6233.09920668602,0.015231999999999996,-0.0011179999999999524,0.01491,0.0
6233.199373245239,0.013654800000000009,-0.0012168000000000179,0.01491,0.0
6233.799221992493,-0.011267,-0.0027770000000000294,0.01491,0.0
6233.899203300476,-0.011384099999999994,-0.0022275999999999407,0.01491,1800.0
6233.999067544937,-0.011568999999999996,-0.0008013000000000048,0.01491,1800.0
6234.099120616913,-0.011564699999999997,0.0008763999999999994,0.01491,1800.0
6234.199082374573,-0.011331499999999994,0.0025385000000000546,0.01491,1800.0
6234.299073934555,-0.010834999999999997,0.00414169999999997,0.01491,1800.0
6234.399165868759,-0.0101792,0.005554500000000018,0.01491,1800.0
6234.499123573303,-0.009343799999999985,0.006869000000000014,0.01491,1800.0
6234.599136352539,-0.008264099999999996,0.008153400000000033,0.01491,1800.0
6234.699203252792,-0.006899099999999991,0.009322600000000014,0.01491,1800.0
6234.799181461334,-0.005691399999999985,0.010103399999999985,0.01491,1800.0
6234.899086236954,-0.004175299999999993,0.01082120000000003,0.01491,1800.0
6234.999059915543,-0.004175299999999993,0.01082120000000003,0.01491,1800.0
6235.099101781845,-0.002572899999999989,0.011320200000000058,0.01491,1800.0
6235.199137210846,-0.0009122999999999909,0.011562300000000025,0.01491,1800.0
6235.2998061180115,0.0006455999999999962,0.011578200000000038,0.01491,1800.0
6235.3992483615875,0.0023100999999999955,0.011369499999999977,0.01491,1800.0
6235.499229431152,0.003927600000000003,0.01092399999999999,0.01491,1800.0
6235.599176645279,0.005351599999999998,0.01029049999999998,0.01491,1800.0
6235.699187517166,0.006778400000000004,0.009407999999999972,0.01491,1800.0
6235.799170017242,0.008069900000000005,0.008337200000000045,0.01491,1800.0
6235.899156093597,0.009117699999999992,0.007183500000000009,0.01491,1800.0
6235.999195814133,0.009991899999999998,0.00589329999999999,0.01491,1800.0
6236.0991632938385,0.01073360000000001,0.004388300000000012,0.01491,1800.0
6236.199212312698,0.01073360000000001,0.004388300000000012,0.01491,1800.0
6236.299231290817,0.011262099999999997,0.002795900000000018,0.01491,1800.0
6236.399133205414,0.011550400000000002,0.0011433000000000137,0.01491,1800.0
6236.499056816101,0.0115836,-0.0005340999999999818,0.01491,1800.0
6236.599155187607,0.011408000000000001,-0.0020814999999999584,0.01491,1800.0
6236.6991102695465,0.010999099999999998,-0.0037085000000000035,0.01491,1800.0
6236.799223899841,0.010344900000000004,-0.005253999999999981,0.01491,1800.0
6236.899156093597,0.009473099999999998,-0.006687499999999957,0.01491,1800.0
6236.999080657959,0.008492899999999998,-0.007898200000000022,0.01491,1800.0
6237.0991497039795,0.007363499999999995,-0.009051799999999999,0.01491,1800.0
6237.199107170105,0.005991099999999999,-0.009938000000000002,0.01491,1800.0
6237.299052476883,0.004491399999999993,-0.010690299999999986,0.01491,1800.0
6237.399065494537,0.004491399999999993,-0.010690299999999986,0.01491,1800.0
6237.499080896378,0.0029034000000000004,-0.01123059999999998,0.01491,1800.0
6237.599152565002,0.0013736000000000026,-0.011527699999999974,0.01491,1800.0
6237.699155807495,-0.0003031000000000006,-0.011596800000000018,0.01491,1800.0
6237.79915189743,-0.0019722000000000073,-0.011426900000000018,0.01491,1800.0
6237.899134874344,-0.0036023000000000027,-0.011029599999999973,0.01491,1800.0
6237.999054670334,-0.005051899999999998,-0.010456299999999974,0.01491,1800.0
6238.099169254303,-0.006401199999999996,-0.009675800000000012,0.01491,1800.0
6238.199169874191,-0.007725799999999991,-0.008646600000000004,0.01491,1800.0
6238.299185752869,-0.008896999999999988,-0.007445599999999997,0.01491,1800.0
6238.399049282074,-0.009883500000000003,-0.0060886,0.01491,1800.0
6238.499059677124,-0.0106015,-0.004705499999999974,0.01491,1800.0
6238.599250078201,-0.0106015,-0.004705499999999974,0.01491,1800.0
6238.699147224426,-0.01116629999999999,-0.003126400000000029,0.01491,1800.0
6238.79912853241,-0.011267,-0.0027770000000000294,0.01491,1800.0
6238.899167299271,-0.011267,-0.0027770000000000294,0.01491,0.0
6238.99916768074,-0.007894899999999996,-0.0025341999999999865,0.01491,0.0
6239.499135255814,0.013535000000000005,-0.0009910000000000196,0.01491,0.0
6239.599068403244,0.013556499999999999,-0.0004302999999999946,0.01491,1800.0
6239.6990513801575,0.013556499999999999,-0.0004302999999999946,0.01491,1800.0
6239.799141407013,0.013506400000000002,0.001247100000000001,0.01491,1800.0
6239.899188280106,0.013255099999999992,0.002906999999999993,0.01491,1800.0
6239.999263048172,0.012828000000000006,0.004406100000000024,0.01491,1800.0
6240.099138975143,0.012189100000000008,0.005958000000000019,0.01491,1800.0
6240.199154376984,0.011359900000000006,0.00741780000000003,0.01491,1800.0
6240.299149990082,0.010430800000000004,0.008669099999999985,0.01491,1800.0
6240.399206876755,0.009373000000000006,0.009814300000000054,0.01491,1800.0
6240.599049568176,0.00667920000000001,0.01180730000000002,0.01491,1800.0
6240.699090480804,0.005171800000000004,0.012546400000000069,0.01491,1800.0
6240.799407720566,0.0035812999999999956,0.013083400000000023,0.01491,1800.0
6240.899050474167,0.0035812999999999956,0.013083400000000023,0.01491,1800.0
6240.999131441116,0.0020575000000000038,0.01341060000000005,0.01491,1800.0
6241.0990562438965,0.0003857000000000027,0.013563900000000018,0.01491,1800.0
6241.19913983345,-0.0012916999999999929,0.013502000000000014,0.01491,1800.0
6241.299141168594,-0.0028327999999999964,0.013268800000000025,0.01491,1800.0
6241.399118900299,-0.004449900000000007,0.012817700000000043,0.01491,1800.0
6241.499118566513,-0.0058889000000000025,0.012219200000000041,0.01491,1800.0
6241.5991287231445,-0.007357299999999997,0.01140540000000001,0.01491,1800.0
6241.699242353439,-0.008704699999999996,0.010403900000000021,0.01491,1800.0
6241.799162149429,-0.009921700000000006,0.009248400000000045,0.01491,1800.0
6241.899092674255,-0.010922299999999996,0.008053000000000032,0.01491,1800.0
6241.999061584473,-0.010922299999999996,0.008053000000000032,0.01491,1800.0
6242.0991015434265,-0.0118278,0.00663950000000002,0.01491,1800.0
6242.199142456055,-0.012558299999999994,0.005128600000000039,0.01491,1800.0
6242.299211978912,-0.013100100000000003,0.0035395000000000287,0.01491,1800.0
6242.399238109589,-0.013414700000000002,0.0020127999999999813,0.01491,1800.0
6242.49916601181,-0.013562999999999992,0.0004611000000000476,0.01491,1800.0
6242.599126338959,-0.01351200000000001,-0.001217099999999971,0.01491,1800.0
6242.699150323868,-0.013255600000000006,-0.002875500000000031,0.01491,1800.0
6242.799268960953,-0.0128056,-0.004492699999999961,0.01491,1800.0
6242.899050474167,-0.012199599999999991,-0.005929000000000018,0.01491,1800.0
6242.999042510986,-0.011375300000000005,-0.0073909000000000336,0.01491,1800.0
6243.099061012268,-0.010454699999999997,-0.008648900000000015,0.01491,1800.0
6243.1992111206055,-0.010454699999999997,-0.008648900000000015,0.01491,1800.0
6243.299346208572,-0.009303599999999995,-0.009870400000000001,0.01491,1800.0
6243.399156570435,-0.008015499999999995,-0.010946200000000017,0.01491,1800.0
6243.499091386795,-0.0066032000000000035,-0.011854000000000031,0.01491,1800.0
6243.599386692047,-0.005198399999999992,-0.012529199999999963,0.01491,1800.0
6243.699134588242,-0.0036126999999999965,-0.013079300000000016,0.01491,1800.0
6243.799096822739,-0.001969499999999999,-0.013423699999999983,0.01491,1800.0
6243.899151325226,-0.0004166999999999921,-0.013557399999999997,0.01491,1800.0
6243.999109983444,0.0012615000000000126,-0.01351399999999997,0.01491,1800.0
6244.099037408829,0.0028016000000000013,-0.013271599999999995,0.01491,1800.0
6244.199141263962,0.004419599999999996,-0.012826400000000016,0.01491,1800.0
6244.299196481705,0.005971500000000005,-0.012185799999999969,0.01491,1800.0
6244.399199962616,0.005971500000000005,-0.012185799999999969,0.01491,1800.0
6244.4991953372955,0.007425899999999999,-0.011347900000000022,0.01491,1800.0
6244.599112033844,0.008682599999999999,-0.01042599999999999,0.01491,1800.0
6244.69927406311,0.009903900000000007,-0.009273900000000002,0.01491,1800.0
6244.79910326004,0.010898999999999992,-0.008074399999999982,0.01491,1800.0
6244.899204730988,0.011818499999999996,-0.006669900000000006,0.01491,1800.0
6244.999113082886,0.01254820000000001,-0.005157899999999993,0.01491,1800.0
6245.099121332169,0.0130855,-0.0035680000000000156,0.01491,1800.0
6245.199115514755,0.01341550000000001,-0.002044299999999999,0.01491,1800.0
6245.299150466919,0.013535000000000005,-0.0009910000000000196,0.01491,1800.0
6245.3991487026215,0.013535000000000005,-0.0009910000000000196,0.01491,1800.0
6245.499044418335,0.013156500000000002,-0.0010232999999999493,0.01491,1800.0
6245.599232912064,0.013156500000000002,-0.0010232999999999493,0.01491,0.0
6245.69904923439,0.005837900000000007,-0.0016470000000000096,0.01491,0.0
6246.099136829376,-0.01290200000000001,-0.003243999999999969,0.01491,0.0
6246.199146747589,-0.012923699999999996,-0.003167299999999984,0.01491,1800.0
6246.299141407013,-0.013207299999999991,-0.0016317000000000137,0.01491,1800.0
6246.399081468582,-0.013308,4.4400000000055506e-05,0.01491,1800.0
6246.4991755485535,-0.013194200000000003,0.0017195000000000404,0.01491,1800.0
6246.59915804863,-0.01286699999999999,0.0033654000000000184,0.01491,1800.0
6246.699302196503,-0.01286699999999999,0.0033654000000000184,0.01491,1800.0
6246.7990629673,-0.0123833,0.004846599999999979,0.01491,1800.0
6246.899065732956,-0.011731400000000003,0.006261300000000025,0.01491,1800.0
6246.999043941498,-0.010847999999999997,0.007687200000000005,0.01491,1800.0
6247.099136590958,-0.009794399999999995,0.008992400000000011,0.01491,1800.0
6247.1991131305695,-0.008675799999999997,0.010076499999999988,0.01491,1800.0
6247.299166440964,-0.007242700000000005,0.011161599999999994,0.01491,1800.0
6247.399152755737,-0.005888700000000011,0.011934800000000023,0.01491,1800.0
6247.49905705452,-0.004452299999999992,0.012540900000000021,0.01491,1800.0
6247.5992023944855,-0.002838199999999999,0.013004499999999974,0.01491,1800.0
6247.699103593826,-0.001177499999999998,0.01325000000000004,0.01491,1800.0
6247.7991144657135,0.0005003999999999981,0.013289200000000057,0.01491,1800.0
6247.899168252945,0.0005003999999999981,0.013289200000000057,0.01491,1800.0
6247.9991726875305,0.0020509999999999973,0.013138600000000056,0.01491,1800.0
6248.099107265472,0.0036882000000000026,0.012773600000000052,0.01491,1800.0
6248.19909787178,0.005267599999999997,0.012208700000000017,0.01491,1800.0
6248.299289941788,0.006660300000000008,0.011510100000000023,0.01491,1800.0
6248.3999235630035,0.008059700000000003,0.010583600000000026,0.01491,1800.0
6248.499045610428,0.009242699999999993,0.009568700000000041,0.01491,1800.0
6248.599129676819,0.010381200000000007,0.008334900000000034,0.01491,1800.0
6248.699120759964,0.011343200000000012,0.006958600000000037,0.01491,1800.0
6248.799149513245,0.01212400000000001,0.005472499999999991,0.01491,1800.0
6248.89914059639,0.012679700000000002,0.004016300000000028,0.01491,1800.0
6248.999215126038,0.0130604,0.0025055999999999967,0.01491,1800.0
6249.099107027054,0.0130604,0.0025055999999999967,0.01491,1800.0
6249.199109077454,0.013269000000000003,0.0008415000000000505,0.01491,1800.0
6249.29914188385,0.013269299999999998,-0.0008357999999999421,0.01491,1800.0
6249.399047613144,0.0130614,-0.002500100000000005,0.01491,1800.0
6249.4990565776825,0.012648099999999995,-0.004126099999999966,0.01491,1800.0
6249.599058866501,0.012080300000000002,-0.005577899999999969,0.01491,1800.0
6249.699131965637,0.011285199999999995,-0.007056899999999977,0.01491,1800.0
6249.799113750458,0.0103071,-0.008421599999999974,0.01491,1800.0
6249.899046182632,0.009246999999999991,-0.009564799999999984,0.01491,1800.0
6249.999068498611,0.008064500000000002,-0.010580299999999987,0.01491,1800.0
6250.099223852158,0.006560399999999994,-0.0115653,0.01491,1800.0
6250.199115514755,0.006560399999999994,-0.0115653,0.01491,1800.0
6250.2992811203,0.005162100000000003,-0.012252299999999994,0.01491,1800.0
6250.399094581604,0.0035784999999999983,-0.012805399999999967,0.01491,1800.0
6250.499145269394,0.001938399999999993,-0.013157799999999997,0.01491,1800.0
6250.599175930023,0.00038640000000000896,-0.013295600000000019,0.01491,1800.0
6250.699679613113,-0.001291399999999998,-0.013242599999999993,0.01491,1800.0
6250.799127578735,-0.002949300000000002,-0.012978499999999948,0.01491,1800.0
6250.8991441726685,-0.004446800000000001,-0.012542899999999968,0.01491,1800.0
6250.999097108841,-0.005988999999999994,-0.01188079999999997,0.01491,1800.0
6251.099127531052,-0.007434199999999988,-0.011027399999999965,0.01491,1800.0
6251.199151515961,-0.008671799999999993,-0.010081200000000012,0.01491,1800.0
6251.299129009247,-0.009870399999999988,-0.00890759999999996,0.01491,1800.0
6251.3991775512695,-0.009870399999999988,-0.00890759999999996,0.01491,1800.0
6251.499166250229,-0.010913699999999998,-0.00759419999999994,0.01491,1800.0
6251.599203824997,-0.011727600000000005,-0.0062661999999999995,0.01491,1800.0
6251.699440956116,-0.012426400000000004,-0.004740999999999995,0.01491,1800.0
6251.7991535663605,-0.012887899999999994,-0.003293199999999996,0.01491,1800.0
6251.89924287796,-0.01290200000000001,-0.003243999999999969,0.01491,1800.0
6251.999156713486,-0.01290200000000001,-0.003243999999999969,0.01491,0.0
6252.099169254303,-0.01290200000000001,-0.003243999999999969,0.01491,0.0
6255.893218402839,0.015825000000000006,-0.02177082061921376,0.01491,0.0
