413.8103631542756,-0.0031299999999999,-0.0275023999999999,0.00426,0.0
413.91092548833626,-0.0031233393652449,-0.0274922702846434,0.00426,0.0
414.01149425969857,-0.0029901098183143,-0.0272896994750924,0.00426,0.0
414.11202106939095,-0.00239536513226,-0.0263854221261185,0.00426,0.0
414.21259437070626,-0.0017050899963553,-0.0253358676440937,0.00426,0.0
414.31452332006234,-0.0010358721471506,-0.0243184071784877,0.00426,0.0
414.41639695630806,-0.0003314165754404,-0.023247279443241,0.00426,0.0
414.5071030663087,0.0002680354003143,-0.0223358870103553,0.00426,0.0
414.60766635404366,0.000942799575267,-0.0213099955495341,0.00426,0.0
414.7088404701783,0.0016369170684062,-0.0202546165158951,0.00426,0.0
414.80936561094063,0.0023075093338187,-0.0192350318146114,0.00426,0.0
414.90992722974556,0.0029593404356019,-0.0182439131048104,0.00426,0.0
415.0104852722718,0.0033601498425939,-0.0176344575055406,0.00426,0.0
415.1110609577729,0.003396,-0.0175799999999999,0.00426,0.0
415.2113152550294,0.0035953728635604,-0.0175342378824057,0.00426,1800.0
415.3128260181977,0.0046493213947826,-0.0172810338695632,0.00426,1800.0
415.41338620649117,0.0061057949690017,-0.0168308560800747,0.00426,1800.0
415.51396213041085,0.0074898105384496,-0.0162546454373542,0.00426,1800.0
415.61450682149666,0.0088703111651761,-0.015531879688496,0.00426,1800.0
415.7150925205781,0.0101227942765262,-0.0147500105339054,0.00426,1800.0
415.81566057668465,0.0113411457555521,-0.013829676665485,0.00426,1800.0
415.906185011728,0.0123547853503903,-0.0129288505034873,0.00426,1800.0
416.00673161016243,0.0133887371672891,-0.0118483925019847,0.00426,1800.0
416.1073158787324,0.0143529545823418,-0.0106674781011432,0.00426,1800.0
416.2079130219056,0.0152147458556376,-0.0094079091670226,0.00426,1800.0
416.30843434797066,0.0159441689090734,-0.0081104977318955,0.00426,1800.0
416.4089978741242,0.0165584545659873,-0.0067698590086514,0.00426,1800.0
416.5095764206483,0.0170788884512908,-0.0053585286425553,0.00426,1800.0
416.611746888025,0.0173528202672134,-0.0043751861147969,0.00426,1800.0
416.71232066617745,0.0175628798869922,-0.0034175724222152,0.00426,1800.0
416.8128875301911,0.0177700820140366,-0.0020146592051329,0.00426,1800.0
416.9134760902955,0.0178804388095681,-0.0005291054171267,0.00426,1800.0
417.0140527294709,0.017851208880892,0.0009753814626665,0.00426,1800.0
417.1146076725556,0.0177083483764265,0.0024671971844231,0.00426,1800.0
417.21517286763924,0.0175125308978221,0.0036624917840726,0.00426,1800.0
417.31573567853707,0.0172801850712523,0.0046342806755098,0.00426,1800.0
417.4062667893006,0.016962500979559,0.0056720013415432,0.00426,1800.0
417.50683055387276,0.0164468752850065,0.0070360096944385,0.00426,1800.0
417.607397656305,0.0158183437728017,0.0083628198222769,0.00426,1800.0
417.7079185055329,0.0150526983743472,0.0096895857790413,0.00426,1800.0
417.80850635038155,0.0141627803912291,0.0109337957461917,0.00426,1800.0
417.90907416806954,0.0131951991782732,0.0120780453188433,0.00426,1800.0
418.01311789022225,0.0120927303780826,0.0131784283059757,0.00426,1800.0
418.1136928604676,0.0109590244987796,0.0141386605836332,0.00426,1800.0
418.21425757871407,0.0097068815475553,0.0150142744704617,0.00426,1800.0
418.3148160980775,0.008391287233164,0.0157898965007638,0.00426,1800.0
418.415387015207,0.0070195727220695,0.0164455303835572,0.00426,1800.0
418.51592669950264,0.0055980728675869,0.0169836792952755,0.00426,1800.0
418.60643539891976,0.0042971607618485,0.0173700048334387,0.00426,1800.0
418.70691428647774,0.0028139697112989,0.0176699938461832,0.00426,1800.0
418.80747495160836,0.0013390285886296,0.0178461656386118,0.00426,1800.0
418.90805755124825,-0.0001773421269973,0.0178984823257973,0.00426,1800.0
419.008618693216,-0.0016645461190259,0.0178125599534081,0.00426,1800.0
419.1091788815095,-0.0031612572876045,0.0176054186670577,0.00426,1800.0
419.2097712563111,-0.0046394327431815,0.0172719066539827,0.00426,1800.0
419.3108488129212,-0.0061046292296741,0.0168101108705536,0.00426,1800.0
419.41142878995674,-0.0074695380920782,0.0162504385494974,0.00426,1800.0
419.5120025681092,-0.0088070007477781,0.0155601288934008,0.00426,1800.0
419.6127496765687,-0.0100944867362512,0.0147614545600879,0.00426,1800.0
419.71332321630257,-0.0112617395468587,0.0138941781305,0.00426,1800.0
419.8123856590821,-0.0123840657560906,0.0129121502963436,0.00426,1800.0
419.91417227254647,-0.0134353927096435,0.0118087562425608,0.00426,1800.0
420.01475725637215,-0.0143682244882571,0.0106648739213494,0.00426,1800.0
420.1158605621888,-0.0152559390261986,0.0093688050828374,0.00426,1800.0
420.2063833283021,-0.0158946142860551,0.008193849364265,0.00426,1800.0
420.3069487618043,-0.0165486881047271,0.006776461222162,0.00426,1800.0
420.4075163410737,-0.0170525022654754,0.0053744579887661,0.00426,1800.0
420.5080829666688,-0.0174422758079725,0.0039665731183386,0.00426,1800.0
420.6086448238923,-0.0177064341725348,0.0024991585464819,0.00426,1800.0
420.70921526418465,-0.0178525473908423,0.0009598666846796,0.00426,1800.0
420.8098493622376,-0.0178686619780146,-0.0005942188929499,0.00426,1800.0
420.9104183720185,-0.0177687345275833,-0.0020665783634856,0.00426,1800.0
421.0109327839448,-0.0175444712711238,-0.0035168630341179,0.00426,1800.0
421.1114967869355,-0.0171752307897885,-0.0050087967799619,0.00426,1800.0
421.2120624588563,-0.016705010777593,-0.0064166278937451,0.00426,1800.0
421.30683145986336,-0.0161396725239357,-0.0077264660796241,0.00426,1800.0
421.4073689983918,-0.0154055078540489,-0.0090999506508812,0.00426,1800.0
421.50790081487435,-0.0145952702574819,-0.0103337646123054,0.00426,1800.0
421.6084390686585,-0.0136625432057223,-0.0115334493804733,0.00426,1800.0
421.7090176151826,-0.0126528164417033,-0.0126396640502155,0.00426,1800.0
421.80960593686837,-0.0115770134431072,-0.0136348874672013,0.00426,1800.0
421.9101253555848,-0.010400907413103,-0.0145467870077951,0.00426,1800.0
422.0106893585755,-0.0091169747893421,-0.0153826966739307,0.00426,1800.0
422.1079886959626,-0.0078097649926814,-0.0160942999003456,0.00426,1800.0
422.2085367249085,-0.0064742367878318,-0.016680805117112,0.00426,1800.0
422.3090861843659,-0.0050071994065196,-0.0171814252059018,0.00426,1800.0
422.4096447037293,-0.0035513904138848,-0.0175398193976489,0.00426,1800.0
422.51016889081734,-0.0020631714034583,-0.0177741929535606,0.00426,1800.0
422.61073766217964,-0.0005412936871439,-0.0178823841487723,0.00426,1800.0
422.71128688321846,0.0009644875084033,-0.0178609641626578,0.00426,1800.0
422.8117979572846,0.0024382362188253,-0.017713407989811,0.00426,1800.0
422.9123569534852,0.0032273083703186,-0.0176077082854069,0.00426,1800.0
423.0129495667054,0.0033959999999999,-0.0175799999999999,0.00426,1800.0
423.11350737081307,0.0028242135632383,-0.0168613473004365,0.00426,1800.0
423.21406946645516,0.000163236068799,-0.0135167582831804,0.00426,1800.0
423.31462107167977,-0.0045381663300492,-0.0076074255165793,0.00426,1800.0
423.41516957746285,-0.0083248036158463,-0.0028478729983551,0.00426,1800.0
423.51572356687325,-0.008623,-0.002473,0.00426,1800.0
423.61629019246834,-0.0086870096200907,-0.0022191144952157,0.00426,1800.0
423.71685657964485,-0.0088965961675489,-0.0009108338013739,0.00426,1800.0
423.8174217747285,-0.0089135620357885,0.0006120279825222,0.00426,1800.0
423.91797123418587,-0.0086941879242438,0.0020756307283257,0.00426,1800.0
424.01853023038643,-0.0082214107165106,0.00348564995239,0.00426,1800.0
424.11906800733345,-0.0075253269758459,0.0048177981318265,0.00426,1800.0
424.2195919560029,-0.0066167906426149,0.0060026926817425,0.00426,1800.0
424.32015333638924,-0.00552307414133,0.0070259029532033,0.00426,1800.0
424.42073593602913,-0.0042749317020442,0.0078634772915072,0.00426,1800.0
424.52129755483406,-0.0029392193514216,0.00846425265493,0.00426,1800.0
424.62186418042916,-0.0014610984618346,0.008847006020981,0.00426,1800.0
424.72243652807015,0.0001321601093191,0.0089640018665457,0.00426,1800.0
424.81677518354195,0.0015265223576684,0.0088181854156609,0.00426,1800.0
424.91734300122994,0.0029305700598902,0.0084491678507911,0.00426,1800.0
425.01788220868843,0.0042968090593349,0.0078347002297536,0.00426,1800.0
425.11844382749337,0.0055516042607568,0.0069876063545187,0.00426,1800.0
425.2191916512086,0.006649890084882,0.0059753918720362,0.00426,1800.0
425.31972322927254,0.0075512176232851,0.0047707970758103,0.00426,1800.0
425.42028627858895,0.0082481059113697,0.0034347847211316,0.00426,1800.0
425.52086863981026,0.0087099287166847,0.0020440374655792,0.00426,1800.0
425.61583505140084,0.0089287503384363,0.000592379443655,0.00426,1800.0
425.71709619031685,0.0089155799204,-0.0008984954091396,0.00426,1800.0
425.8176654385163,0.0086358324766385,-0.0024052919346548,0.00426,1800.0
425.918236832483,0.0081051571145599,-0.0038186986703038,0.00426,1800.0
426.01881275640267,0.0073588419417776,-0.00509246347525,0.00426,1800.0
426.1193858192994,0.0064339710261246,-0.0062107716305894,0.00426,1800.0
426.21994600759285,0.00529497159555,-0.007199578077935,0.00426,1800.0
426.3205083416535,0.003991515241897,-0.0079898827860527,0.00426,1800.0
426.42107663617867,0.0025948782860313,-0.0085518861116923,0.00426,1800.0
426.5216496990754,0.0011206595706411,-0.0088618271657999,0.00426,1800.0
426.6221748398377,-0.0003913602789085,-0.0089240734044735,0.00426,1800.0
426.71525512204903,-0.0017758043552449,-0.0087699296272072,0.00426,1800.0
426.81582603917855,-0.0032484361531591,-0.008344334611854,0.00426,1800.0
426.91633902059334,-0.0045977772607062,-0.0077065030991333,0.00426,1800.0
427.0192240284516,-0.0058462915308282,-0.0067846654934763,0.00426,1800.0
427.1197806404664,-0.0068752486497639,-0.0057426783445705,0.00426,1800.0
427.22034202085274,-0.0076999575821146,-0.0045513764615957,0.00426,1800.0
427.3209022091462,-0.0083456992437786,-0.0032034679972355,0.00426,1800.0
427.4215484665467,-0.0085944931741547,-0.002572979918766,0.00426,1800.0
427.52210889325875,-0.0086229999999999,-0.002473,0.00426,1800.0
427.6226750420167,-0.0076145894593892,-0.0016997829690966,0.00426,1800.0
427.7131811188294,-0.0042735970359012,0.0008619427215516,0.00426,1800.0
427.8137482212617,0.0021586111553784,0.0057938474254894,0.00426,1800.0
427.9147640274598,0.0079144135929554,0.0102071777147058,0.00426,1800.0
428.0153296993806,0.010593,0.012261,0.00426,1800.0
428.1159072922303,0.0101392909246849,0.0126292957951608,0.00426,1800.0
428.21646438108223,0.009012281458644,0.0134462785867901,0.00426,1800.0
428.31703410611885,0.0077238189913392,0.0142244877662656,0.00426,1800.0
428.41759739385384,0.0063935068993234,0.0148624047189856,0.00426,1800.0
428.5181652115418,0.0049745936577436,0.0153965116606824,0.00426,1800.0
428.6086309956147,0.0036706660133187,0.0157626247280874,0.00426,1800.0
428.7091954754426,0.0022029930156242,0.0160303966371059,0.00426,1800.0
428.80974517331856,0.0006394317080996,0.0161742911457091,0.00426,1800.0
428.9103065537049,-0.0008431339130351,0.0161694572396771,0.00426,1800.0
429.0108285950257,-0.0022712798230004,0.0160353310028746,0.00426,1800.0
429.11141643987435,-0.0037785276709005,0.0157544626209674,0.00426,1800.0
429.2119341896607,-0.0051971034846688,0.0153360405005248,0.00426,1800.0
429.3125229881837,-0.0066177598241583,0.0147738630109311,0.00426,1800.0
429.4131029652192,-0.0080031406419614,0.014059492065773,0.00426,1800.0
429.5136729286744,-0.0092879225552905,0.0132497484429261,0.00426,1800.0
429.61536465154427,-0.0104800326244993,0.0123323891200525,0.00426,1800.0
429.71593032346505,-0.0115746037273304,0.0113037146316197,0.00426,1800.0
429.81649885640877,-0.0125818953348307,0.0101709538759767,0.00426,1800.0
429.91756210790413,-0.0134835355120707,0.0089487335876285,0.00426,1800.0
430.0083647774293,-0.0141921247737306,0.0077863421808888,0.00426,1800.0
430.10903892980355,-0.0148558776675551,0.0064363038292582,0.00426,1800.0
430.20960531698006,-0.0153886662156936,0.0050626905274194,0.00426,1800.0
430.33495436177986,-0.0158402249457781,0.0033516047126698,0.00426,1800.0
430.4163096951081,-0.0159942971430765,0.0025220574552648,0.00426,1800.0
430.51688037381905,-0.0161180709263324,0.0015228907478183,0.00426,1800.0
430.6174505756928,-0.0161820534579645,0.0001788840741713,0.00426,1800.0
430.7180286453797,-0.0161482669361981,-0.0011176737613636,0.00426,1800.0
430.8086298512055,-0.0160521574688323,-0.002107531309402,0.00426,1800.0
430.90919743047493,-0.0158662519631964,-0.0032120326390964,0.00426,1800.0
431.0100949810578,-0.0155416354837686,-0.0045159565072894,0.00426,1800.0
431.1107989357545,-0.0150479044940478,-0.0059542154194241,0.00426,1800.0
431.21136436925667,-0.01444256346775,-0.0073244622265913,0.00426,1800.0
431.3119193123414,-0.0137233676649995,-0.0086034926106436,0.00426,1800.0
431.4124642418458,-0.0128436197417907,-0.0098638848485977,0.00426,1800.0
431.51302657590645,-0.0119012556800143,-0.0109853911202927,0.00426,1800.0
431.6136098908021,-0.0107967588703778,-0.0120596635517599,0.00426,1800.0
431.738669972284,-0.009337660184459,-0.0132358547344607,0.00426,1800.0
431.80911217199105,-0.0084442433271362,-0.0138040774406532,0.00426,1800.0
431.9106603668763,-0.0071336182838439,-0.0145241652607197,0.00426,1800.0
432.01124558912056,-0.005779083265794,-0.0151120946454473,0.00426,1800.0
432.11177096830147,-0.0043494643911144,-0.015583806035675,0.00426,1800.0
432.2123392628266,-0.002849963091535,-0.0159314109427305,0.00426,1800.0
432.3128980206086,-0.0013367605588029,-0.0161338158053643,0.00426,1800.0
432.41346536145943,0.0001275171931699,-0.0161900927596791,0.00426,1800.0
432.51403294072884,0.0016813075463857,-0.0161041930897842,0.00426,1800.0
432.61460838781136,0.0031763201079785,-0.0158880109267376,0.00426,1800.0
432.7151251839234,0.0046315686347334,-0.0155199159722239,0.00426,1800.0
432.81568227277535,0.0059948558548517,-0.0150365759743608,0.00426,1800.0
432.91624865995186,0.0074167555640216,-0.0143862287290106,0.00426,1800.0
433.01682458387154,0.0086816814224352,-0.0136558636001731,0.00426,1800.0
433.12135777936714,0.0099586898725914,-0.0127542854108703,0.00426,1800.0
433.2118547962739,0.0109900874554132,-0.0118801574772287,0.00426,1800.0
433.31249032483834,0.0120343460367789,-0.0108129603135908,0.00426,1800.0
433.41303048597115,0.0130008789870655,-0.0096301528434537,0.00426,1800.0
433.51356158719796,0.0138489030788341,-0.0083856998808393,0.00426,1800.0
433.61406908498543,0.014556568657653,-0.0070778895466756,0.00426,1800.0
433.71458731160897,0.015157703729762,-0.0057205936722879,0.00426,1800.0
433.81513104902047,0.0156342930700362,-0.0042253985994568,0.00426,1800.0
433.91570697294014,0.0159462691622302,-0.002788634043105,0.00426,1800.0
434.0162693070008,0.0161389646351128,-0.0012643640785711,0.00426,1800.0
434.1168271111085,0.0161771965915943,0.0002360547719494,0.00426,1800.0
434.21740756498116,0.0160862708942541,0.0017510456405121,0.00426,1800.0
434.3179656075074,0.0158484429408363,0.0032539892410585,0.00426,1800.0
434.4084585712983,0.0155306725959114,0.0045438507997391,0.00426,1800.0
434.5146289871766,0.0150100577152132,0.0060252914129939,0.00426,1800.0
434.6151796387269,0.0143771323819534,0.0074291296688101,0.00426,1800.0
434.7157629536225,0.0136437482356308,0.0087038363893033,0.00426,1800.0
434.81633840070504,0.0127651477889906,0.0099640977690035,0.00426,1800.0
434.9168492363526,0.0117741428093142,0.0111199317986654,0.00426,1800.0
435.0192216442658,0.0107218598933739,0.0121430101896561,0.00426,1800.0
435.1097162769868,0.010614619706901,0.0122412040413805,0.00426,1800.0
435.2102883862092,0.010593,0.012261,0.00426,1800.0
435.31085286603707,0.0092996716652311,0.0101479206728498,0.00426,1800.0
435.4113937424256,0.0060936791099783,0.0049098332427348,0.00426,1800.0
435.51271162496346,0.0020746564354416,-0.0016567105173602,0.00426,1800.0
435.61327038274544,-0.0014024333588511,-0.0073378325476102,0.00426,1800.0
435.71383438573616,-0.0031529999999999,-0.0101979999999999,0.00426,1800.0
435.8144007729127,-0.0032263650610582,-0.0101718382799804,0.00426,1800.0
435.91496978269356,-0.0041443162892621,-0.0098245122968593,0.00426,1800.0
436.0155015991761,-0.005505856304493,-0.0091466974537633,0.00426,1800.0
436.11602101789254,-0.0067534197613851,-0.0082439508811164,0.00426,1800.0
436.21659765706795,-0.007810969318256,-0.0072413095482345,0.00426,1800.0
436.3071049259736,-0.0086621604310214,-0.0061850174433068,0.00426,1800.0
436.4122198628022,-0.0094873574826282,-0.004820675488413,0.00426,1800.0
436.51357851491707,-0.0100681773498843,-0.0033789975191164,0.00426,1800.0
436.61414061055916,-0.0104472147666819,-0.0019075451745053,0.00426,1800.0
436.7147041367127,-0.010636437550548,-0.0004233124345457,0.00426,1800.0
436.8152776764466,-0.0105885953120079,0.0010866839546408,0.00426,1800.0
436.9158400105073,-0.0103395028505263,0.0025582477581193,0.00426,1800.0
437.0164187954499,-0.0098873186909084,0.0039529142421516,0.00426,1800.0
437.1069518135621,-0.0093174522935945,0.0051863692004885,0.00426,1800.0
437.20751677022713,-0.0084654624888558,0.0064883912991235,0.00426,1800.0
437.3080788658692,-0.0075220058395016,0.0075484370501096,0.00426,1800.0
437.40864644513863,-0.0063826970941108,0.0085261022386938,0.00426,1800.0
437.509212355478,-0.0051175775768977,0.009327616097404,0.00426,1800.0
437.60978065000313,-0.0037585187705833,0.0099524871259288,0.00426,1800.0
437.7103417919709,-0.0022926667754681,0.0103924626390666,0.00426,1800.0
437.80672798620003,-0.0008457394817607,0.0106127210924154,0.00426,1800.0
437.9072683857514,0.0006402336483342,0.0106187640806464,0.00426,1800.0
438.00784025655526,0.0021270286101801,0.0104283739602787,0.00426,1800.0
438.1083720730378,0.0036115281428258,0.0100421894476936,0.00426,1800.0
438.2089303539826,0.0049254617701037,0.0094603489087872,0.00426,1800.0
438.30949078069466,0.006230254407536,0.0086575330343948,0.00426,1800.0
438.4100636051728,0.0073799997208503,0.0076927747610027,0.00426,1800.0
438.5106304691865,0.0084178209213253,0.0065242852335823,0.00426,1800.0
438.61115179525154,0.009229031206964,0.0053194555313754,0.00426,1800.0
438.7116974400117,0.0098728394239112,0.0039863162198168,0.00426,1800.0
438.81222758756417,0.0103333461351205,0.0025022965025878,0.00426,1800.0
438.91279993520516,0.0105939259492966,0.001001562783533,0.00426,1800.0
439.0133296059205,0.0106290483439062,-0.0004899444596503,0.00426,1800.0
439.116173128946,0.0104454859304277,-0.0020309040169961,0.00426,1800.0
439.20668349729317,0.0101118427861924,-0.0033426911072918,0.00426,1800.0
439.3072761105134,0.0095803332268792,-0.0046673814693204,0.00426,1800.0
439.40801988111275,0.0088318589077751,-0.0059746119497244,0.00426,1800.0
439.5085884140565,0.0078540301523067,-0.0072175698765658,0.00426,1800.0
439.61239204870003,0.0067233503464756,-0.0082750413341615,0.00426,1800.0
439.7129691647126,0.0055108666723046,-0.0091087735869047,0.00426,1800.0
439.8135448502137,0.0041861628711218,-0.009789497787795,0.00426,1800.0
439.91409812436837,0.0027418914757333,-0.0102867085628596,0.00426,1800.0
440.01467714772957,0.001264987379857,-0.0105649950025715,0.00426,1800.0
440.1152525948121,-0.0002380871532203,-0.0106329319495466,0.00426,1800.0
440.21581826673287,-0.001730840604223,-0.0105008818095402,0.00426,1800.0
440.3163374470307,-0.002805847158582,-0.0102954391783711,0.00426,1800.0
440.40684710012215,-0.003153,-0.0101979999999999,0.00426,1800.0
440.50816998945015,-0.002164489395439,-0.0108694787708507,0.00426,1800.0
440.60873566137093,0.0022230164900281,-0.0138495712907345,0.00426,1800.0
440.70929275022286,0.002789,-0.014234,0.00426,1800.0
440.80847416387337,0.0029268794361995,-0.0142047916849929,0.00426,1800.0
440.90902934537667,0.0038809900820168,-0.0139291141025117,0.00426,1800.0
441.00958929525154,0.0052772336106739,-0.0134607958422989,0.00426,1800.0
441.11014423833626,0.006652542805529,-0.0128603004161051,0.00426,1800.0
441.2107068108155,0.0079653174997288,-0.0120837042764881,0.00426,1800.0
441.31127176748055,0.0092218570451854,-0.0111641971003015,0.00426,1800.0
441.411836485727,0.0103487891602533,-0.01014326542619,0.00426,1800.0
441.51236854062813,0.0113231299414107,-0.0090391311592646,0.00426,1800.0
441.6129458950593,0.012196269300762,-0.0078390386288023,0.00426,1800.0
441.71351609693306,0.0129340654316391,-0.0065381195787648,0.00426,1800.0
441.8140755699708,0.0135495646498388,-0.0051300173626518,0.00426,1800.0
441.9145952271058,0.0140015765062428,-0.0037017856528479,0.00426,1800.0
442.0151113079621,0.0142899707143285,-0.0023826925188827,0.00426,1800.0
442.10563002095955,0.0144256802550646,-0.0012876909126663,0.00426,1800.0
442.20919809804695,0.0144737029863704,0.0001272306731156,0.00426,1800.0
442.30976448522347,0.0143875420090454,0.0016273356813611,0.00426,1800.0
442.4103261040284,0.0141533774945403,0.0030551260297521,0.00426,1800.0
442.510907749994,0.0137635639637589,0.0045039631094336,0.00426,1800.0
442.61147914396065,0.013214722239818,0.0059253612180597,0.00426,1800.0
442.71205697522896,0.0125478669956349,0.0072576550453305,0.00426,1800.0
442.8126286076142,0.0120296378294817,0.0080830036849514,0.00426,1800.0
442.9132145451142,0.0112078741377948,0.0091908704495461,0.00426,1800.0
443.0137754486634,0.0101915253109311,0.0102857688665297,0.00426,1800.0
443.11439619527596,0.0090362926755327,0.0113192760334448,0.00426,1800.0
443.214912991388,0.007790687298069,0.0122032195244778,0.00426,1800.0
443.3154855774476,0.0064774437830065,0.0129489754183668,0.00426,1800.0
443.4059546993806,0.0052354183892466,0.0135025485824819,0.00426,1800.0
443.51399074064034,0.0037304401123005,0.0139918748640164,0.00426,1800.0
443.6145511673524,0.0023116429369256,0.0142939000712869,0.00426,1800.0
443.70637474523323,0.0009421142191654,0.0144542972854593,0.00426,1800.0
443.8069437550141,-0.0006010097393361,0.0144817021211216,0.00426,1800.0
443.9075058506562,-0.0021023547436376,0.0143468566869016,0.00426,1800.0
444.01706610189217,-0.0037528501917896,0.0140044280788687,0.00426,1800.0
444.10757742391365,-0.0050109385176512,0.0135969101586265,0.00426,1800.0
444.2081504868104,-0.0063879474276755,0.0129964241982278,0.00426,1800.0
444.3087261723115,-0.007716206806262,0.0122516153923768,0.00426,1800.0
444.40929303632515,-0.0089360144409547,0.0113891838294205,0.00426,1800.0
444.51002035604256,-0.0100650569758765,0.0104082382850738,0.00426,1800.0
444.6105707691743,-0.0111030096982181,0.0092897184823621,0.00426,1800.0
444.7120905922486,-0.0120206532443137,0.0080740425255804,0.00426,1800.0
444.81262121663826,-0.0127781111010307,0.0068103913283367,0.00426,1800.0
444.91318116651314,-0.0134254217558525,0.0054415213504628,0.00426,1800.0
445.01374087796944,-0.0139234055567354,0.0040059769959804,0.00426,1800.0
445.11428318486946,-0.0142830483764585,0.0025082829233847,0.00426,1800.0
445.21483407483834,-0.0144553294421568,0.0010292824441885,0.00426,1800.0
445.31546555028694,-0.0144870731872305,-0.0004192107389797,0.00426,1800.0
445.40592775808113,-0.0143695973790391,-0.0017694944119185,0.00426,1800.0
445.5094297932221,-0.0141024155488685,-0.0032877320385732,0.00426,1800.0
445.6099611328675,-0.0136647241320406,-0.0047705846582101,0.00426,1800.0
445.7105175064637,-0.0131000628700033,-0.0061655183478919,0.00426,1800.0
445.81110296712654,-0.012393986067553,-0.0074794764141467,0.00426,1800.0
445.91166315542,-0.0115337177245264,-0.0087538103457134,0.00426,1800.0
446.0122288273408,-0.0106806950592914,-0.0097935128895899,0.00426,1800.0
446.11280475126046,-0.0100009862381606,-0.0104820773081062,0.00426,1800.0
446.2144430683686,-0.0088436008825392,-0.0114833615509751,0.00426,1800.0
446.31498632894295,-0.0076063605478906,-0.0123408230439113,0.00426,1800.0
446.41555390821236,-0.0063045224320245,-0.0130586839680427,0.00426,1800.0
446.5060533093049,-0.0050638463570986,-0.0135690906220011,0.00426,1800.0
446.60667596326607,-0.0035947997965112,-0.0140247226831161,0.00426,1800.0
446.70724735723275,-0.0021506483314216,-0.0143199187494197,0.00426,1800.0
446.8077834652497,-0.0006865772150084,-0.0144590728072392,0.00426,1800.0
446.91015682683724,0.0008398310355267,-0.0144549400347684,0.00426,1800.0
447.01072869764107,0.0021186149210094,-0.0143375795917665,0.00426,1800.0
447.1112917469575,0.002789,-0.014234,0.00426,1800.0
447.2118669556214,0.0027874588825607,-0.0142334342733451,0.00426,1800.0
447.3123663471772,0.0018036864890231,-0.0138654655979196,0.00426,1800.0
447.4129179524018,-0.0030239875355305,-0.0120595065679624,0.00426,1800.0
447.5134800480439,-0.0036623367371492,-0.0118206162957315,0.00426,1800.0
447.61403332219857,-0.0036719999999999,-0.0118169999999999,0.00426,1800.0
447.71459684835213,-0.0037710715515955,-0.0117823528981527,0.00426,1800.0
447.8059104488923,-0.0047325147411376,-0.0114090863943539,0.00426,1800.0
447.90647397504586,-0.006071449071071,-0.0107456109715463,0.00426,1800.0
448.0070363091065,-0.0073357840732634,-0.0099206889437413,0.00426,1800.0
448.10759578214424,-0.0084809030986554,-0.0089654492091125,0.00426,1800.0
448.2127903507783,-0.0095551980216106,-0.0077997524473823,0.00426,1800.0
448.3133398102357,-0.0104614430986027,-0.0065579466059209,0.00426,1800.0
448.41391907201546,-0.0111774015430406,-0.0052499522383757,0.00426,1800.0
448.51448593602913,-0.0117416161532118,-0.0038627358471687,0.00426,1800.0
448.6150816486909,-0.0121306723335036,-0.0024068343159647,0.00426,1800.0
448.71536336408394,-0.0123416234071949,-0.0008976719381243,0.00426,1800.0
448.80588708387154,-0.0123471755359549,0.0004354207096703,0.00426,1800.0
448.90642152295845,-0.0121993032768392,0.0019320585964047,0.00426,1800.0
449.00698719487923,-0.0118694742767495,0.0034279509666623,0.00426,1800.0
449.1086071537568,-0.0113602130032046,0.0048316968641681,0.00426,1800.0
449.20916734205025,-0.0106815194280303,0.0061788501222937,0.00426,1800.0
449.3097311066224,-0.009824370080751,0.0074648889004202,0.00426,1800.0
449.4102898644044,-0.008860927624799,0.008595077353446,0.00426,1800.0
449.5108688877656,-0.0077737616675083,0.0095913148449154,0.00426,1800.0
449.6114376591279,-0.0065161939590113,0.0104951726246886,0.00426,1800.0
449.7120128677918,-0.0052398054855797,0.0111924310623694,0.00426,1800.0
449.81258235440987,-0.0038380184291064,0.0117579743526811,0.00426,1800.0
449.9131313370301,-0.0023819540466447,0.0121348116227208,0.00426,1800.0
450.0137129829957,-0.0008513831037475,0.0123232954315353,0.00426,1800.0
450.1142917679383,0.0006249191802992,0.0123403353597738,0.00426,1800.0
450.20995769964,0.0020732925236405,0.0121791955112882,0.00426,1800.0
450.3105355309083,0.0035499779771978,0.0118362945470545,0.00426,1800.0
450.41110024915474,0.0049265160700416,0.0113215607578507,0.00426,1800.0
450.51167569623726,0.0062703205280657,0.0106332875776559,0.00426,1800.0
450.61223898397225,0.0075362510432438,0.0097574937487014,0.00426,1800.0
450.7128230141236,0.008630415703412,0.0087694582122558,0.00426,1800.0
450.81339488492745,0.0096771749606443,0.0076774856191316,0.00426,1800.0
450.91397390828865,0.0105149573678458,0.006504899170669,0.00426,1800.0
451.01453481183785,0.0112308885954945,0.0051726360970079,0.00426,1800.0
451.11509666906136,0.011780185816299,0.0037321085579836,0.00426,1800.0
451.20560656057137,0.0121075513139121,0.0024343397740596,0.00426,1800.0
451.3073264168336,0.0123093747781557,0.0009251261092877,0.00426,1800.0
451.4079111622407,0.0123286286873386,-0.0005910949602292,0.00426,1800.0
451.50847897992867,0.0121791553535672,-0.0020850451162511,0.00426,1800.0
451.6100705669953,0.0118286059008578,-0.0035683958181455,0.00426,1800.0
451.71078382001656,0.0112947273217308,-0.0049839123646238,0.00426,1800.0
451.81135044561165,0.0106207126239172,-0.0063165867263397,0.00426,1800.0
451.9119151638581,0.0097528457904896,-0.0075926177245924,0.00426,1800.0
452.0124591396882,0.0088141894175615,-0.0086703672560428,0.00426,1800.0
452.11297569738167,0.0076783927044466,-0.009696361700704,0.00426,1800.0
452.21354470716255,0.0064617922007021,-0.0105436149646317,0.00426,1800.0
452.314068655832,0.0050908450347516,-0.0112567105756377,0.00426,1800.0
452.41464028821724,0.0036932981136244,-0.0117800452924258,0.00426,1800.0
452.51521382795113,0.0022510691748812,-0.0121387021342183,0.00426,1800.0
452.6057308720185,0.0008791304120127,-0.0123039337668565,0.00426,1800.0
452.7062953518464,-0.0006469320478748,-0.0123298974501841,0.00426,1800.0
452.80686054693,-0.0021469410895511,-0.0121591986700482,0.00426,1800.0
452.91492066846627,-0.0033547801351421,-0.0119098615034192,0.00426,1800.0
453.01549873815316,-0.0036719999999999,-0.0118169999999999,0.00426,1800.0
453.1160923050477,-0.0036719999999999,-0.0118169999999999,0.00426,0.0
