3239.661957350264,-0.0060009999999999,-0.0039103999999999,0.037630000000000004,0.0
3239.762522306929,-0.0061412226638624,-0.0037547238678595,0.037630000000000004,0.0
3239.863073196898,-0.006677473434876,-0.0031593723400699,0.037630000000000004,0.0
3239.963636484633,-0.0075766737849222,-0.0021610450088576,0.037630000000000004,0.0
3240.064207163344,-0.0084304349445616,-0.0012130512933477,0.037630000000000004,0.0
3240.164749947081,-0.0093033502849253,-0.0002438877912243,0.037630000000000004,0.0
3240.2653096585373,-0.0102148948664412,0.0007682288739752,0.037630000000000004,0.0
3240.3658865361313,-0.0110748426982672,0.0017230470528803,0.037630000000000004,0.0
3240.466465321074,-0.0119671596855568,0.0027138047042482,0.037630000000000004,0.0
3240.567034092436,-0.0128383734877374,0.0036811019373817,0.037630000000000004,0.0
3240.6676164536575,-0.0137267312966941,0.0046674482724861,0.037630000000000004,0.0
3240.760343637953,-0.0143115589194545,0.0053168444711287,0.037630000000000004,0.0
3240.860930767546,-0.014535,0.005565,0.037630000000000004,0.0
3240.9612780480484,-0.0145878229344357,0.0054129372828695,0.037630000000000004,1800.0
3241.0618446736435,-0.0148943006438358,0.004510717450366,0.037630000000000004,1800.0
3241.1631713776687,-0.0152526200190072,0.0030850066123114,0.037630000000000004,1800.0
3241.2637399106125,-0.0154842734058194,0.0016134619651772,0.037630000000000004,1800.0
3241.3642855553726,-0.0155597308694922,7.361016830814693e-05,0.037630000000000004,1800.0
3241.4648471741775,-0.0154857005360134,-0.0014443761860703,0.037630000000000004,1800.0
3241.565411892424,-0.0152752323830359,-0.002921147032424,0.037630000000000004,1800.0
3241.6659279732803,-0.0149349178615004,-0.0043336923700192,0.037630000000000004,1800.0
3241.7664702801803,-0.0144229075816602,-0.0057858209592679,0.037630000000000004,1800.0
3241.8670419125656,-0.0138385412521083,-0.0070898275438185,0.037630000000000004,1800.0
3241.967623081694,-0.0132223275767142,-0.0081852292020832,0.037630000000000004,1800.0
3242.068182316313,-0.012463780489156,-0.0092948662641276,0.037630000000000004,1800.0
3242.168720808516,-0.0115072484122865,-0.0104682936943332,0.037630000000000004,1800.0
3242.2692991166214,-0.0104033065473715,-0.0115667541336451,0.037630000000000004,1800.0
3242.3625081448654,-0.0092966937444853,-0.0124858405676102,0.037630000000000004,1800.0
3242.463879433165,-0.0081180489932987,-0.0132776756241604,0.037630000000000004,1800.0
3242.564417686949,-0.0067770677886402,-0.0140068181772526,0.037630000000000004,1800.0
3242.6649931340316,-0.0057970149058922,-0.01444461666762,0.037630000000000004,1800.0
3242.765578833113,-0.0044921827639574,-0.0148885250801515,0.037630000000000004,1800.0
3242.866124716292,-0.003034928597089,-0.015243983648207,0.037630000000000004,1800.0
3242.966701355467,-0.001533455869409,-0.015464835779315,0.037630000000000004,1800.0
3243.067271080504,1.0890360538570731e-05,-0.0155505853635161,0.037630000000000004,1800.0
3243.167846050749,0.001533438511467,-0.0154722441931923,0.037630000000000004,1800.0
3243.2683914570907,0.0030061653163651,-0.0152608815118208,0.037630000000000004,1800.0
3243.368954506407,0.0044412890747147,-0.0149062606095539,0.037630000000000004,1800.0
3243.4695299534897,0.0058631467108104,-0.0144226388592603,0.037630000000000004,1800.0
3243.5600462823013,0.0065753174399727,-0.0141116423776106,0.037630000000000004,1800.0
3243.660611477385,0.0078627637747146,-0.0134228816060076,0.037630000000000004,1800.0
3243.7634216218094,0.0091105363458916,-0.0126029417202018,0.037630000000000004,1800.0
3243.864898291121,0.0103401648105309,-0.0116161046841691,0.037630000000000004,1800.0
3243.9654436974624,0.0113991532798753,-0.010572545682712,0.037630000000000004,1800.0
3244.0660260586837,0.0123541890024547,-0.0094401050081358,0.037630000000000004,1800.0
3244.1665714650253,0.0132070964682527,-0.0082020075468069,0.037630000000000004,1800.0
3244.2671368985275,0.0139484420546129,-0.006870997418274,0.037630000000000004,1800.0
3244.3677080540756,0.0145572640236582,-0.0054653904544852,0.037630000000000004,1800.0
3244.468273249159,0.0150178125045639,-0.0040469385352262,0.037630000000000004,1800.0
3244.5688374905685,0.0153348646061212,-0.002608550021035,0.037630000000000004,1800.0
3244.6694138913253,0.0155297671629465,-0.0010242818156485,0.037630000000000004,1800.0
3244.759927359114,0.0155532111752964,0.0003098016938997,0.037630000000000004,1800.0
3244.8605056672195,0.0154530376913562,0.00177580166555,0.037630000000000004,1800.0
3244.9610739617447,0.0152188853641591,0.003231363875845,0.037630000000000004,1800.0
3245.0616429715255,0.0148187937699641,0.0047038492226172,0.037630000000000004,1800.0
3245.1640671162704,0.0142756775136539,0.0061652699069281,0.037630000000000004,1800.0
3245.2646428017715,0.0136159360378623,0.0075010312503367,0.037630000000000004,1800.0
3245.365205135832,0.0128454910776349,0.0087644225573806,0.037630000000000004,1800.0
3245.4657681851486,0.011921584930694,0.0099806367316873,0.037630000000000004,1800.0
3245.563459959517,0.0109034564203742,0.011082196650038,0.037630000000000004,1800.0
3245.6642821698288,0.0098032292196764,0.0120889102151144,0.037630000000000004,1800.0
3245.764854279051,0.0086335166280568,0.0130035878757168,0.037630000000000004,1800.0
3245.865419235716,0.0073230691284672,0.0137342173087415,0.037630000000000004,1800.0
3245.9659765629867,0.0063036722643353,0.0142302768141298,0.037630000000000004,1800.0
3246.066537466536,0.0050302822493038,0.0147249115318561,0.037630000000000004,1800.0
3246.167548742781,0.0036658206234847,0.0151188379345282,0.037630000000000004,1800.0
3246.2680612473587,0.0021578367136957,0.015402345329318,0.037630000000000004,1800.0
3246.368642416487,0.0006340656513789,0.0155345932461435,0.037630000000000004,1800.0
3246.4692231087784,-0.000823503054645,0.015525471514024,0.037630000000000004,1800.0
3246.5597420601944,-0.0021495055839472,0.0153977342855193,0.037630000000000004,1800.0
3246.6602900891403,-0.0036529108586603,0.0151157169621371,0.037630000000000004,1800.0
3246.7608724503616,-0.0050236923681868,0.0147236896600325,0.037630000000000004,1800.0
3246.8614030747513,-0.006161043363369,0.0142889569834629,0.037630000000000004,1800.0
3246.966495361815,-0.0073907370267599,0.0136931346635675,0.037630000000000004,1800.0
3247.0682409672836,-0.0087352091773573,0.0128882444719417,0.037630000000000004,1800.0
3247.1687749295334,-0.0098932677623303,0.012015911622145,0.037630000000000004,1800.0
3247.269296970854,-0.0110159085598374,0.0109847745024674,0.037630000000000004,1800.0
3247.35980757762,-0.0119387472815985,0.009960062423383,0.037630000000000004,1800.0
3247.4603734879593,-0.0128409154951516,0.0087736829638048,0.037630000000000004,1800.0
3247.5609308152298,-0.0135256196811356,0.0076924044711166,0.037630000000000004,1800.0
3247.6614936261276,-0.014111870998086,0.0065253293224259,0.037630000000000004,1800.0
3247.7620054154495,-0.0144974644891084,0.0056616961517603,0.037630000000000004,1800.0
3247.862575140486,-0.0145349999999999,0.005565,0.037630000000000004,1800.0
3247.963137951384,-0.0139659227101662,0.0058377595835267,0.037630000000000004,1800.0
3248.0637031464676,-0.0108650570121904,0.0073240343110695,0.037630000000000004,1800.0
3248.1642750172714,-0.0046850154746175,0.0102862803614559,0.037630000000000004,1800.0
3248.2648349671463,-0.0045717580412981,0.0103406361919644,0.037630000000000004,1800.0
3248.3679567246536,-0.004571,0.0103409999999999,0.037630000000000004,1800.0
3248.4693520932296,-0.004146686814423,0.010515642643287,0.037630000000000004,1800.0
3248.5598643689254,-0.0030021816691209,0.0108709921223263,0.037630000000000004,1800.0
3248.6603823571304,-0.0015080058201715,0.0111708435185967,0.037630000000000004,1800.0
3248.7609704403976,8.24380131131397e-06,0.0112696731068804,0.037630000000000004,1800.0
3248.8615477948288,0.0015143789254955,0.0111708493465293,0.037630000000000004,1800.0
3248.962112751494,0.002997267704408,0.0108757391024623,0.037630000000000004,1800.0
3249.062694159041,0.004397037127937,0.0103909252115385,0.037630000000000004,1800.0
3249.163265791426,0.0056900339711103,0.0097442289831114,0.037630000000000004,1800.0
3249.2638107209305,0.0069724353024309,0.0088819159206174,0.037630000000000004,1800.0
3249.364371386061,0.0080780766848019,0.0079046242183154,0.037630000000000004,1800.0
3249.464897957335,0.0090973004329523,0.0066896876372517,0.037630000000000004,1800.0
3249.5654574303726,0.009899650846876,0.0054323711016418,0.037630000000000004,1800.0
3249.6660214333633,0.0105092718566357,0.0040990892504039,0.037630000000000004,1800.0
3249.769564953337,0.0109739660229759,0.0026282889859859,0.037630000000000004,1800.0
3249.8606127171615,0.0112002929432564,0.0012639807634375,0.037630000000000004,1800.0
3249.961175766478,0.0112708538101899,-0.0002462966571121,0.037630000000000004,1800.0
3250.0617326169113,0.0111548578493892,-0.0017480449461793,0.037630000000000004,1800.0
3250.1623030572036,0.0108065311303813,-0.0032300183062548,0.037630000000000004,1800.0
3250.2628670601944,0.0102901288812135,-0.0046196151939576,0.037630000000000004,1800.0
3250.3634937672714,0.0096001697416899,-0.005938944318939,0.037630000000000004,1800.0
3250.4640999703506,0.0087067193292879,-0.0072085036253101,0.037630000000000004,1800.0
3250.5646606354812,0.0076702225276246,-0.0082914505533655,0.037630000000000004,1800.0
3250.6652134327987,0.0064800543273956,-0.0092505818157668,0.037630000000000004,1800.0
3250.765765753279,0.0052064056516739,-0.0100114375748592,0.037630000000000004,1800.0
3250.866321173201,0.003894795757345,-0.0105917355457962,0.037630000000000004,1800.0
3250.9668868451217,0.0024378923774754,-0.0110080283879189,0.037630000000000004,1800.0
3251.0673776536087,0.0009623218037291,-0.0112332954128683,0.037630000000000004,1800.0
3251.167943563948,-0.0005629046660262,-0.0112514039879969,0.037630000000000004,1800.0
3251.268520918379,-0.0020854067942961,-0.0110820463376005,0.037630000000000004,1800.0
3251.363301840315,-0.0034506725240984,-0.0107376459474938,0.037630000000000004,1800.0
3251.4638722806076,-0.0048744222622823,-0.0101806664113171,0.037630000000000004,1800.0
3251.5644589333633,-0.006155751830225,-0.0094611353909405,0.037630000000000004,1800.0
3251.66503032733,-0.0073836281498051,-0.0085469692175848,0.037630000000000004,1800.0
3251.7656064896682,-0.0084684430772796,-0.0074731616365442,0.037630000000000004,1800.0
3251.8661662011245,-0.0093754074065804,-0.0063065465988352,0.037630000000000004,1800.0
3251.9667237668136,-0.0101328058444983,-0.0049715352131182,0.037630000000000004,1800.0
3252.0672663121322,-0.010687799436752,-0.0036195991518845,0.037630000000000004,1800.0
3252.1678429513076,-0.011064722140764,-0.0021380359832244,0.037630000000000004,1800.0
3252.2684012322525,-0.0112548472229644,-0.0006221062367401,0.037630000000000004,1800.0
3252.368985262404,-0.0112426066708413,0.0008651992053643,0.037630000000000004,1800.0
3252.469703760634,-0.0110367169482468,0.0023088411276707,0.037630000000000004,1800.0
3252.5601850419143,-0.0106923734589641,0.0035960270213286,0.037630000000000004,1800.0
3252.660759296904,-0.0100934856814784,0.0050479794307624,0.037630000000000004,1800.0
3252.763152685652,-0.0093196660485128,0.0063812438946386,0.037630000000000004,1800.0
3252.8637309937576,-0.0083813846111669,0.0075730122912598,0.037630000000000004,1800.0
3252.964293566237,-0.0073503313567088,0.0085761505666433,0.037630000000000004,1800.0
3253.0648604302505,-0.0061574394020503,0.0094650797551689,0.037630000000000004,1800.0
3253.165430155287,-0.0049481494429981,0.010141300582933,0.037630000000000004,1800.0
3253.266006556044,-0.004579578858744,0.0103369215261708,0.037630000000000004,1800.0
3253.3665841488937,-0.004571,0.0103409999999999,0.037630000000000004,1800.0
3253.4671853451828,-0.0063599596563127,0.0090265982055683,0.037630000000000004,1800.0
3253.567759838591,-0.010336500137312,0.0061048746392138,0.037630000000000004,1800.0
3253.6683436303238,-0.0132930713019256,0.0039325733061038,0.037630000000000004,1800.0
3253.7689348130325,-0.0132979999999999,0.003929,0.037630000000000004,1800.0
3253.8694635300735,-0.013328168048131,0.0038225304277447,0.037630000000000004,1800.0
3253.960002031813,-0.0134615019316804,0.0033287757661102,0.037630000000000004,1800.0
3254.0605746178726,-0.0137360956710985,0.0018661076292874,0.037630000000000004,1800.0
3254.164339151869,-0.0138605475716519,0.0003109536760118,0.037630000000000004,1800.0
3254.264903631697,-0.0138012376618014,-0.0012409068241998,0.037630000000000004,1800.0
3254.3654819398025,-0.0135844895201101,-0.0026900928467623,0.037630000000000004,1800.0
3254.4660485653976,-0.0132235331407455,-0.0041087553790132,0.037630000000000004,1800.0
3254.5665846734146,-0.012681897249188,-0.0055441358696292,0.037630000000000004,1800.0
3254.6671684651474,-0.0119813113989582,-0.0069273554932532,0.037630000000000004,1800.0
3254.767741528044,-0.0111692329936691,-0.0081817113994722,0.037630000000000004,1800.0
3254.86828288127,-0.0102422321538624,-0.0093161285858087,0.037630000000000004,1800.0
3254.9688402085403,-0.0091905529881272,-0.0103637994775666,0.037630000000000004,1800.0
3255.069406595717,-0.008032570197348,-0.01128532954547,0.037630000000000004,1800.0
3255.159923162947,-0.006894280592915,-0.0120346374105932,0.037630000000000004,1800.0
3255.260451403151,-0.0055356076976351,-0.012703598866005,0.037630000000000004,1800.0
3255.361024942885,-0.0044325917355249,-0.0131289792090104,0.037630000000000004,1800.0
3255.4616213708023,-0.0031685350321405,-0.0134852025605469,0.037630000000000004,1800.0
3255.5638533501724,-0.0016669023851102,-0.013743900827195,0.037630000000000004,1800.0
3255.665696945677,-0.000152253126646,-0.0138477554137608,0.037630000000000004,1800.0
3255.766232576857,0.0012998057289292,-0.0137874588057879,0.037630000000000004,1800.0
3255.8668046860794,0.0027844108551116,-0.0135608193588234,0.037630000000000004,1800.0
3255.9673753647903,0.0042764557517948,-0.0131677662189202,0.037630000000000004,1800.0
3256.067942228804,0.0057026038436915,-0.0126175006637139,0.037630000000000004,1800.0
3256.168521967421,0.0070486484188991,-0.0119232535291453,0.037630000000000004,1800.0
3256.2690878777603,0.0082851671905646,-0.0111012290553819,0.037630000000000004,1800.0
3256.360723581801,0.0093753441828962,-0.0102156014258199,0.037630000000000004,1800.0
3256.461233463774,0.0103575716319898,-0.0092098474780435,0.037630000000000004,1800.0
3256.5618010430435,0.011332573088498,-0.0079624701584433,0.037630000000000004,1800.0
3256.6623440651992,0.01212882865349,-0.0066903738797423,0.037630000000000004,1800.0
3256.7629073529342,0.0127729720044162,-0.0053529785235443,0.037630000000000004,1800.0
3256.8634828000168,0.0132631687255391,-0.0039694136767261,0.037630000000000004,1800.0
3256.964052763472,0.0136038225681396,-0.0025745655523894,0.037630000000000004,1800.0
3257.0648780732254,0.013792491356452,-0.0012710327600677,0.037630000000000004,1800.0
3257.1654575734237,0.0138424759644859,1.6788348493279592e-05,0.037630000000000004,1800.0
3257.265979376326,0.0137702914327977,0.001511325080018,0.037630000000000004,1800.0
3257.3674815564254,0.0135292334682078,0.0029732074884055,0.037630000000000004,1800.0
3257.468060341368,0.0131219908586969,0.0044667843580744,0.037630000000000004,1800.0
3257.568646278868,0.0125742122985316,0.005841368809525,0.037630000000000004,1800.0
3257.6692207722763,0.0118945887785762,0.0071136652802583,0.037630000000000004,1800.0
3257.759735432158,0.0111366327027365,0.0082397104431663,0.037630000000000004,1800.0
3257.860288467894,0.0101585163037808,0.0094069563181775,0.037630000000000004,1800.0
3257.9608162312607,0.0090459547351405,0.0104752272522439,0.037630000000000004,1800.0
3258.0613795189956,0.0078553661159652,0.0113979906597704,0.037630000000000004,1800.0
3258.161938753615,0.0065976157118445,0.0121673544475445,0.037630000000000004,1800.0
3258.262467232237,0.0052655302217635,0.0128219593913237,0.037630000000000004,1800.0
3258.363034573088,0.0038366493222759,0.0133291650722808,0.037630000000000004,1800.0
3258.463695374022,0.0023207047386024,0.0136599350311666,0.037630000000000004,1800.0
3258.564263668547,0.0008313285214269,0.0138307211454377,0.037630000000000004,1800.0
3258.6602197556595,-0.0005463310966671,0.0138511701950957,0.037630000000000004,1800.0
3258.760792341719,-0.0021044127970746,0.0136922871503403,0.037630000000000004,1800.0
3258.8613377480606,-0.0035452000698257,0.0133975572654733,0.037630000000000004,1800.0
3258.9619186787704,-0.004601736195525,0.0130793834696598,0.037630000000000004,1800.0
3259.0624304680923,-0.005863654115795,0.0125433477222913,0.037630000000000004,1800.0
3259.162962761412,-0.0071479638112232,0.0118613552577616,0.037630000000000004,1800.0
3259.2635432152847,-0.0083701209135056,0.0110334514678677,0.037630000000000004,1800.0
3259.3640602498153,-0.0095201644077476,0.0100507297555728,0.037630000000000004,1800.0
3259.46462019969,-0.010559049550015,0.0089547871527441,0.037630000000000004,1800.0
3259.565184202681,-0.0114687557033282,0.0077608507129807,0.037630000000000004,1800.0
3259.665745821486,-0.0122565369950997,0.006449923932053,0.037630000000000004,1800.0
3259.766341295729,-0.0128961977012904,0.0050766892940135,0.037630000000000004,1800.0
3259.8669100670913,-0.0132918064790066,0.0039493909768089,0.037630000000000004,1800.0
3259.9674852757553,-0.013297505413208,0.0039306283318997,0.037630000000000004,1800.0
3260.0689779191116,-0.0132979999999999,0.003929,0.037630000000000004,1800.0
3260.1597076325515,-0.0104781967265459,0.0067238818642588,0.037630000000000004,1800.0
3260.2611943154434,-0.0067183344043977,0.0104505403067479,0.037630000000000004,1800.0
3260.3617213635544,-0.00526,0.011896,0.037630000000000004,1800.0
3260.462282028685,-0.0048905740292992,0.0120404972881409,0.037630000000000004,1800.0
3260.5628162293533,-0.0038049103087546,0.0124120261953207,0.037630000000000004,1800.0
3260.663374033461,-0.0023487327014154,0.0127797479207575,0.037630000000000004,1800.0
3260.7639547257522,-0.0008897787940565,0.0129590010820357,0.037630000000000004,1800.0
3260.864518728743,0.000700509308105,0.0129768056339124,0.037630000000000004,1800.0
3260.965074625502,0.0021895367177558,0.012814348802259,0.037630000000000004,1800.0
3261.065635529051,0.0035873006531779,0.0124910231853616,0.037630000000000004,1800.0
3261.16619142581,0.0050393515561817,0.0119739160780332,0.037630000000000004,1800.0
3261.2667470841507,0.0063596770799403,0.0113225757748806,0.037630000000000004,1800.0
3261.3612755208114,0.0075722324012334,0.0105425254556252,0.037630000000000004,1800.0
3261.461808529387,0.008772755529937,0.0095666066977176,0.037630000000000004,1800.0
3261.5623715787033,0.0098146292368265,0.0084896605419882,0.037630000000000004,1800.0
3261.6629391579727,0.010706285350528,0.007339036069047,0.037630000000000004,1800.0
3261.763461914549,0.0114777151874644,0.0060627947259868,0.037630000000000004,1800.0
3261.866052713881,0.0121407750996262,0.0045978086359468,0.037630000000000004,1800.0
3261.9666133790115,0.0125991076804772,0.003156594381958,0.037630000000000004,1800.0
3262.06719287921,0.0128839500139924,0.0017138300264071,0.037630000000000004,1800.0
3262.167757120619,0.013000371389294,0.000249277405609,0.037630000000000004,1800.0
3262.2683292298416,0.0129341542106673,-0.00130747843757,0.037630000000000004,1800.0
3262.368892279158,0.0127006446242976,-0.0027317082570706,0.037630000000000004,1800.0
3262.459391441832,0.0123259688352388,-0.0040671730251562,0.037630000000000004,1800.0
3262.5599466233352,0.0117533587019403,-0.0055021630634756,0.037630000000000004,1800.0
3262.660509434233,0.0110280022571559,-0.0068368811112176,0.037630000000000004,1800.0
3262.7610808281997,0.0101726002997395,-0.008056955366407,0.037630000000000004,1800.0
3262.8625925450424,0.0091768488566713,-0.0091715830282981,0.037630000000000004,1800.0
3262.963535633574,0.0080769440464971,-0.0101859638841192,0.037630000000000004,1800.0
3263.064099398146,0.0069012768137436,-0.0110615454548961,0.037630000000000004,1800.0
3263.164667215834,0.00554877538258,-0.0117498464983248,0.037630000000000004,1800.0
3263.264484014998,0.0041227028238539,-0.0123337710303712,0.037630000000000004,1800.0
3263.3650577931503,0.0027024177390665,-0.0127217997147722,0.037630000000000004,1800.0
3263.4656713872055,0.0011634146577942,-0.0129392628753264,0.037630000000000004,1800.0
3263.5662368207077,-0.000330902535909,-0.0129766737173927,0.037630000000000004,1800.0
3263.666811314116,-0.0018023040216599,-0.0128553937690305,0.037630000000000004,1800.0
3263.767378416548,-0.0033015528894174,-0.0125528344642374,0.037630000000000004,1800.0
3263.867954817305,-0.0047562351748557,-0.0120701101950057,0.037630000000000004,1800.0
3263.9685233502487,-0.0061360775005431,-0.0114386005025544,0.037630000000000004,1800.0
3264.069112625609,-0.0074087995269898,-0.0106591986814919,0.037630000000000004,1800.0
3264.1596508889297,-0.0084589330653398,-0.0098654253949156,0.037630000000000004,1800.0
3264.2602198987106,-0.0095246044937769,-0.00883579773974,0.037630000000000004,1800.0
3264.3612376122574,-0.0105310515337481,-0.0076183247809628,0.037630000000000004,1800.0
3264.461823788176,-0.0113133574635021,-0.0064034235124753,0.037630000000000004,1800.0
3264.5655017762283,-0.0120113099203112,-0.0049612816510053,0.037630000000000004,1800.0
3264.666038599501,-0.0125026069678218,-0.003514683308997,0.037630000000000004,1800.0
3264.766613092909,-0.0128122410391762,-0.0021064814631475,0.037630000000000004,1800.0
3264.867192831526,-0.0129714742530758,-0.0005817625028489,0.037630000000000004,1800.0
3264.9677604107956,-0.012955103353869,0.0009018935840427,0.037630000000000004,1800.0
3265.068329658995,-0.0127594707056006,0.0023679727620867,0.037630000000000004,1800.0
3265.168902483473,-0.0123989359311385,0.0038284232643975,0.037630000000000004,1800.0
3265.2594273953537,-0.0119446340056283,0.0050980703043715,0.037630000000000004,1800.0
3265.36705121089,-0.0112096897991891,0.0065472776444465,0.037630000000000004,1800.0
3265.4676125912765,-0.0103511367415419,0.0078394184899097,0.037630000000000004,1800.0
3265.568185892592,-0.0094102399564411,0.0089602214883284,0.037630000000000004,1800.0
3265.6687494187454,-0.0083186154656721,0.0099926785276546,0.037630000000000004,1800.0
3265.7592574029068,-0.0071881280678925,0.0108242389692905,0.037630000000000004,1800.0
3265.8598326115707,-0.0059327867067667,0.0115533945553655,0.037630000000000004,1800.0
3265.960405912886,-0.0053857803767522,0.0118363031308442,0.037630000000000004,1800.0
3266.06098112155,-0.00526,0.011896,0.037630000000000004,1800.0
3266.1615622906784,-0.00526,0.011896,0.037630000000000004,0.0
