12155.899598360062,-0.014122999999999997,0.005593000000000015,0.035500000000000004,1800.0
12155.999653577805,-0.014440999999999996,0.004726100000000011,0.035500000000000004,1800.0
12156.099197626114,-0.014869599999999997,0.0031028000000000167,0.035500000000000004,1800.0
12156.199736356735,-0.015127500000000002,0.0014436999999999922,0.035500000000000004,1800.0
12156.299312114716,-0.015195,-0.00011420000000000874,0.035500000000000004,1800.0
12156.399229288101,-0.015085600000000005,-0.0017895999999999468,0.035500000000000004,1800.0
12156.499526262283,-0.014823900000000001,-0.0033264999999999545,0.035500000000000004,1800.0
12156.599124193192,-0.014369499999999993,-0.004942899999999972,0.035500000000000004,1800.0
12156.69919371605,-0.013728600000000007,-0.006494600000000017,0.035500000000000004,1800.0
12156.799770355225,-0.013728600000000007,-0.006494600000000017,0.035500000000000004,1800.0
12156.8992125988,-0.012934399999999999,-0.007973699999999972,0.035500000000000004,1800.0
12156.999119758606,-0.0120479,-0.009256399999999998,0.035500000000000004,1800.0
12157.099069356918,-0.0108679,-0.010614000000000012,0.035500000000000004,1800.0
12157.199211359024,-0.009726099999999988,-0.011675600000000008,0.035500000000000004,1800.0
12157.299158334732,-0.00837679999999999,-0.012674999999999992,0.035500000000000004,1800.0
12157.39916419983,-0.0070321999999999885,-0.013463999999999976,0.035500000000000004,1800.0
12157.499185800552,-0.005504899999999993,-0.01416139999999999,0.035500000000000004,1800.0
12157.599196434021,-0.004024499999999986,-0.014649999999999996,0.035500000000000004,1800.0
12157.69915175438,-0.0023825999999999986,-0.01500039999999997,0.035500000000000004,1800.0
12157.799129247665,-0.0007134000000000029,-0.015181300000000009,0.035500000000000004,1800.0
12157.899486780167,-0.0007134000000000029,-0.015181300000000009,0.035500000000000004,1800.0
12157.999191522598,0.0009656000000000109,-0.01516289999999998,0.035500000000000004,1800.0
12158.099155902863,0.0025141999999999942,-0.014981999999999995,0.035500000000000004,1800.0
12158.19911980629,0.004037499999999999,-0.014649399999999979,0.035500000000000004,1800.0
12158.29912686348,0.0056287,-0.014113199999999992,0.035500000000000004,1800.0
12158.399502038956,0.0071494,-0.013401899999999967,0.035500000000000004,1800.0
12158.499200105667,0.008587899999999996,-0.012535899999999989,0.035500000000000004,1800.0
12158.599203824997,0.009824000000000013,-0.011585999999999985,0.035500000000000004,1800.0
12158.69916677475,0.011041800000000004,-0.010430400000000006,0.035500000000000004,1800.0
12158.7991335392,0.012130500000000002,-0.009152500000000008,0.035500000000000004,1800.0
12158.899223327637,0.01300330000000001,-0.007860299999999931,0.035500000000000004,1800.0
12158.999411582947,0.013788900000000007,-0.006376400000000004,0.035500000000000004,1800.0
12159.099076986313,0.013788900000000007,-0.006376400000000004,0.035500000000000004,1800.0
12159.199525356293,0.014410999999999993,-0.004816900000000013,0.035500000000000004,1800.0
12159.299139261246,0.014849799999999996,-0.003196399999999988,0.035500000000000004,1800.0
12159.399197340012,0.0150985,-0.0016574999999999784,0.035500000000000004,1800.0
12159.499180793762,0.015197299999999997,1.8600000000035255e-05,0.035500000000000004,1800.0
12159.599622249603,0.015108699999999989,0.00157540000000006,0.035500000000000004,1800.0
12159.699444770813,0.014842300000000003,0.003232899999999983,0.035500000000000004,1800.0
12159.799157619476,0.01443789999999999,0.00473870000000004,0.035500000000000004,1800.0
12159.89920949936,0.013824400000000014,0.006301700000000021,0.035500000000000004,1800.0
12159.999043941498,0.013044600000000003,0.007788600000000034,0.035500000000000004,1800.0
12160.099041700363,0.012108500000000008,0.00918260000000004,0.035500000000000004,1800.0
12160.199086427689,0.011098999999999998,0.010457300000000003,0.035500000000000004,1800.0
12160.299228668213,0.011098999999999998,0.010457300000000003,0.035500000000000004,1800.0
12160.399330615997,0.009886099999999995,0.011531400000000025,0.035500000000000004,1800.0
12160.499139785767,0.008556400000000006,0.012556100000000014,0.035500000000000004,1800.0
12160.599177122116,0.007222599999999996,0.01336339999999997,0.035500000000000004,1800.0
12160.699626684189,0.00570459999999999,0.014080700000000002,0.035500000000000004,1800.0
12160.799238204956,0.004116899999999993,0.014626699999999992,0.035500000000000004,1800.0
12160.899126052856,0.0025957000000000063,0.014968599999999999,0.035500000000000004,1800.0
12160.999373912811,0.0009283000000000069,0.01516590000000001,0.035500000000000004,1800.0
12161.099123239517,-0.000750699999999993,0.01517820000000003,0.035500000000000004,1800.0
12161.199141740799,-0.002419500000000005,0.014994300000000016,0.035500000000000004,1800.0
12161.299285173416,-0.003944299999999998,0.01466960000000006,0.035500000000000004,1800.0
12161.399117469788,-0.003944299999999998,0.01466960000000006,0.035500000000000004,1800.0
12161.499145507812,-0.0055394,0.014146900000000018,0.035500000000000004,1800.0
12161.599184274673,-0.007065299999999997,0.013446499999999972,0.035500000000000004,1800.0
12161.699110746384,-0.00850949999999999,0.012590299999999999,0.035500000000000004,1800.0
12161.799439907074,-0.009755100000000003,0.011651899999999993,0.035500000000000004,1800.0
12161.899184942245,-0.010893899999999998,0.010587000000000013,0.035500000000000004,1800.0
12161.99916100502,-0.011997099999999997,0.009321400000000035,0.035500000000000004,1800.0
12162.099093914032,-0.012953099999999995,0.007941299999999984,0.035500000000000004,1800.0
12162.199114322662,-0.013796100000000006,0.006352299999999977,0.035500000000000004,1800.0
12162.299179315567,-0.014122999999999997,0.005593000000000015,0.035500000000000004,1800.0
12162.399193286896,-0.014122999999999997,0.005593000000000015,0.035500000000000004,1800.0
12162.499470710754,-0.013756400000000002,0.005791600000000008,0.035500000000000004,1800.0
12162.599142313004,-0.013756400000000002,0.005791600000000008,0.035500000000000004,0.0
12162.699325561523,-0.007029500000000008,0.009435500000000041,0.035500000000000004,0.0
12162.899140119553,-0.006412000000000001,0.009770000000000001,0.035500000000000004,0.0
12162.999244213104,-0.006137299999999998,0.009934200000000004,0.035500000000000004,1800.0
12163.099139928818,-0.004655099999999995,0.01071430000000001,0.035500000000000004,1800.0
12163.199485301971,-0.003070400000000001,0.011267200000000033,0.035500000000000004,1800.0
12163.29938030243,-0.0014237,0.011591399999999974,0.035500000000000004,1800.0
12163.399176836014,0.0001320000000000071,0.011680599999999985,0.035500000000000004,1800.0
12163.499540567398,0.0018038000000000082,0.011534800000000012,0.035500000000000004,1800.0
12163.59936928749,0.0033250999999999975,0.011196700000000004,0.035500000000000004,1800.0
12163.699182033539,0.004893999999999996,0.010601399999999983,0.035500000000000004,1800.0
12163.799174785614,0.004893999999999996,0.010601399999999983,0.035500000000000004,1800.0
12163.899178743362,0.0063671000000000005,0.009796700000000047,0.035500000000000004,1800.0
12163.999818086624,0.0076989000000000085,0.008775900000000003,0.035500000000000004,1800.0
12164.099181890488,0.008718900000000002,0.007761800000000041,0.035500000000000004,1800.0
12164.200325489044,0.009750999999999996,0.006438500000000014,0.035500000000000004,1800.0
12164.299092531204,0.010565099999999994,0.004970800000000053,0.035500000000000004,1800.0
12164.399459123611,0.011173300000000011,0.0034067000000000403,0.035500000000000004,1800.0
12164.49925327301,0.011539900000000006,0.0017691000000000234,0.035500000000000004,1800.0
12164.599390268326,0.011676500000000006,0.00021680000000001698,0.035500000000000004,1800.0
12164.699214458466,0.011586200000000005,-0.0014584999999999737,0.035500000000000004,1800.0
12164.799164295197,0.011258599999999994,-0.00310450000000001,0.035500000000000004,1800.0
12164.899109363556,0.010746900000000004,-0.004576699999999989,0.035500000000000004,1800.0
12164.999170780182,0.010746900000000004,-0.004576699999999989,0.035500000000000004,1800.0
12165.099204540253,0.010037500000000005,-0.005964499999999984,0.035500000000000004,1800.0
12165.19936966896,0.009086200000000003,-0.007347300000000001,0.035500000000000004,1800.0
12165.299437522888,0.0079317,-0.008565099999999992,0.035500000000000004,1800.0
12165.39916563034,0.006624999999999992,-0.00961780000000001,0.035500000000000004,1800.0
12165.49918627739,0.005178000000000002,-0.01046720000000001,0.035500000000000004,1800.0
12165.599070310593,0.0037379999999999913,-0.01106370000000001,0.035500000000000004,1800.0
12165.699130535126,0.0021140000000000048,-0.011485899999999993,0.035500000000000004,1800.0
12165.799145936966,0.0004456999999999933,-0.011665599999999998,0.035500000000000004,1800.0
12165.899152517319,-0.0011122999999999966,-0.011630599999999991,0.035500000000000004,1800.0
12165.999529600143,-0.002765799999999999,-0.01134360000000001,0.035500000000000004,1800.0
12166.099125385284,-0.002765799999999999,-0.01134360000000001,0.035500000000000004,1800.0
12166.199310064316,-0.004364999999999994,-0.010834799999999978,0.035500000000000004,1800.0
12166.299407958984,-0.005767700000000001,-0.010155199999999975,0.035500000000000004,1800.0
12166.399121046066,-0.007163000000000003,-0.00922259999999997,0.035500000000000004,1800.0
12166.499238491058,-0.008411199999999994,-0.008101699999999934,0.035500000000000004,1800.0
12166.599169015884,-0.009411899999999987,-0.006907200000000002,0.035500000000000004,1800.0
12166.69956612587,-0.0103105,-0.005489999999999995,0.035500000000000004,1800.0
12166.799106359482,-0.010986499999999996,-0.0039539999999999575,0.035500000000000004,1800.0
12166.899045944214,-0.011447600000000002,-0.002340099999999956,0.035500000000000004,1800.0
12166.999178886414,-0.0116488,-0.0007945999999999787,0.035500000000000004,1800.0
12167.099210262299,-0.011643699999999993,0.0008834000000000342,0.035500000000000004,1800.0
12167.199408054352,-0.011399400000000004,0.002543300000000026,0.035500000000000004,1800.0
12167.2992041111,-0.011399400000000004,0.002543300000000026,0.035500000000000004,1800.0
12167.39916396141,-0.010956499999999994,0.004037700000000033,0.035500000000000004,1800.0
12167.499303817749,-0.010267499999999999,0.005567800000000012,0.035500000000000004,1800.0
12167.599312543869,-0.009358999999999992,0.0069786000000000015,0.035500000000000004,1800.0
12167.699147224426,-0.008351400000000009,0.008167499999999994,0.035500000000000004,1800.0
12167.799171209335,-0.007091500000000001,0.009275499999999992,0.035500000000000004,1800.0
12167.899218559265,-0.006412000000000001,0.009770000000000001,0.035500000000000004,1800.0
12167.999365329742,-0.006412000000000001,0.009770000000000001,0.035500000000000004,1800.0
12168.099571704865,-0.006959399999999991,0.008609699999999998,0.035500000000000004,0.0
12168.199245929718,-0.010622300000000001,0.0008449000000000373,0.035500000000000004,0.0
12168.49914765358,-0.012893999999999989,-0.003970999999999947,0.035500000000000004,0.0
12168.599304914474,-0.012893999999999989,-0.003970999999999947,0.035500000000000004,1800.0
12168.69922709465,-0.012716900000000003,-0.004504899999999978,0.035500000000000004,1800.0
12168.799168348312,-0.012109599999999998,-0.005940599999999963,0.035500000000000004,1800.0
12168.899171113968,-0.011280600000000002,-0.007400000000000018,0.035500000000000004,1800.0
12168.999187707901,-0.010351399999999997,-0.008651699999999984,0.035500000000000004,1800.0
12169.099259853363,-0.009109900000000004,-0.009952599999999978,0.035500000000000004,1800.0
12169.19928073883,-0.007997699999999996,-0.010865799999999981,0.035500000000000004,1800.0
12169.299136400223,-0.006481600000000004,-0.011832799999999977,0.035500000000000004,1800.0
12169.399211883545,-0.005228699999999989,-0.012434999999999974,0.035500000000000004,1800.0
12169.49927186966,-0.004369299999999993,-0.012760300000000002,0.035500000000000004,1800.0
12169.59909439087,-0.004369299999999993,-0.012760300000000002,0.035500000000000004,1800.0
12169.699187278748,-0.002752500000000005,-0.01321230000000001,0.035500000000000004,1800.0
12169.799382209778,-0.0010900999999999966,-0.013445399999999996,0.035500000000000004,1800.0
12169.899249792099,0.00046829999999999095,-0.01348889999999997,0.035500000000000004,1800.0
12169.999357938766,0.0021386000000000044,-0.013320500000000013,0.035500000000000004,1800.0
12170.099059820175,0.003777300000000011,-0.012956100000000026,0.035500000000000004,1800.0
12170.199055671692,0.005465200000000003,-0.012335099999999988,0.035500000000000004,1800.0
12170.299133777618,0.006750199999999998,-0.011686699999999994,0.035500000000000004,1800.0
12170.399241447449,0.008143799999999993,-0.010750800000000005,0.035500000000000004,1800.0
12170.699229240417,0.010946000000000011,-0.007790699999999984,0.035500000000000004,1800.0
12170.799187421799,0.010946000000000011,-0.007790699999999984,0.035500000000000004,1800.0
12170.89908003807,0.011900800000000003,-0.006365100000000012,0.035500000000000004,1800.0
12170.999097108841,0.012550699999999998,-0.004948099999999955,0.035500000000000004,1800.0
12171.099732160568,0.013071300000000008,-0.003352099999999969,0.035500000000000004,1800.0
12171.199140071869,0.013379200000000008,-0.0017125000000000057,0.035500000000000004,1800.0
12171.2991065979,0.013465400000000002,-0.0007985999999999827,0.035500000000000004,1800.0
12171.399058103561,0.013461600000000004,0.0008800000000000474,0.035500000000000004,1800.0
12171.499128103256,0.013271500000000006,0.0024271000000000154,0.035500000000000004,1800.0
12171.599602460861,0.012901900000000008,0.003941499999999987,0.035500000000000004,1800.0
12171.69915509224,0.012316700000000014,0.005514899999999989,0.035500000000000004,1800.0
12171.799196481705,0.011536500000000005,0.007001600000000052,0.035500000000000004,1800.0
12171.899168252945,0.011536500000000005,0.007001600000000052,0.035500000000000004,1800.0
12171.999287366867,0.010650200000000012,0.008284100000000016,0.035500000000000004,1800.0
12172.099237680435,0.009537900000000002,0.009541500000000036,0.035500000000000004,1800.0
12172.199150562286,0.008773299999999998,0.010245300000000013,0.035500000000000004,1800.0
12172.29926109314,0.007652199999999998,0.011116300000000023,0.035500000000000004,1800.0
12172.399158716202,0.006209500000000007,0.011974800000000008,0.035500000000000004,1800.0
12172.499390602112,0.004676600000000003,0.012658699999999967,0.035500000000000004,1800.0
12172.599198818207,0.002951300000000004,0.013167100000000043,0.035500000000000004,1800.0
12172.699147701263,0.0015324999999999922,0.013409599999999966,0.035500000000000004,1800.0
12172.799167871475,-2.440000000000775e-05,0.013490000000000002,0.035500000000000004,1800.0
12172.89919090271,-0.0018185000000000007,0.013369400000000031,0.035500000000000004,1800.0
12172.999279499054,-0.0033474000000000004,0.01306560000000001,0.035500000000000004,1800.0
12173.099103450775,-0.0033474000000000004,0.01306560000000001,0.035500000000000004,1800.0
12173.199204921722,-0.0049455000000000054,0.012552899999999978,0.035500000000000004,1800.0
12173.299736976624,-0.006359600000000007,0.011896699999999982,0.035500000000000004,1800.0
12173.399461269379,-0.007887599999999995,0.01094860000000003,0.035500000000000004,1800.0
12173.499492883682,-0.009096999999999994,0.009964700000000049,0.035500000000000004,1800.0
12173.59916639328,-0.010187999999999989,0.008851000000000053,0.035500000000000004,1800.0
12173.699218273163,-0.011203099999999994,0.007513700000000012,0.035500000000000004,1800.0
12173.799206256866,-0.012050100000000008,0.0060646999999999784,0.035500000000000004,1800.0
12173.89916729927,-0.012668200000000004,0.0046336000000000155,0.035500000000000004,1800.0
12173.999188899994,-0.013149099999999997,0.003025600000000017,0.035500000000000004,1800.0
12174.099377632141,-0.013424099999999994,0.0013694000000000206,0.035500000000000004,1800.0
12174.19915485382,-0.01348859999999999,-0.00030800000000003047,0.035500000000000004,1800.0
12174.299201250076,-0.01348859999999999,-0.00030800000000003047,0.035500000000000004,1800.0
12174.399191856384,-0.013348399999999996,-0.0019809000000000077,0.035500000000000004,1800.0
12174.499576091766,-0.013027999999999998,-0.0035066000000000264,0.035500000000000004,1800.0
12174.599066734314,-0.012893999999999989,-0.003970999999999947,0.035500000000000004,1800.0
12174.699520587921,-0.012893999999999989,-0.003970999999999947,0.035500000000000004,0.0
12174.799137830734,-0.0118563,-0.0011353999999999531,0.035500000000000004,0.0
12175.199172019958,-0.007344000000000003,0.011193999999999982,0.035500000000000004,0.0
12175.299189567566,-0.006866099999999986,0.01147910000000002,0.035500000000000004,1800.0
12175.399151802063,-0.006866099999999986,0.01147910000000002,0.035500000000000004,1800.0
12175.49918627739,-0.005376699999999998,0.012253400000000025,0.035500000000000004,1800.0
12175.599196434021,-0.003799899999999995,0.012829300000000043,0.035500000000000004,1800.0
12175.699224472046,-0.002281399999999989,0.013181600000000016,0.035500000000000004,1800.0
12175.79921579361,-0.0006127999999999967,0.01335970000000003,0.035500000000000004,1800.0
12175.899224281311,0.0010652000000000023,0.01333620000000002,0.035500000000000004,1800.0
12175.999174118042,0.0026098000000000093,0.013126000000000027,0.035500000000000004,1800.0
12176.099368333817,0.0041186,0.0127332,0.035500000000000004,1800.0
12176.19923567772,0.005677799999999997,0.012111099999999986,0.035500000000000004,1800.0
12176.299170732498,0.0072551000000000004,0.011247000000000007,0.035500000000000004,1800.0
12176.399673938751,0.008514400000000005,0.01032770000000005,0.035500000000000004,1800.0
12176.499243497849,0.009653200000000015,0.009263200000000027,0.035500000000000004,1800.0
12176.599179983139,0.009653200000000015,0.009263200000000027,0.035500000000000004,1800.0
12176.699177265167,0.010733500000000007,0.007978900000000011,0.035500000000000004,1800.0
12176.79923915863,0.011652799999999991,0.006574799999999992,0.035500000000000004,1800.0
12176.899199962616,0.012385000000000007,0.005064100000000016,0.035500000000000004,1800.0
12176.999136209488,0.012919000000000014,0.0034728000000000536,0.035500000000000004,1800.0
12177.099546670914,0.0132501,0.001827399999999979,0.035500000000000004,1800.0
12177.19954419136,0.013375899999999996,0.000274000000000052,0.035500000000000004,1800.0
12177.299138069153,0.013323699999999994,-0.0012840000000000074,0.035500000000000004,1800.0
12177.399225473404,0.0130522,-0.00294059999999996,0.035500000000000004,1800.0
12177.499166965485,0.0125783,-0.004550899999999969,0.035500000000000004,1800.0
12177.599123239517,0.011966199999999996,-0.005984500000000004,0.035500000000000004,1800.0
12177.699188709259,0.0111266,-0.007438100000000003,0.035500000000000004,1800.0
12177.79945898056,0.0111266,-0.007438100000000003,0.035500000000000004,1800.0
12177.89957356453,0.010101600000000002,-0.008767199999999975,0.035500000000000004,1800.0
12177.999153614044,0.0090118,-0.009880799999999967,0.035500000000000004,1800.0
12178.099518299103,0.0077060000000000045,-0.01093489999999997,0.035500000000000004,1800.0
12178.199156284332,0.006278100000000009,-0.011817100000000025,0.035500000000000004,1800.0
12178.29921078682,0.004861100000000007,-0.012467299999999959,0.035500000000000004,1800.0
12178.399222612381,0.0032602999999999938,-0.012972299999999992,0.035500000000000004,1800.0
12178.499167203903,0.0016107000000000066,-0.013282499999999975,0.035500000000000004,1800.0
12178.5991563797,-6.469999999998699e-05,-0.013386000000000009,0.035500000000000004,1800.0
12178.699246168137,-0.0016200999999999993,-0.01328109999999999,0.035500000000000004,1800.0
12178.79916381836,-0.0032694999999999946,-0.012969999999999982,0.035500000000000004,1800.0
12178.899193286896,-0.0032694999999999946,-0.012969999999999982,0.035500000000000004,1800.0
12178.999160528183,-0.0047571,-0.012504499999999974,0.035500000000000004,1800.0
12179.099194765091,-0.0062864999999999865,-0.011812600000000006,0.035500000000000004,1800.0
12179.199180841446,-0.007713799999999993,-0.010929400000000034,0.035500000000000004,1800.0
12179.299173355103,-0.00892989999999999,-0.009954999999999992,0.035500000000000004,1800.0
12179.399271249771,-0.010107999999999992,-0.00876019999999994,0.035500000000000004,1800.0
12179.49920964241,-0.011201100000000005,-0.007332199999999955,0.035500000000000004,1800.0
12179.599166870117,-0.011970300000000003,-0.0059758999999999785,0.035500000000000004,1800.0
12179.699191093445,-0.012581599999999998,-0.0045419999999999905,0.035500000000000004,1800.0
12179.799191474915,-0.0130546,-0.002931399999999973,0.035500000000000004,1800.0
12179.899287223816,-0.013314900000000005,-0.0013941000000000092,0.035500000000000004,1800.0
12179.99918437004,-0.013375499999999999,0.0002833999999999892,0.035500000000000004,1800.0
12180.099202394485,-0.013375499999999999,0.0002833999999999892,0.035500000000000004,1800.0
12180.199190616608,-0.013231099999999996,0.0019554000000000515,0.035500000000000004,1800.0
12180.299198389053,-0.012887400000000007,0.0035983000000000542,0.035500000000000004,1800.0
12180.399212360382,-0.0123814,0.005072799999999988,0.035500000000000004,1800.0
12180.499133586884,-0.011706499999999995,0.006478100000000042,0.035500000000000004,1800.0
12180.599147081375,-0.0107994,0.007890100000000011,0.035500000000000004,1800.0
12180.699155569077,-0.0097275,0.0091812,0.035500000000000004,1800.0
12180.799168109894,-0.008507500000000001,0.010334000000000065,0.035500000000000004,1800.0
12180.899171113968,-0.0073841999999999935,0.011165199999999986,0.035500000000000004,1800.0
12180.999393939972,-0.007344000000000003,0.011193999999999982,0.035500000000000004,1800.0
12181.099298477173,-0.007344000000000003,0.011193999999999982,0.035500000000000004,1800.0
12181.199343204498,-0.007344000000000003,0.011193999999999982,0.035500000000000004,0.0
12181.29906654358,-0.007344000000000003,0.011193999999999982,0.035500000000000004,0.0
12185.190573038077,-0.014122999999999983,-0.010035781941700912,0.035500000000000004,0.0
