5668.953332435219,0.0040209999999999,-0.0270133999999999,0.06035,0.0
5669.053891431419,0.0039854542592249,-0.0269736064029428,0.06035,0.0
5669.1544358840865,0.0036653397025007,-0.0266149554424057,0.06035,0.0
5669.2550156227035,0.00283942724725,-0.0256894382751007,0.06035,0.0
5669.355572473137,0.0019985620059115,-0.0247470917317516,0.06035,0.0
5669.456144105522,0.001145071274674,-0.0237906641933984,0.06035,0.0
5669.556714307396,0.0002589555224578,-0.0227976975999354,0.06035,0.0
5669.661522161095,-0.0006111268845421,-0.0218226870503127,0.06035,0.0
5669.752036344139,-0.0013811647434263,-0.0209597110724624,0.06035,0.0
5669.852608214943,-0.0022202114262001,-0.0200195213208915,0.06035,0.0
5669.953176986305,-0.0030695199825822,-0.0190677503323379,0.06035,0.0
5670.053718577949,-0.0038589257985169,-0.018183126079138,0.06035,0.0
5670.154287110893,-0.0042451088228629,-0.0177503194996758,0.06035,0.0
5670.254854213325,-0.0042479999999999,-0.0177469999999999,0.06035,0.0
5670.355390559761,-0.0040765877366545,-0.017781392456764,0.06035,1800.0
5670.455957662193,-0.0033265003140208,-0.0179166100125935,0.06035,1800.0
5670.556772004692,-0.0018300851736926,-0.0181379036355353,0.06035,1800.0
5670.657320987312,-0.0002958553720601,-0.0182398791731644,0.06035,1800.0
5670.757843743889,0.0012106270104362,-0.0181960803407152,0.06035,1800.0
5670.858407031624,0.0026977501771117,-0.0180305541474496,0.06035,1800.0
5670.981767427055,0.004521006617757,-0.0176668049095839,0.06035,1800.0
5671.053242217628,0.0055341476005282,-0.0173668132614849,0.06035,1800.0
5671.153801690666,0.0069394394349958,-0.0168502386043471,0.06035,1800.0
5671.254384051887,0.0083214554725414,-0.0162078322019362,0.06035,1800.0
5671.354966889946,0.0096184797974531,-0.0154741812334516,0.06035,1800.0
5671.455503951637,0.0108457764533643,-0.014641017145424,0.06035,1800.0
5671.556007634727,0.0120364906210306,-0.0136904766810286,0.06035,1800.0
5671.656574498741,0.0130989565230183,-0.0126778786454943,0.06035,1800.0
5671.759280454246,0.0141211074994185,-0.0115253163931986,0.06035,1800.0
5671.8598244300765,0.015044254467973,-0.0103016042815402,0.06035,1800.0
5671.960401784508,0.0158383426031502,-0.0090419183454157,0.06035,1800.0
5672.050918113319,0.0164631132243731,-0.0078374599849664,0.06035,1800.0
5672.1514864078445,0.0170639033788553,-0.0063982170870628,0.06035,1800.0
5672.252055417625,0.0175211873507495,-0.0050026492800716,0.06035,1800.0
5672.352641116707,0.017870724596366,-0.0035488743568079,0.06035,1800.0
5672.454679500191,0.0181073551115972,-0.0020071589813353,0.06035,1800.0
5672.555244456856,0.0182170944424311,-0.0004692074069688,0.06035,1800.0
5672.65583468589,0.0181920136684183,0.0010301261009159,0.06035,1800.0
5672.756692182152,0.0180475424764402,0.0025059310850828,0.06035,1800.0
5672.857514630882,0.0177802851698554,0.0040468304341685,0.06035,1800.0
5672.958045016853,0.0174016581199854,0.0054558843998647,0.06035,1800.0
5673.058615457146,0.0168866281636403,0.0068833099412705,0.06035,1800.0
5673.165702592461,0.0162367598505129,0.0083006772034852,0.06035,1800.0
5673.256216298668,0.0155633527529994,0.0094884630691935,0.06035,1800.0
5673.356783639519,0.0146955933338537,0.0107836106826961,0.06035,1800.0
5673.457335959999,0.0137695096350205,0.0119388041710798,0.06035,1800.0
5673.557898055641,0.0127169983020412,0.0130449286127926,0.06035,1800.0
5673.65846229705,0.0115831494615224,0.0140634434757072,0.06035,1800.0
5673.7590305915755,0.0103854277774118,0.0149748769210468,0.06035,1800.0
5673.8595938793105,0.0091288055003898,0.0157761019007664,0.06035,1800.0
5673.9601736179275,0.0078329771342014,0.0164524312593744,0.06035,1800.0
5674.060741674034,0.0063834384400456,0.0170777371560349,0.06035,1800.0
5674.151256095497,0.0051074035725771,0.0175101683138849,0.06035,1800.0
5674.251835118858,0.0036813984875998,0.0178658069857909,0.06035,1800.0
5674.352370750038,0.0022027022755244,0.0180944353098255,0.06035,1800.0
5674.452948104469,0.000705865295936,0.0182107314173552,0.06035,1800.0
5674.557833682625,-0.0008620581285498,0.0182029730503248,0.06035,1800.0
5674.658394109337,-0.0023480725610069,0.0180772756865672,0.06035,1800.0
5674.758964549629,-0.0038462140017209,0.0178132839569007,0.06035,1800.0
5674.859507333366,-0.0053169029022233,0.0174255788213608,0.06035,1800.0
5674.960081349937,-0.0067251312870307,0.0169340038232333,0.06035,1800.0
5675.060661326973,-0.0080912524838456,0.0163254883371396,0.06035,1800.0
5675.151157628624,-0.0093063148019287,0.0156856619988457,0.06035,1800.0
5675.253393422691,-0.0105721199527173,0.0148576057640186,0.06035,1800.0
5675.353959094612,-0.0117639974986697,0.0139308650444929,0.06035,1800.0
5675.454520951836,-0.0128750605535507,0.0129102039172412,0.06035,1800.0
5675.555089246361,-0.0139002973696227,0.0118020627616438,0.06035,1800.0
5675.655569802849,-0.0148434249815845,0.0105777350598779,0.06035,1800.0
5675.756124745933,-0.0156763047581549,0.0092853881294022,0.06035,1800.0
5675.857231628029,-0.0163914278066083,0.0079581037438472,0.06035,1800.0
5675.957806121437,-0.016981759225687,0.006609834233082,0.06035,1800.0
5676.058384191124,-0.0174657771931658,0.005216293592042,0.06035,1800.0
5676.1589584461135,-0.0178287858081195,0.0037645320622715,0.06035,1800.0
5676.259493123619,-0.0180811060277685,0.0022562188558745,0.06035,1800.0
5676.360050212471,-0.0182146333244469,0.0007163934518485,0.06035,1800.0
5676.4606108776015,-0.0182210940046972,-0.0007169541151275,0.06035,1800.0
5676.55111766967,-0.0181140307057676,-0.0021172249646435,0.06035,1800.0
5676.651703368751,-0.0178589977380181,-0.0036517649367009,0.06035,1800.0
5676.753747235863,-0.0175023510179398,-0.0050879203849458,0.06035,1800.0
5676.854313384621,-0.0170338795665518,-0.006483115501794,0.06035,1800.0
5676.954884540169,-0.0164451600955775,-0.0078645437705747,0.06035,1800.0
5677.060446034996,-0.0156624331279114,-0.0093055965950756,0.06035,1800.0
5677.1509726158065,-0.0149189254815904,-0.010459748913232,0.06035,1800.0
5677.25144888076,-0.0140385113351434,-0.0116479776459947,0.06035,1800.0
5677.35201812896,-0.0130600818972329,-0.01278905764603,0.06035,1800.0
5677.452580701439,-0.0119174731430337,-0.0137958671144703,0.06035,1800.0
5677.553145896522,-0.0107180237923003,-0.0147434803488931,0.06035,1800.0
5677.654875766365,-0.0094549551960712,-0.0155912058506038,0.06035,1800.0
5677.755646955101,-0.0081783976174237,-0.0163041763398756,0.06035,1800.0
5677.856209289162,-0.006783416632727,-0.0169274540956676,0.06035,1800.0
5677.956781159965,-0.0053512817331625,-0.0174223086843746,0.06035,1800.0
5678.057334910957,-0.0044617047846372,-0.0176875233573601,0.06035,1800.0
5678.157890092461,-0.0042479999999999,-0.0177469999999999,0.06035,1800.0
5678.258428823082,-0.0043120594078731,-0.0174950109252742,0.06035,1800.0
5678.371161471931,-0.0054506395734288,-0.0130139789019318,0.06035,1800.0
5678.451621781914,-0.0068902580056555,-0.0073480300179309,0.06035,1800.0
5678.552162419884,-0.0083902824252664,-0.0014442492032044,0.06035,1800.0
5678.652951728432,-0.0086219999999999,-0.0005319999999999,0.06035,1800.0
5678.7535295597,-0.008622,-0.000520462339712,0.06035,1800.0
5678.8540976158065,-0.0086191707721135,-0.0003416379895718,0.06035,1800.0
5678.9547634235305,-0.008543974848808,0.0010872621114936,0.06035,1800.0
5679.056354295341,-0.0082084498908759,0.0025861460973768,0.06035,1800.0
5679.156909953682,-0.0077727352183648,0.0037059650828799,0.06035,1800.0
5679.257437955467,-0.0072828857530167,0.0045910151254537,0.06035,1800.0
5679.358007442085,-0.0066306049844789,0.0054758327433216,0.06035,1800.0
5679.458587657539,-0.00571318628565,0.0064197285608286,0.06035,1800.0
5679.559145461647,-0.0045811173986185,0.0072731987155512,0.06035,1800.0
5679.659700166313,-0.0033356423988236,0.0079234221691397,0.06035,1800.0
5679.757665168373,-0.0019917241317634,0.0083633033516818,0.06035,1800.0
5679.858215104668,-0.0004997981029736,0.0085854740214406,0.06035,1800.0
5679.958781730263,0.0010044602087824,0.0085626116478709,0.06035,1800.0
5680.0593326202315,0.0025487831640151,0.0082350355805567,0.06035,1800.0
5680.159890185921,0.0039471156453984,0.0076885700744577,0.06035,1800.0
5680.272269021599,0.0047959340789668,0.0071792887544787,0.06035,1800.0
5680.352708350746,0.0056089596307999,0.0065212994229308,0.06035,1800.0
5685.044750939934,0.0120208982962136,-0.0113309105082829,0.06035,1800.0
5685.1453075519485,0.0130017240550964,-0.0101923304240001,0.06035,1800.0
5685.245891105263,0.0138621706329592,-0.0089804606843991,0.06035,1800.0
5685.346458684532,0.0146191826666504,-0.0077012461471349,0.06035,1800.0
5685.446986447899,0.0152648439661475,-0.0063201299063215,0.06035,1800.0
5685.547557365028,0.0157847266917859,-0.0048833730251522,0.06035,1800.0
5685.648132096855,0.0161760828624327,-0.0034224900861479,0.06035,1800.0
5685.748694430916,0.0164231399011512,-0.0019130062551986,0.06035,1800.0
5685.849262725441,0.0165304411288157,-0.000429864841702,0.06035,1800.0
5685.9498324504775,0.0164998234506023,0.0010493918201612,0.06035,1800.0
5686.051276456444,0.0163176013410164,0.0026035404527409,0.06035,1800.0
5686.151840697853,0.0160225966134191,0.0040398216139018,0.06035,1800.0
5686.252552281944,0.0155803666955926,0.005493404264733,0.06035,1800.0
5686.35313392791,0.0150065534012445,0.0068998640511262,0.06035,1800.0
5686.444869529335,0.0143977195971519,0.008102918620306,0.06035,1800.0
5686.545432578651,0.0136088024947197,0.0093696537025239,0.06035,1800.0
5686.645989905922,0.0126669569789388,0.0106067719049544,0.06035,1800.0
5686.746546279518,0.0116598228807954,0.0117146875448514,0.06035,1800.0
5686.847098838417,0.0106153167277644,0.0126836531195222,0.06035,1800.0
5686.947640430061,0.0093650268345859,0.013627785751747,0.06035,1800.0
5687.048229467003,0.0080524831639242,0.014439275248783,0.06035,1800.0
5687.177432309715,0.0063674235926711,0.0152583219110085,0.06035,1800.0
5687.247829448311,0.0053911951250194,0.0156160783089802,0.06035,1800.0
5687.34838200721,0.0039001389595011,0.0160555750781458,0.06035,1800.0
5687.4489612689895,0.002386925284159,0.0163464038821379,0.06035,1800.0
5687.549540530769,0.0008954695288099,0.0164943074346282,0.06035,1800.0
5687.650105249016,-0.0005973940028524,0.0165089387710653,0.06035,1800.0
5687.750671397774,-0.0020878894549543,0.0163937193353868,0.06035,1800.0
5687.851236354439,-0.0035593507562283,0.0161319518052933,0.06035,1800.0
5687.952755462257,-0.0050315210231624,0.0157412257664226,0.06035,1800.0
5688.053347837059,-0.0064076018415829,0.0152429348892814,0.06035,1800.0
5688.153896104423,-0.0078143720322132,0.0145675440943567,0.06035,1800.0
5688.254472982017,-0.0091224798875589,0.0137933422936505,0.06035,1800.0
5688.344993125526,-0.0102127442939015,0.0129929947238303,0.06035,1800.0
5688.44561363372,-0.0113429184928705,0.0120123649957311,0.06035,1800.0
5688.546187173454,-0.0123921514592654,0.0109291250750092,0.06035,1800.0
5688.6545050254745,-0.0134023779284364,0.0096588925298059,0.06035,1800.0
5688.745019685356,-0.0141401300850465,0.0085406149482048,0.06035,1800.0
5688.845615398018,-0.0148500672104622,0.007237661906415,0.06035,1800.0
5688.946173917381,-0.0154493668625947,0.0058673164117601,0.06035,1800.0
5689.0467336288375,-0.0159161292697194,0.0044338610567925,0.06035,1800.0
5689.14727378997,-0.016279784511422,0.0029156329405649,0.06035,1800.0
5689.247831355659,-0.0164732785246843,0.0014404895251844,0.06035,1800.0
5692.662247668831,0.0007925604649478,0.0102806465543386,0.06035,1800.0
5692.762814294426,0.0022839731765161,0.0100799018113518,0.06035,1800.0
5692.86489463958,0.0037346675093375,0.0096286377594123,0.06035,1800.0
5692.965438853828,0.0051266508677273,0.009039837081225,0.06035,1800.0
5693.065988551704,0.0063590207300123,0.0085185841061334,0.06035,1800.0
5693.174086581795,0.0066817990648854,0.007914501983231,0.06035,1800.0
5693.264594327537,0.0075659118072292,0.0070396014242615,0.06035,1800.0
5693.365155707924,0.0083242924010312,0.0062163252429328,0.06035,1800.0
5693.465735684959,0.0088634275749621,0.0056782002196425,0.06035,1800.0
5693.566289435951,0.0093258817037176,0.0052606063654659,0.06035,1800.0
5693.666843425362,0.0096808050702142,0.004398671593457,0.06035,1800.0
5693.767442714302,0.0099435408337598,0.0029860981929653,0.06035,1800.0
5693.869153510658,0.0101910880489211,0.0014961231194832,0.06035,1800.0
5693.9697041622085,0.0103080019927546,7.159300344672381e-06,0.06035,1800.0
5694.070268165199,0.0102210619641405,-0.0014601223216328,0.06035,1800.0
5694.170837651817,0.0099447473524596,-0.0029797312107497,0.06035,1800.0
5694.271560918419,0.0096649740896519,-0.0044839678584695,0.06035,1800.0
5694.372154723732,0.0092747278305441,-0.0050334126180396,0.06035,1800.0
5694.462678920357,0.0089401355537038,-0.0057038246767518,0.06035,1800.0
5694.574932586281,0.0084519215723553,-0.0062119545843614,0.06035,1800.0
5694.665440808861,0.007672504755378,-0.0069381179556447,0.06035,1800.0
5694.767254125206,0.006850776139981,-0.0078128741585664,0.06035,1800.0
5694.867808353035,0.0061978744204326,-0.0084492404676859,0.06035,1800.0
5694.968365441887,0.0052453365313865,-0.0089897369378018,0.06035,1800.0
5695.068933736412,0.0038610826446834,-0.009553371686522,0.06035,1800.0
5695.169485341637,0.0023951702530982,-0.0100223073009657,0.06035,1800.0
5695.270229589073,0.0009229594689404,-0.0102825132834997,0.06035,1800.0
5695.370803605644,-0.0006320009759348,-0.0103060495799484,0.06035,1800.0
5695.471321117012,-0.0020751996503877,-0.0101066812164542,0.06035,1800.0
5695.5721197238845,-0.0034874445184452,-0.0097359743951633,0.06035,1800.0
5695.662675153343,-0.0045991835805864,-0.0092642454471605,0.06035,1800.0
5695.7632517925185,-0.0058451640436165,-0.0084947156933027,0.06035,1800.0
5695.863823663322,-0.0070304651337236,-0.0075121026559736,0.06035,1800.0
5695.974036466209,-0.00818099253125,-0.0063482068768658,0.06035,1800.0
5696.064533959953,-0.008843801218133,-0.0054987788880812,0.06035,1800.0
5696.165109645454,-0.0092755317385687,-0.0046682988989998,0.06035,1800.0
5696.265722762672,-0.0096728826047379,-0.003674562355731,0.06035,1800.0
5696.366254102318,-0.0100169456581523,-0.002447124386279,0.06035,1800.0
5696.466802608101,-0.0102707972813641,-0.0009805833591298,0.06035,1800.0
5696.567398082344,-0.0103204337150393,0.0005548491999086,0.06035,1800.0
5696.667965423195,-0.010126497326437,0.0019823670987907,0.06035,1800.0
5696.768543254463,-0.0097916216550509,0.0032263739833946,0.06035,1800.0
5696.869114171593,-0.0097063424864179,0.0035185900844985,0.06035,1800.0
5702.812779914467,-0.0140372054425635,-0.0048012826218379,0.06035,1800.0
5702.913333903877,-0.0134681291991626,-0.0062228330711732,0.06035,1800.0
5703.013892423241,-0.0128052891150151,-0.0074939785286649,0.06035,1800.0
5703.114438544838,-0.0119380679825126,-0.0087828221364368,0.06035,1800.0
5703.214985143272,-0.0109686889469588,-0.0099741338633064,0.06035,1800.0
5703.316218625633,-0.0098916837320642,-0.0110323546358718,0.06035,1800.0
5703.416785728065,-0.0087515805636362,-0.0119602550085514,0.06035,1800.0
5703.517329942314,-0.0075330736588141,-0.0127849911911258,0.06035,1800.0
5703.617884170143,-0.006202788488159,-0.013489330009339,0.06035,1800.0
5703.718404304115,-0.004765210218214,-0.0140332597525149,0.06035,1800.0
5703.818959724037,-0.0036782783678143,-0.0143754866705444,0.06035,1800.0
5703.915035497276,-0.003454,-0.014438,0.06035,1800.0
5704.015598546593,-0.003515596083785,-0.0142600653641942,0.06035,1800.0
5704.116169463722,-0.0042233034204319,-0.0122156878735283,0.06035,1800.0
5704.216745387642,-0.0067531991518321,-0.0049071024502628,0.06035,1800.0
5704.317368995277,-0.0093146685239342,0.002493109751128,0.06035,1800.0
5704.417925607292,-0.0103596727396544,0.0055121542568743,0.06035,1800.0
5704.518726836769,-0.0105139999999999,0.005958,0.06035,1800.0
5704.619274627296,-0.0105139999999999,0.0059990937725409,0.06035,1800.0
5704.71983648452,-0.0102591726004776,0.0064396976786098,0.06035,1800.0
5704.8203988185805,-0.0095659114044029,0.0073528278715548,0.06035,1800.0
5704.920972835152,-0.0085466515532544,0.008424542671362,0.06035,1800.0
5705.021493922798,-0.0074296341682231,0.0094240092061786,0.06035,1800.0
5705.122257243721,-0.006216741423638,0.0103030894329381,0.06035,1800.0
5705.222802173225,-0.0049483772326747,0.0110962322037306,0.06035,1800.0
5705.315040837852,-0.0038319460280446,0.0114698669892536,0.06035,1800.0
5705.415610086052,-0.0023456419971098,0.0117945175228563,0.06035,1800.0
5705.516190301506,-0.0008526125934724,0.0119852649431769,0.06035,1800.0
5705.616776239006,0.0006350097816935,0.0120046022095631,0.06035,1800.0
5705.717333804695,0.0021287965190633,0.0118138727309455,0.06035,1800.0
5705.817909967033,0.0035880758458537,0.0114561632721705,0.06035,1800.0
5705.918443929283,0.0049914579703863,0.0109432988623923,0.06035,1800.0
5706.019715558617,0.0063886474157708,0.0103522493675292,0.06035,1800.0
5706.120279323189,0.0075884921760215,0.009783335460557,0.06035,1800.0
5706.220835696785,0.0082987474186388,0.0091721218652401,0.06035,1800.0
5706.321423780052,0.0087639178966973,0.0082895477786188,0.06035,1800.0
5706.422182094185,0.0097238721993753,0.0076174108051394,0.06035,1800.0
5706.522747766106,0.0103466551216363,0.0071384644903645,0.06035,1800.0
5706.613247167198,0.010832506469376,0.0068512096523248,0.06035,1800.0
5706.719494830696,0.011161557945261,0.0057335417749741,0.06035,1800.0
5706.820066224663,0.0114320336692899,0.0042787918867919,0.06035,1800.0
5706.920630704491,0.0117172906088254,0.0027445721309116,0.06035,1800.0
5711.341799031822,-0.0105139999999999,0.005958,0.06035,0.0
5711.432276498405,-0.0105139999999999,0.005958,0.06035,0.0
