2671.7894108542832,-0.011323,-0.0120293999999999,0.02698,0.0
2671.8899774798783,-0.0113178728697431,-0.0119235061421245,0.02698,0.0
2671.990482116643,-0.0112823426823991,-0.0111915971979957,0.02698,0.0
2672.0910377749833,-0.0111727218914774,-0.0089367745691925,0.02698,0.0
2672.191618228856,-0.0110611644301672,-0.0066420771759314,0.02698,0.0
2672.2965259799394,-0.0109454002034473,-0.0042594423017334,0.02698,0.0
2672.3870527991685,-0.0108425083968022,-0.0021434928041267,0.02698,0.0
2672.48763682932,-0.0107349765244396,0.0002010541971269,0.02698,0.0
2672.588202978078,-0.0106228587982467,0.0024391613069964,0.02698,0.0
2672.6887755641374,-0.0105105567804609,0.0046855767876384,0.02698,0.0
2672.789353156987,-0.0103965165206943,0.0070317217928647,0.02698,0.0
2672.8900499591264,-0.0102846812666727,0.0093324963982939,0.02698,0.0
2672.9907145747575,-0.0102181477033341,0.0107005514493171,0.02698,0.0
2673.091280485097,-0.0102119999999999,0.010827,0.02698,0.0
2673.1918421039018,-0.0102294958968883,0.01081046927295,0.02698,0.0
2673.2924061068925,-0.010401927793397,0.0106364963798576,0.02698,1800.0
2673.393115783635,-0.0113696045353988,0.0095938180903584,0.02698,1800.0
2673.493693853322,-0.0123248276870044,0.0083146677846411,0.02698,1800.0
2673.594260478917,-0.0130919562811457,0.0070588490515613,0.02698,1800.0
2673.6948318728837,-0.0137332679273165,0.0056775335621938,0.02698,1800.0
2673.789648319188,-0.0142064066524736,0.00434457595822,0.02698,1800.0
2673.8902282962235,-0.0145348574384801,0.0031618877905117,0.02698,1800.0
2673.9907973060044,-0.0147351133845286,0.001906626740944,0.02698,1800.0
2674.091376567784,-0.0148530510398166,0.0003889860811052,0.02698,1800.0
2674.1919350871476,-0.0148195935819986,-0.0011113978354451,0.02698,1800.0
2674.292514587346,-0.0146639246211798,-0.0024841095597605,0.02698,1800.0
2674.393085266057,-0.0144025183010934,-0.003692773380605,0.02698,1800.0
2674.4931893596086,-0.0140032383054249,-0.0050166455023755,0.02698,1800.0
2674.5937431106004,-0.0134553163823545,-0.0063377318671261,0.02698,1800.0
2674.694282794896,-0.012727007362016,-0.007697369837177,0.02698,1800.0
2674.794843936864,-0.0118746411233168,-0.0089418803063468,0.02698,1800.0
2674.8954158076676,-0.0109396650795374,-0.0101208608684905,0.02698,1800.0
2674.985921646062,-0.0099606562280405,-0.0110617342477511,0.02698,1800.0
2675.086489940587,-0.008771261238388,-0.011991130534788,0.02698,1800.0
2675.1870737323197,-0.007527712085958,-0.0128095093121952,0.02698,1800.0
2675.288470769826,-0.0061823052777642,-0.0135114403108835,0.02698,1800.0
2675.389020944539,-0.0047379851127592,-0.014087136200722,0.02698,1800.0
2675.4895844706925,-0.0032884869951364,-0.0144953099702958,0.02698,1800.0
2675.5901482352647,-0.0018747954798535,-0.0147532750629992,0.02698,1800.0
2675.690694833699,-0.0003236054636329,-0.0148758564422084,0.02698,1800.0
2675.7912516841325,0.0011773935950152,-0.0148293325029588,0.02698,1800.0
2675.891845727864,0.0026919776443306,-0.0146299192462114,0.02698,1800.0
2675.992404485646,0.0041479036582056,-0.0142746295876242,0.02698,1800.0
2676.0894067534837,0.0055198789536208,-0.0137942579762106,0.02698,1800.0
2676.189982915822,0.0068801232233979,-0.0131744148519314,0.02698,1800.0
2676.290496850911,0.0081696442465873,-0.0124084927377687,0.02698,1800.0
2676.3910491713914,0.0093795989990904,-0.0115162406810329,0.02698,1800.0
2676.491609359685,0.0105023505818107,-0.010525722632586,0.02698,1800.0
2676.5921671637925,0.0115090359526526,-0.0094034056613122,0.02698,1800.0
2676.692701364461,0.0124064218990174,-0.00818878994523,0.02698,1800.0
2676.794275070134,0.0132044134219865,-0.0068525727132789,0.02698,1800.0
2676.8948488482865,0.0138094971275082,-0.0055361129310725,0.02698,1800.0
2676.995430017415,0.0143103707950848,-0.0040580336225225,0.02698,1800.0
2677.085899616185,0.0145809972897939,-0.0029061925845895,0.02698,1800.0
2677.186471963826,0.0147694937272549,-0.0017260111553626,0.02698,1800.0
2677.2895982512864,0.0148590489820396,-0.00030328406515,0.02698,1800.0
2677.3901665458116,0.0148000067842755,0.0012390120853703,0.02698,1800.0
2677.4907717952165,0.0146570011538192,0.002494666462657,0.02698,1800.0
2677.591348911229,0.0143914709325928,0.0036901236478565,0.02698,1800.0
2677.691912675801,0.0139526476059238,0.0051285846504188,0.02698,1800.0
2677.7924509295854,0.0133699707614401,0.0064874575222923,0.02698,1800.0
2677.893018270436,0.0126475586403353,0.007812479075931,0.02698,1800.0
2677.9940889129075,0.0117709188580512,0.009096848369729,0.02698,1800.0
2678.095685029927,0.0108128170879397,0.0102118609762544,0.02698,1800.0
2678.1861710795793,0.0097887498395835,0.0111863540720163,0.02698,1800.0
2678.2867279300126,0.0086217779603092,0.0121097969715172,0.02698,1800.0
2678.3872871646317,0.007348180064506,0.0129078850247014,0.02698,1800.0
2678.489642644826,0.0060150088396796,0.0135917840004299,0.02698,1800.0
2678.5901618251237,0.004641842557683,0.0141198722914241,0.02698,1800.0
2678.6907382258805,0.0031663339290645,0.014515887313167,0.02698,1800.0
2678.791307950917,0.0016727807961204,0.0147628960692539,0.02698,1800.0
2678.8918807753953,0.0001883903200086,0.0148614928939603,0.02698,1800.0
2678.9924466857346,-0.0013413262044324,0.0148018476180205,0.02698,1800.0
2679.093012119237,-0.0028215757592284,0.0146018185975034,0.02698,1800.0
2679.185984397832,-0.0041786667949565,0.0142836022978488,0.02698,1800.0
2679.2865047702226,-0.0056000983611524,0.013772439923652,0.02698,1800.0
2679.387060428563,-0.0070101798486069,0.0131103390618087,0.02698,1800.0
2679.4876182326707,-0.0082704967329931,0.0123459010329783,0.02698,1800.0
2679.588265682164,-0.0094490751940376,0.0114662428214994,0.02698,1800.0
2679.688978458348,-0.0100742563674164,0.0109490360253591,0.02698,1800.0
2679.7895541438493,-0.0102119999999999,0.010827,0.02698,1800.0
2679.890135789815,-0.0103641311188407,0.0097798196289606,0.02698,1800.0
2679.9907281646165,-0.010761268696944,0.007045815933184,0.02698,1800.0
2680.091294074956,-0.0111379999999999,0.004452,0.02698,1800.0
2680.188167358342,-0.0111113450917848,0.0045096558338498,0.02698,1800.0
2680.2887382754716,-0.0106465562717618,0.0055150161512151,0.02698,1800.0
2680.389304185811,-0.0098983311644377,0.0067614165887664,0.02698,1800.0
2680.489817644063,-0.0089535913727454,0.0079384320524654,0.02698,1800.0
2680.5903845080766,-0.0079014357004914,0.0089970134725976,0.02698,1800.0
2680.688775325719,-0.0067492378031223,0.0098831589093244,0.02698,1800.0
2680.7893462428483,-0.0054466767270325,0.0106491384408171,0.02698,1800.0
2680.8899133452805,-0.0040537505978912,0.011254484045388,0.02698,1800.0
2680.99047758669,-0.0026361802295022,0.0116710047828099,0.02698,1800.0
2681.0910468348893,-0.0011829279971901,0.0119051753355123,0.02698,1800.0
2681.1916055926713,0.0003662275975481,0.0119669492692662,0.02698,1800.0
2681.2922079810533,0.0019033589719414,0.0118188448761916,0.02698,1800.0
2681.393247867528,0.0033816863550383,0.0114987011264153,0.02698,1800.0
2681.4938295134934,0.0047402581305075,0.0110179871067883,0.02698,1800.0
2681.5943598994645,0.0060490393796237,0.0103421263940327,0.02698,1800.0
2681.6949615725907,0.0073590577536693,0.0094483675434801,0.02698,1800.0
2681.785472417775,0.0083517906721979,0.0085710627971435,0.02698,1800.0
2681.888636375371,0.0093826922227302,0.0074171491595894,0.02698,1800.0
2681.989207054082,0.0102421572534796,0.0061905379369545,0.02698,1800.0
2682.0897763022813,0.0109251659828065,0.0048725771597682,0.02698,1800.0
2682.1903395900163,0.0114539957209688,0.0034535785469195,0.02698,1800.0
2682.290903593007,0.0118078111618804,0.0019661162765848,0.02698,1800.0
2682.391467357579,0.0119620041702048,0.000455992008753,0.02698,1800.0
2682.4920530566606,0.0119336623984904,-0.001000121943779,0.02698,1800.0
2682.604987884465,0.0116623171820549,-0.0027300990252192,0.02698,1800.0
2682.6854431876573,0.0113242350355433,-0.0038996412973393,0.02698,1800.0
2682.7860155352982,0.0107824852604282,-0.0052121121234426,0.02698,1800.0
2682.8866184005174,0.0100501352064439,-0.0065085774866003,0.02698,1800.0
2682.9897663840684,0.0090934979004977,-0.0077737741651333,0.02698,1800.0
2683.0903561362657,0.0080654770215995,-0.008837206304359,0.02698,1800.0
2683.19093968958,0.0068908349126956,-0.0097784249707094,0.02698,1800.0
2683.2915048846635,0.0055629229815077,-0.0105890404705984,0.02698,1800.0
2683.392016197148,0.0041999205610796,-0.0112099817040018,0.02698,1800.0
2683.492579008046,0.0028139443956856,-0.0116322249516604,0.02698,1800.0
2683.59319784731,0.0012969497182355,-0.0119008009841621,0.02698,1800.0
2683.693765188161,-0.0002498699799838,-0.0119819891810322,0.02698,1800.0
2683.7943427810105,-0.0016927093327391,-0.0118623810838053,0.02698,1800.0
2683.8949129828843,-0.0031895743365229,-0.0115544306340945,0.02698,1800.0
2683.985432172719,-0.0044277316460744,-0.0111285812675564,0.02698,1800.0
2684.086010003987,-0.0057868597274787,-0.0104716988301986,0.02698,1800.0
2684.1865494498643,-0.0070711200447354,-0.0096418894233079,0.02698,1800.0
2684.2870688685807,-0.0082550483278365,-0.0086589235966809,0.02698,1800.0
2684.3887787112626,-0.0092751025350661,-0.0075538644260497,0.02698,1800.0
2684.4893501052293,-0.010125342918429,-0.0063801044403324,0.02698,1800.0
2684.589913631383,-0.0108512944913849,-0.0050372024690352,0.02698,1800.0
2684.690484786931,-0.0114221403819584,-0.0035871578009691,0.02698,1800.0
2684.7920589694413,-0.0117824967563599,-0.0021652351258228,0.02698,1800.0
2684.8926255950364,-0.0119618487303702,-0.0006160805912508,0.02698,1800.0
2684.994367385808,-0.0119539443878305,0.0009238969627316,0.02698,1800.0
2685.094922567311,-0.0117585894569606,0.0023298149430761,0.02698,1800.0
2685.1854288825425,-0.0113880881165935,0.0036785152897624,0.02698,1800.0
2685.2860069522294,-0.0111829444014835,0.0043267034563635,0.02698,1800.0
2685.3865418681535,-0.0111379999999999,0.004452,0.02698,1800.0
2685.4770386466416,-0.0111379999999999,0.004452,0.02698,0.0
