245.60498338977297,0.005377,-0.0046463999999999,0.00284,0.0
245.70703750888308,0.0053169649468341,-0.0048959983385291,0.00284,0.0
245.8076220158716,0.0050580598462734,-0.0059731826390232,0.00284,0.0
245.90820080081423,0.0047328434448057,-0.0073260619672411,0.00284,0.0
246.0087597970148,0.0044023678840544,-0.0087008529661189,0.00284,0.0
246.10932213107546,0.0040664121666939,-0.010098513129061,0.00284,0.0
246.20988327304323,0.0037339144859937,-0.0114818782442525,0.00284,0.0
246.3104582432886,0.003413558834366,-0.012814825267535,0.00284,0.0
246.41097837726076,0.0030910081972952,-0.014156835785263,0.00284,0.0
246.51155048648317,0.0027542788829175,-0.0155577143060932,0.00284,0.0
246.61211758891542,0.0024317300387122,-0.0168995735736121,0.00284,0.0
246.7026117447992,0.0021973408076262,-0.0178745636675398,0.00284,0.0
246.80319696704348,0.0021920489164294,-0.0178967749844246,0.00284,0.0
246.9037609700342,0.0021919999999999,-0.0178969999999999,0.00284,0.0
247.00343805591066,0.0023367341139065,-0.0178768143221282,0.00284,1800.0
247.10496860782106,0.0034093182215171,-0.0176807853701062,0.00284,1800.0
247.20583039561708,0.004861458298914,-0.0173336561889951,0.00284,1800.0
247.30640155116518,0.0063009384807104,-0.0168691730697335,0.00284,1800.0
247.40696269313295,0.0077157306814403,-0.0162708617464933,0.00284,1800.0
247.50751334468325,0.0090453944445128,-0.0155718664701773,0.00284,1800.0
247.60804468432863,0.0103083142186905,-0.0147697809514006,0.00284,1800.0
247.70861297885378,0.0114440678531194,-0.0139056081567285,0.00284,1800.0
247.80914908687075,0.012617887035469,-0.0128732158356233,0.00284,1800.0
247.90972119609316,0.0136315764332968,-0.0117957696833205,0.00284,1800.0
248.01029115954836,0.0145373961403398,-0.0105499717814425,0.00284,1800.0
248.1108537320276,0.0153934747670991,-0.0093397876015954,0.00284,1800.0
248.21142751018007,0.0161425200184597,-0.0079876215228788,0.00284,1800.0
248.30292660037478,0.0166870541338321,-0.0067756415652206,0.00284,1800.0
248.4034813050409,0.017143190623988,-0.0055279096191275,0.00284,1800.0
248.50403887073,0.0174931763731874,-0.0042818677404921,0.00284,1800.0
248.60461598674257,0.0177495889118584,-0.0030781171794618,0.00284,1800.0
248.71019107142885,0.0179118820222381,-0.0018727623638656,0.00284,1800.0
248.81072837153872,0.0179996685158709,-0.0004852066754133,0.00284,1800.0
248.9112859372278,0.0179848761078185,0.0009906410047273,0.00284,1800.0
249.011846840777,0.0178638632920448,0.0023777078526506,0.00284,1800.0
249.11235839168032,0.0177021916148756,0.0033707274121545,0.00284,1800.0
249.2028675679346,0.017406560845072,0.0046432397548213,0.00284,1800.0
249.3034272793909,0.0170598210985695,0.0057869362087991,0.00284,1800.0
249.40399414340456,0.0165574313927773,0.007078951967481,0.00284,1800.0
249.50527244845827,0.0159002166020419,0.0084460217082507,0.00284,1800.0
249.6058169011255,0.0151105464338651,0.0097880939490396,0.00284,1800.0
249.7063789967676,0.0142252010019411,0.0110357825107746,0.00284,1800.0
249.8069399003168,0.0132957184834382,0.0121530106353558,0.00284,1800.0
249.9075062874933,0.0122428574696406,0.0132122447610968,0.00284,1800.0
250.00802999774416,0.0110550688296595,0.0142188559294748,0.00284,1800.0
250.10995298663576,0.0098566816018498,0.0150770647207469,0.00284,1800.0
250.21052271167238,0.0085547700112295,0.0158635426107285,0.00284,1800.0
250.31117898265322,0.0072070088386974,0.0165177055206321,0.00284,1800.0
250.41175347606142,0.0057560070306948,0.0170678608990479,0.00284,1800.0
250.51231938640078,0.0042712221839562,0.0174952502868819,0.00284,1800.0
250.6028440598627,0.0029365842824238,0.0177702074618653,0.00284,1800.0
250.70343548099,0.0014557424440504,0.0179481726119073,0.00284,1800.0
250.8039975766321,-3.781038249042745e-05,0.0180037390565555,0.00284,1800.0
250.90564948359926,-0.001561277722178,0.0179382100296668,0.00284,1800.0
251.0062487725397,-0.0030539145714987,0.0177470865334518,0.00284,1800.0
251.10682374278505,-0.0045173722356879,0.0174399026961099,0.00284,1800.0
251.20737224856813,-0.0059715175178919,0.0169964819975322,0.00284,1800.0
251.30794316569765,-0.0073938176345684,0.0164324877657993,0.00284,1800.0
251.4085147980829,-0.008660792896198,0.0158036520593012,0.00284,1800.0
251.51144462863405,-0.0095852777681308,0.0152559966355775,0.00284,1800.0
251.6120117310663,-0.0107067179251157,0.0144891841931458,0.00284,1800.0
251.71258789340456,-0.0118810275910059,0.0135390125921781,0.00284,1800.0
251.80309253970583,-0.0128706466744905,0.0125967603702282,0.00284,1800.0
251.90365296641787,-0.0138798696247087,0.0114638927471652,0.00284,1800.0
252.00422579089602,-0.0147778313669989,0.0102850502126627,0.00284,1800.0
252.10480219165285,-0.015579640688409,0.0090233469864433,0.00284,1800.0
252.20619851390322,-0.0163149523460595,0.0076345103369438,0.00284,1800.0
252.30676800052126,-0.0168595982583045,0.0063502288294942,0.00284,1800.0
252.4073510769983,-0.017198166051866,0.0053815398193218,0.00284,1800.0
252.50943332950075,-0.0175116996991904,0.0042583579215806,0.00284,1800.0
252.61000472346743,-0.0177642477830468,0.0030370449482309,0.00284,1800.0
252.71059018413027,-0.017950000116736,0.0014990755353368,0.00284,1800.0
252.81115371028383,-0.0180108024154848,2.936083558197078e-05,0.00284,1800.0
252.90370541850527,-0.0179566178071629,-0.0013843473406131,0.00284,1800.0
253.0042625073572,-0.0177780254339039,-0.0028594611876247,0.00284,1800.0
253.10477596560915,-0.0175451360362576,-0.0040955634970141,0.00284,1800.0
253.20532971660097,-0.0172815293882023,-0.0051057061051177,0.00284,1800.0
253.3059347275873,-0.0169171226377625,-0.0061912211120924,0.00284,1800.0
253.4065034989496,-0.0163913137105935,-0.0074699544864273,0.00284,1800.0
253.50706726352175,-0.0157101570669739,-0.0088045219050038,0.00284,1800.0
253.60762721339663,-0.0148914862333486,-0.0101359501542097,0.00284,1800.0
253.70818883220156,-0.0140299973587727,-0.01131988699014,0.00284,1800.0
253.80874067584475,-0.0130131016975819,-0.0124627559466499,0.00284,1800.0
253.90932899753054,-0.0119586420051073,-0.0134691112847289,0.00284,1800.0
254.00990754405458,-0.0107949003741553,-0.0144166471056645,0.00284,1800.0
254.1104829911371,-0.0096132796148186,-0.0152294557752132,0.00284,1800.0
254.21106129924257,-0.0086128601934938,-0.015824221346366,0.00284,1800.0
254.3116310242792,-0.0074194465665692,-0.0164070723295208,0.00284,1800.0
254.41219383517702,-0.0059952578268862,-0.0169802998102148,0.00284,1800.0
254.50273281375368,-0.0047199173135981,-0.0173803832592835,0.00284,1800.0
254.60484200755556,-0.003292815210405,-0.0177066401244595,0.00284,1800.0
254.70537239352663,-0.0017872891265089,-0.0179230523794859,0.00284,1800.0
254.80594116488894,-0.0002257251906282,-0.0180264648534602,0.00284,1800.0
254.90651232043703,0.0012177534399564,-0.0179798831025664,0.00284,1800.0
255.00707441607912,0.0020662192887559,-0.0179082702208671,0.00284,1800.0
255.1076458100458,0.0021919999999999,-0.0178969999999999,0.00284,1800.0
255.20821839610537,0.002126254571093,-0.0177345256641954,0.00284,1800.0
255.30879503528078,0.0001680679277022,-0.0128910349417128,0.00284,1800.0
255.40937143603762,-0.0012203871637115,-0.0094566564051442,0.00284,1800.0
255.50994592944582,-0.0015189999999999,-0.008718,0.00284,1800.0
255.61052686015566,-0.0015213726303453,-0.0087174915792117,0.00284,1800.0
255.71109086314638,-0.0019667862375597,-0.0086011605096896,0.00284,1800.0
255.81167155543764,-0.003195116479329,-0.0082170877158472,0.00284,1800.0
255.9122317437311,-0.004522312544815,-0.0075910025632763,0.00284,1800.0
256.0039070252558,-0.0056308353050174,-0.0068130277760503,0.00284,1800.0
256.10459810534917,-0.0066996965687176,-0.0057647271279441,0.00284,1800.0
256.20516139308415,-0.0075819608187927,-0.0044926485996078,0.00284,1800.0
256.30572348872624,-0.0082483727729166,-0.0031326224489043,0.00284,1800.0
256.40666753093205,-0.0086492261317736,-0.0017125419349332,0.00284,1800.0
256.50720220843755,-0.008808737063287,-0.0002099622522273,0.00284,1800.0
256.6077736024042,-0.0087078201231304,0.0013139472798162,0.00284,1800.0
256.70835572520696,-0.008361964730322,0.0027617760645002,0.00284,1800.0
256.80893498698674,-0.0077919268880682,0.0041238908839217,0.00284,1800.0
256.90949446002446,-0.006976527888936,0.0053812756444372,0.00284,1800.0
257.0100651387354,-0.0059925408879939,0.0064816207489321,0.00284,1800.0
257.1106353406092,-0.0047453342821666,0.0074436247703894,0.00284,1800.0
257.21121126452886,-0.003497594418702,0.008125967424609,0.00284,1800.0
257.3117855195185,-0.0020709112845476,0.0085855304563588,0.00284,1800.0
257.41236954966985,-0.0005338855322489,0.0088138731288549,0.00284,1800.0
257.50288730899297,0.0008298522464509,0.0087768282724644,0.00284,1800.0
257.6034350995203,0.0023234570717633,0.0085007873705817,0.00284,1800.0
257.703988373675,0.0037181325392545,0.007983432424676,0.00284,1800.0
257.8058643941065,0.0050134078464701,0.0072472273322403,0.00284,1800.0
257.90682035724126,0.0061654092244478,0.0062874800296448,0.00284,1800.0
258.0073876980921,0.0071657431646704,0.0051377764734404,0.00284,1800.0
258.10796171466313,0.0079432062847443,0.0038362575072523,0.00284,1800.0
258.20852452556096,0.0084869874892722,0.0024251844393078,0.00284,1800.0
258.30909806529485,0.0087845347775052,0.0010060409412242,0.00284,1800.0
258.40966326037847,0.0088203159632857,-0.0005202588003103,0.00284,1800.0
258.51022297183476,0.0086047610724552,-0.001974313203272,0.00284,1800.0
258.61079555789433,0.0081402992883868,-0.0033985466326629,0.00284,1800.0
258.7113862637659,0.0074306311916007,-0.0047433885511288,0.00284,1800.0
258.81196838656865,0.0065039921620321,-0.0059387528441219,0.00284,1800.0
258.9199352864405,0.0052833086095781,-0.00704922384596,0.00284,1800.0
259.01045233050786,0.0041433653309222,-0.0077761285991864,0.00284,1800.0
259.1110265854975,0.0027949241247151,-0.0083575333759375,0.00284,1800.0
259.2116063241144,0.0013347398408528,-0.0087119768351621,0.00284,1800.0
259.3121810559412,-0.0001720820824001,-0.0088130337738493,0.00284,1800.0
259.4026926163813,-0.0013752979195001,-0.0087427565960465,0.00284,1800.0
259.5032737855097,-0.0015161120803113,-0.0087184975227978,0.00284,1800.0
259.6038468484064,-0.0015189999999999,-0.008718,0.00284,1800.0
259.70437103549443,-0.0037825031974595,-0.0105131670751921,0.00284,1800.0
259.80495268146,-0.0073097997641655,-0.0133105392385964,0.00284,1800.0
259.9054864052912,-0.0082749999999999,-0.0140759999999999,0.00284,1800.0
260.00607520381413,-0.0081525616984794,-0.0141448687239661,0.00284,1800.0
260.106603444018,-0.0074474732935599,-0.0145052346646054,0.00284,1800.0
260.2071734074732,-0.0060427553878283,-0.0151414775979484,0.00284,1800.0
260.3077412251612,-0.0046151652026576,-0.0156444847029554,0.00284,1800.0
260.40932589808904,-0.0031893643933215,-0.0159941429594258,0.00284,1800.0
260.509893715777,-0.0017136395824253,-0.0162247370853099,0.00284,1800.0
260.6104925278803,-0.0001893157666962,-0.0163255787370401,0.00284,1800.0
260.7021704320093,0.0011908722927754,-0.0162720720882647,0.00284,1800.0
260.8027244214197,0.0026708033640208,-0.0160902910097039,0.00284,1800.0
260.9032865170618,0.0041466782244346,-0.0157697041242836,0.00284,1800.0
261.00388699809514,0.005597073861931,-0.0153111592586215,0.00284,1800.0
261.1044359807154,0.006974446853416,-0.0147413093010638,0.00284,1800.0
261.2049861554285,0.008317294161219,-0.0140239055990412,0.00284,1800.0
261.3055699471613,0.0095847131042138,-0.0131898671774922,0.00284,1800.0
261.4061310891291,0.0107217843117538,-0.0122844781174654,0.00284,1800.0
261.5066929463526,0.0118191983329192,-0.0112386478157797,0.00284,1800.0
261.60725647250615,0.0128545487229187,-0.0100400589870047,0.00284,1800.0
261.7078176144739,0.013702878232469,-0.0088622290132383,0.00284,1800.0
261.80839401523076,0.0144603236100716,-0.0075658974673435,0.00284,1800.0
261.9089604024073,0.0151074608772319,-0.0061532643872169,0.00284,1800.0
262.00960570613347,0.0156093675060815,-0.0047382290218649,0.00284,1800.0
262.1033783558985,0.015950130772002,-0.0033707470437103,0.00284,1800.0
262.20394545833074,0.0161995453640806,-0.0018674607883213,0.00284,1800.0
262.30451399127446,0.0162975552487013,-0.0003759259846875,0.00284,1800.0
262.4050768021723,0.0162613281225403,0.001122254045995,0.00284,1800.0
262.5056570176264,0.0160974832077309,0.0026081130052237,0.00284,1800.0
262.60621935168706,0.015802658349558,0.0040373701580584,0.00284,1800.0
262.7067924145838,0.0153466886416331,0.0055058766156355,0.00284,1800.0
262.8073659543177,0.0147664597979974,0.006951348088203,0.00284,1800.0
262.9079471234461,0.0140973318217788,0.0082231555335994,0.00284,1800.0
263.00851994792424,0.0136079218648143,0.0090161733107387,0.00284,1800.0
263.10902386943303,0.0127820324919389,0.0101354896962893,0.00284,1800.0
263.2095893029352,0.0117741636612496,0.0112883222649827,0.00284,1800.0
263.3101664189478,0.0106778262297479,0.0123233804372404,0.00284,1800.0
263.410718262591,0.009474114592475,0.0132673638114797,0.00284,1800.0
263.5044134263178,0.0083204759589788,0.0140259939899538,0.00284,1800.0
263.604983389773,0.0070155585573177,0.0147198743796707,0.00284,1800.0
263.70556050578557,0.0056187701442003,0.0153071274604573,0.00284,1800.0
263.8061359528681,0.0041957680761142,0.0157586403132579,0.00284,1800.0
263.90669590274297,0.0026818090415538,0.0160902015774971,0.00284,1800.0
264.0072565678736,0.0012525685428107,0.0162648226525449,0.00284,1800.0
264.10781961719,-0.0003539517005793,0.0163250582246434,0.00284,1800.0
264.2084017399927,-0.0017605644648512,0.0162207603894731,0.00284,1800.0
264.30897241870366,-0.0032758014096142,0.0159759444847587,0.00284,1800.0
264.4095545415064,-0.0047268683510622,0.015614830404796,0.00284,1800.0
264.51012140552007,-0.0061878834246624,0.0150805971961597,0.00284,1800.0
264.61068707744084,-0.0075738282715459,0.0144424511158542,0.00284,1800.0
264.71121722499333,-0.0088490647184066,0.0136974367709868,0.00284,1800.0
264.8117797974726,-0.0100483414458126,0.0128359987338461,0.00284,1800.0
264.90680581370793,-0.0111218354573064,0.0119199443618504,0.00284,1800.0
265.00737220088445,-0.0121880874807939,0.010844758508833,0.00284,1800.0
265.107944786944,-0.0130779484655028,0.0097548463497211,0.00284,1800.0
265.20851784984075,-0.0135955421935125,0.0090272500043352,0.00284,1800.0
265.3034797314783,-0.0143354007925376,0.0077903915851658,0.00284,1800.0
265.4053764943262,-0.0150027434491239,0.0064250181781,0.00284,1800.0
265.50594168940984,-0.0155119031807055,0.0050300034212676,0.00284,1800.0
265.6064890031,-0.0159086776496259,0.0035893401796706,0.00284,1800.0
265.7070239190241,-0.0161338956601636,0.0024130241214363,0.00284,1800.0
265.807592928805,-0.0162532700074643,0.0014174668677283,0.00284,1800.0
265.9081674222132,-0.0163015070925934,0.000161696693311,0.00284,1800.0
266.00873786250554,-0.0162512825299654,-0.0013172660691281,0.00284,1800.0
266.10932046214543,-0.0160990977618369,-0.0026307728366865,0.00284,1800.0
266.2098985318323,-0.0158851296411002,-0.0037059885468656,0.00284,1800.0
266.31048303882085,-0.0154694783268835,-0.0051607158323306,0.00284,1800.0
266.4110546712061,-0.0149134644871692,-0.0066287219546155,0.00284,1800.0
266.51162868777715,-0.0142835886987031,-0.0078876609051005,0.00284,1800.0
266.6021485928675,-0.0136094816171896,-0.0089924162424213,0.00284,1800.0
266.7076008919855,-0.0129382417740935,-0.0099437455716314,0.00284,1800.0
266.8081782464167,-0.0120803872518342,-0.0109592949209319,0.00284,1800.0
266.908739626803,-0.0110067885239504,-0.0120263661909839,0.00284,1800.0
267.00930148402654,-0.0098296877949834,-0.0130070785914467,0.00284,1800.0
267.1098719243189,-0.0088234394865637,-0.0137291577478325,0.00284,1800.0
267.2104683522364,-0.0082749999999999,-0.0140759999999999,0.00284,1800.0
267.31103998462163,-0.0082726971179412,-0.0140747009383258,0.00284,1800.0
267.4116116170069,-0.0069681486967228,-0.0133264103247819,0.00284,1800.0
267.5021143559595,-0.0026933416049818,-0.0108742043226042,0.00284,1800.0
267.60267382899724,-0.0019055545890848,-0.0104223093051162,0.00284,1800.0
267.7032580975672,-0.0018439999999999,-0.0103869999999999,0.00284,1800.0
267.8038259152552,-0.0018989736713432,-0.0103750318567467,0.00284,1800.0
267.90587002078496,-0.0030075907761551,-0.010082013750556,0.00284,1800.0
268.0064406994959,-0.004354536584298,-0.009568114368301,0.00284,1800.0
268.10897022525273,-0.0056798371478627,-0.0088540174253264,0.00284,1800.0
268.20953756610356,-0.0068866569527538,-0.0079456937891856,0.00284,1800.0
268.31010443011724,-0.0079511893284537,-0.0068823283322593,0.00284,1800.0
268.41068321505986,-0.0088460578735816,-0.0056763925233648,0.00284,1800.0
268.5112596158167,-0.0095889896371053,-0.0043229369622594,0.00284,1800.0
268.61183244029485,-0.0101293711641253,-0.0028856190029776,0.00284,1800.0
268.7023509148737,-0.0104168830007469,-0.0016384937618165,0.00284,1800.0
268.80292040149175,-0.0105328640629396,-0.0001357708901698,0.00284,1800.0
268.90349036494695,-0.0104183048504678,0.0014337386123558,0.00284,1800.0
269.00405579844914,-0.0101224186531569,0.0029183029083328,0.00284,1800.0
269.10461908618413,-0.0096198892492792,0.0043344871234263,0.00284,1800.0
269.2051947716852,-0.00888030893669,0.0056612302507031,0.00284,1800.0
269.30577832499944,-0.0079655916580115,0.0068600090294654,0.00284,1800.0
269.40634352008306,-0.0069125026652181,0.0079251763369749,0.00284,1800.0
269.50905829707585,-0.005701162734533,0.0088404440988078,0.00284,1800.0
269.6096094254633,-0.0044181134117236,0.0095423330346565,0.00284,1800.0
269.7101770047327,-0.0030216997362028,0.0100808557895853,0.00284,1800.0
269.81072264949285,-0.0015154012366631,0.0104283510320907,0.00284,1800.0
269.9112599496027,-6.196343509974611e-05,0.0105455935112088,0.00284,1800.0
270.0108810071131,0.0014026661114505,0.0104479955045048,0.00284,1800.0
270.1114555005213,0.0029284505457623,0.0101175130321405,0.00284,1800.0
270.2120342854639,0.0043684166858398,0.0095860636978841,0.00284,1800.0
270.30254155436955,0.0055196281038317,0.0089540130050296,0.00284,1800.0
270.40312200824224,0.0067255578984157,0.00807724169093,0.00284,1800.0
270.503655970492,0.0078370972197004,0.0070084736763769,0.00284,1800.0
270.60422092715703,0.0087532539897529,0.0058249983007957,0.00284,1800.0
270.70478159228765,0.0094828009845298,0.0045581766645324,0.00284,1800.0
270.8053444031855,0.010046309920031,0.003135048117148,0.00284,1800.0
270.90591222087346,0.0103889735519936,0.0016729853198559,0.00284,1800.0
271.0075178746363,0.0105381386702005,0.0001982971753097,0.00284,1800.0
271.1080833081385,0.0104776,-0.0012768,0.00284,1800.0
271.2086554173609,0.010163330088516,-0.0027742090589535,0.00284,1800.0
271.3122358922144,0.0096180103903842,-0.0042785189676948,0.00284,1800.0
271.40275102893315,0.0089704832587394,-0.0054936567134779,0.00284,1800.0
271.50331527034245,0.0081197680007125,-0.006693979547705,0.00284,1800.0
271.6038764123102,0.0070971308153889,-0.0077563946915056,0.00284,1800.0
271.7044354085108,0.0059013230150955,-0.0086968090845988,0.00284,1800.0
271.8049958352228,0.0045713618632929,-0.0094724211594838,0.00284,1800.0
271.9054830674311,0.0031629935144286,-0.010032376701798,0.00284,1800.0
272.00605350772344,0.0017105298389396,-0.0103863691370355,0.00284,1800.0
272.1066022519251,0.0002600664833184,-0.0105211741014221,0.00284,1800.0
272.2084375027796,-0.0011747600563263,-0.0104761937119267,0.00284,1800.0
272.3089984063288,-0.0018142325556718,-0.0103909672898775,0.00284,1800.0
272.41056805888616,-0.0018439999999999,-0.0103869999999999,0.00284,1800.0
272.5112686757227,-0.0017113374696776,-0.0096926628436028,0.00284,1800.0
272.61182194987737,-0.0005339124395327,-0.0035298654189113,0.00284,1800.0
272.7134686116358,0.0009457181942365,0.0042143688730618,0.00284,1800.0
272.80399853030644,0.0021864039804851,0.0107078455908101,0.00284,1800.0
272.9045482281824,0.0028598296260104,0.0142322999528026,0.00284,1800.0
273.00509625712834,0.0028809999999999,0.0143429999999999,0.00284,1800.0
273.1056600217005,0.0028635520584452,0.014345840947256,0.00284,1800.0
273.20621210376225,0.0024997210396987,0.0143972252762564,0.00284,1800.0
273.3067722920557,0.0010721400490622,0.0145734989505212,0.00284,1800.0
273.40733367244206,-0.000380949467047,0.0146178857686262,0.00284,1800.0
273.5079115037104,-0.0019351155539156,0.0144873098061814,0.00284,1800.0
273.6101790074488,-0.0033951417043426,0.0142149273313279,0.00284,1800.0
273.7107191685816,-0.0048610421872058,0.0137751984521394,0.00284,1800.0
273.8029835824152,-0.0061370678187264,0.0132463741362194,0.00284,1800.0
273.9035490159174,-0.0074581511231118,0.0125554679620852,0.00284,1800.0
274.00411301890813,-0.0087138953231846,0.0117146154038834,0.00284,1800.0
274.1151598099848,-0.0100076913375993,0.0106307391990158,0.00284,1800.0
274.20590430537663,-0.0109604701526691,0.0096541121528682,0.00284,1800.0
274.3064759377619,-0.011878573490448,0.0085087581786149,0.00284,1800.0
274.4070044163843,-0.0125832264012913,0.0074426842965678,0.00284,1800.0
274.5075438622614,-0.0130737808125309,0.0065359452413972,0.00284,1800.0
274.60811430255376,-0.0136875877779503,0.005136808327617,0.00284,1800.0
274.7086599473139,-0.0141398187155214,0.0037034753084967,0.00284,1800.0
274.810371935763,-0.0144445294472855,0.0021816782608773,0.00284,1800.0
274.91089326182805,-0.0145902007876499,0.00071433680059,0.00284,1800.0
275.011459410586,-0.0145791906763131,-0.0008184559036967,0.00284,1800.0
275.11202198306523,-0.0144247669525863,-0.0022749299608628,0.00284,1800.0
275.2024331692835,-0.0142074930498812,-0.0033967522744089,0.00284,1800.0
275.3030098084589,-0.0138640026712657,-0.0045911120650204,0.00284,1800.0
275.4035659436365,-0.0133456192157102,-0.0059460775564229,0.00284,1800.0
275.5041330460688,-0.0127410850478209,-0.00715884642174,0.00284,1800.0
275.60465198794805,-0.0122389529835376,-0.007984487930602,0.00284,1800.0
275.7052164677759,-0.0113259133217975,-0.0092526711358011,0.00284,1800.0
275.8057745103022,-0.0103282245859789,-0.0103388227189359,0.00284,1800.0
275.91693407336675,-0.0090739066781088,-0.011462205456268,0.00284,1800.0
276.0074694756647,-0.0079672237469974,-0.0122452803353038,0.00284,1800.0
276.1080284718653,-0.0066482701193499,-0.0130015661391676,0.00284,1800.0
276.208606064715,-0.0053067943704217,-0.0136041949611695,0.00284,1800.0
276.3091703061243,-0.0038968996947285,-0.0140687510674012,0.00284,1800.0
276.4097447995325,-0.002441799541882,-0.0143973963242715,0.00284,1800.0
276.5103183392664,-0.0009447837666479,-0.0145693387507914,0.00284,1800.0
276.60199958125554,0.0004708351505405,-0.0145979042770491,0.00284,1800.0
276.70257741252385,0.0020020795155235,-0.0144765806911783,0.00284,1800.0
276.80314499179326,0.0034928959271851,-0.0141924450864475,0.00284,1800.0
276.903708994784,0.0048812605940996,-0.0137904988224599,0.00284,1800.0
277.0042477254053,0.0062877503645449,-0.0131918732089265,0.00284,1800.0
277.10476237575017,0.007622814842775,-0.012455716591238,0.00284,1800.0
277.20534330646,0.0088773442420097,-0.0116029376406261,0.00284,1800.0
277.3367298249384,0.0103123504620299,-0.0103705205137046,0.00284,1800.0
277.4076138142725,0.0110477191267308,-0.0095426624744702,0.00284,1800.0
277.5081768635889,0.0119645280212589,-0.008378555370466,0.00284,1800.0
277.6086760167261,0.0127475024283943,-0.0071119977032269,0.00284,1800.0
277.7092373971125,0.0134303498288259,-0.0057308521237495,0.00284,1800.0
277.8097468022486,0.0139503237711902,-0.004322165544409,0.00284,1800.0
277.9103623036524,0.0143330283030967,-0.0028687725698103,0.00284,1800.0
278.0109263066431,0.0145397296402888,-0.0014171840750529,0.00284,1800.0
278.1114872101923,0.0146210165908714,0.0001307571305019,0.00284,1800.0
278.2019987706324,0.0145326065989423,0.0015140309257923,0.00284,1800.0
278.30407029429875,0.0142950216326374,0.003000380363441,0.00284,1800.0
278.4046364430567,0.0140612746737216,0.0040034497041293,0.00284,1800.0
278.5051754120966,0.0136241160473101,0.0052515262727937,0.00284,1800.0
278.6057479981562,0.0132088783337751,0.0062504673004088,0.00284,1800.0
278.70632511416875,0.0126159190188561,0.0073372778401539,0.00284,1800.0
278.810243904986,0.0118539876874069,0.0085389129361283,0.00284,1800.0
278.910807192721,0.0110711033233124,0.009523800161162,0.00284,1800.0
279.01136308948,0.0100248296748578,0.0106221744601,0.00284,1800.0
279.1118844155451,0.0088846347692754,0.0115987347791368,0.00284,1800.0
279.20239502231084,0.0077930119389261,0.0123759527945436,0.00284,1800.0
279.3029485348841,0.006454356523626,0.0131123588976979,0.00284,1800.0
279.4035170678278,0.0050519165745549,0.0137125128995536,0.00284,1800.0
279.50542026797734,0.0036614803763319,0.0141407796766411,0.00284,1800.0
279.6059835557123,0.0030090157972659,0.0143124863221823,0.00284,1800.0
279.706488669314,0.0028809999999999,0.0143429999999999,0.00284,1800.0
279.8082523945948,0.0026949104252935,0.0133706847596,0.00284,1800.0
279.90881115237676,0.0018115594098942,0.0087538470028641,0.00284,1800.0
280.0093854073664,0.0003165989448292,0.0009401745390835,0.00284,1800.0
280.10524302760564,-0.001059585349913,-0.0062523347467753,0.00284,1800.0
280.2064726952692,-0.0021115674198638,-0.0117503018688921,0.00284,1800.0
280.3070438508173,-0.0021699999999999,-0.012056,0.00284,1800.0
280.4078591469904,-0.0021737694865862,-0.0120551789419819,0.00284,1800.0
280.508428872027,-0.0023596309462882,-0.0120146951683317,0.00284,1800.0
280.6089568738123,-0.0037102624953902,-0.0116595601741001,0.00284,1800.0
280.7038455609461,-0.0050588747067186,-0.0111194508590826,0.00284,1800.0
280.8044107560297,-0.0063914166240345,-0.0104098022269243,0.00284,1800.0
280.9049785737177,-0.0076049962910493,-0.0095678333740555,0.00284,1800.0
281.0055850152155,-0.0087306195778594,-0.0085384279803328,0.00284,1800.0
281.10616260806523,-0.0097452630238284,-0.0073771033410084,0.00284,1800.0
281.2067149285456,-0.0105862202782769,-0.0061325890193424,0.00284,1800.0
281.30728513041936,-0.011253839363913,-0.0048071637595919,0.00284,1800.0
281.4078515175959,-0.0117481648665934,-0.0034081295892328,0.00284,1800.0
281.50841504374944,-0.0120935201390187,-0.0019203722053181,0.00284,1800.0
281.6089809540888,-0.0122416252127143,-0.0004306884074328,0.00284,1800.0
281.7095757130762,-0.012187507435326,0.0010871433021928,0.00284,1800.0
281.81016141215764,-0.0119530663281548,0.0025576359836959,0.00284,1800.0
281.91071420947515,-0.0115400925964591,0.0040292997208238,0.00284,1800.0
282.0238838795801,-0.0108953046223826,0.0055459044281646,0.00284,1800.0
282.1042883996149,-0.010285439898588,0.0065843368582768,0.00284,1800.0
282.2048211697718,-0.0094121344020839,0.007788990932889,0.00284,1800.0
282.30539375583135,-0.008377329546768,0.0088884426124243,0.00284,1800.0
282.4059713486811,-0.007187727221806,0.0098963568253501,0.00284,1800.0
282.506621897616,-0.0059048759503197,0.0107111425572298,0.00284,1800.0
282.60720402041875,-0.0045335875298282,0.0113645713733044,0.00284,1800.0
282.70778542796575,-0.0031246826768074,0.0118416734948395,0.00284,1800.0
282.80836802760564,-0.0017334678684585,0.0121274946332838,0.00284,1800.0
282.9088872079035,-0.0002143335799265,0.0122340518855286,0.00284,1800.0
283.00945359508,0.001337127004954,0.0121510662140911,0.00284,1800.0
283.1100237969538,0.0028246550600008,0.0118920354978182,0.00284,1800.0
283.21061140338384,0.0042794155427874,0.011440833154876,0.00284,1800.0
283.3111990098139,0.0056239035535116,0.0108450254243361,0.00284,1800.0
283.4117246274134,0.0069065632682276,0.0100731578662138,0.00284,1800.0
283.5057228211542,0.0080246950325445,0.0092132230637704,0.00284,1800.0
283.60630160609685,0.0090940014146875,0.0081713166997273,0.00284,1800.0
283.70682722369634,0.0100541459670131,0.0069717931847937,0.00284,1800.0
283.8073859814783,0.0108263634382809,0.0057029231519947,0.00284,1800.0
283.9080064896723,0.0114482511249508,0.0043594190880433,0.00284,1800.0
284.0085435513636,0.0118944405856233,0.0029061110984203,0.00284,1800.0
284.1091054085871,0.0121418350814122,0.0014496276918514,0.00284,1800.0
284.2095680836817,0.0122261061323154,-8.370118793715742e-05,0.00284,1800.0
284.310093224444,0.0121113957533013,-0.0016102176531664,0.00284,1800.0
284.4106658105036,0.0118311837944018,-0.0030500233965919,0.00284,1800.0
284.5112445954462,0.011367952846981,-0.0044636601634143,0.00284,1800.0
284.61181646625005,0.0107322969288395,-0.0058304474862043,0.00284,1800.0
284.70237189570867,0.0100264630075279,-0.0069897678128241,0.00284,1800.0
284.80261331836186,0.0090929994268832,-0.0081849825706377,0.00284,1800.0
284.9049647454401,0.0080270128325355,-0.009236679030846,0.00284,1800.0
285.00551348964177,0.0068110611457258,-0.0101665774146265,0.00284,1800.0
285.1060810689112,0.0054793719649914,-0.0109591633860017,0.00284,1800.0
285.2116182450434,0.0040453174442757,-0.011565375116891,0.00284,1800.0
285.3021190766474,0.002729910012479,-0.011920923912577,0.00284,1800.0
285.4026830796381,0.0012177633006856,-0.0121594485488076,0.00284,1800.0
285.5032551888605,-0.0002919293892998,-0.0122170804410322,0.00284,1800.0
285.6053372029444,-0.0016228459581691,-0.0121223019025185,0.00284,1800.0
285.70590049067937,-0.0021634755483367,-0.0120571773446609,0.00284,1800.0
285.8064606789728,-0.0021699999999999,-0.012056,0.00284,1800.0
285.9070375565668,-0.00217,-0.012056,0.00284,0.0
