1088.3755271650598,-0.008371,-0.0252803999999999,0.009940000000000001,0.0
1088.4760894991205,-0.0081667368751513,-0.024384589770505,0.009940000000000001,0.0
1088.5765764929101,-0.007486593811723,-0.0214018230710378,0.009940000000000001,0.0
1088.677648565893,-0.0065757908525518,-0.0174075899066561,0.009940000000000001,0.0
1088.778210661535,-0.0057068320434473,-0.0135968538401941,0.009940000000000001,0.0
1088.8787811018274,-0.0048486121933608,-0.0098331393019395,0.009940000000000001,0.0
1088.9793091036126,-0.0039834907810203,-0.0060393505701292,0.009940000000000001,0.0
1089.0800357080743,-0.003115655211407,-0.0022336888129829,0.009940000000000001,0.0
1089.1805796839044,-0.0022037296909064,0.0017655378226974,0.009940000000000001,0.0
1089.2811475015924,-0.0013080253900151,0.0056933067795816,0.009940000000000001,0.0
1089.3817901827142,-0.0004631104413448,0.0093984930486348,0.009940000000000001,0.0
1089.4823701597497,0.0004051236684292,0.0132062255695887,0.009940000000000001,0.0
1089.5829515672967,0.001125935008069,0.0163673326404611,0.009940000000000001,0.0
1089.6835160471246,0.0013509632770312,0.0173539632770312,0.009940000000000001,0.0
1089.7840786196039,0.0013509999999999,0.017354,0.009940000000000001,0.0
1089.8745603777215,0.0011917212983628,0.0173628572643154,0.009940000000000001,1800.0
1089.9783413626,0.0003827289065386,0.017381781308945,0.009940000000000001,1800.0
1090.0789940573022,-0.0011964381123653,0.0173499013207414,0.009940000000000001,1800.0
1090.1795594908044,-0.0026947959760855,0.0171849936066439,0.009940000000000001,1800.0
1090.2801392294214,-0.0041775015184892,0.0168890655183737,0.009940000000000001,1800.0
1090.3807189680383,-0.0055643877878044,0.0164903796750393,0.009940000000000001,1800.0
1090.4812717653558,-0.0069313497394062,0.0159618361937771,0.009940000000000001,1800.0
1090.5818336225793,-0.0083097962138597,0.0152843023212156,0.009940000000000001,1800.0
1090.6824076391504,-0.0095982747657054,0.0144996306664211,0.009940000000000001,1800.0
1090.783007404928,-0.0108598154878821,0.0135767927033956,0.009940000000000001,1800.0
1090.883576891546,-0.0119974031126084,0.0125842839317955,0.009940000000000001,1800.0
1090.9841470934198,-0.0130218293339193,0.0115234278791808,0.009940000000000001,1800.0
1091.0746667600915,-0.0138735280130946,0.0104757145629252,0.009940000000000001,1800.0
1091.1752147890375,-0.014731427269788,0.0092362323709374,0.009940000000000001,1800.0
1091.2757823683069,-0.0154624888544625,0.0079751232701868,0.009940000000000001,1800.0
1091.376534245138,-0.0160941577119748,0.006620610990704,0.009940000000000001,1800.0
1091.4771366335199,-0.0164736010478854,0.0056131942287088,0.009940000000000001,1800.0
1091.581429979925,-0.0169077376506407,0.0040881114866936,0.009940000000000001,1800.0
1091.6819958902643,-0.0172011111050991,0.00257936483527,0.009940000000000001,1800.0
1091.7825441576288,-0.0173551901161391,0.0011406733559542,0.009940000000000001,1800.0
1091.8830969549463,-0.0173858558420796,-0.0003975945020516,0.009940000000000001,1800.0
1091.9836385465906,-0.0172800484257899,-0.0018883881427161,0.009940000000000001,1800.0
1092.0841903902337,-0.0170529019463952,-0.0033699326991261,0.009940000000000001,1800.0
1092.1747009969995,-0.0167419065720549,-0.0046786822938643,0.009940000000000001,1800.0
1092.2752588011072,-0.0163384909206351,-0.0059771400988102,0.009940000000000001,1800.0
1092.3758313871667,-0.0158633934133779,-0.0071248360999114,0.009940000000000001,1800.0
1092.4763899065301,-0.0151962483969506,-0.0084611494282473,0.009940000000000001,1800.0
1092.5769369818017,-0.0143836909571329,-0.0097842473322093,0.009940000000000001,1800.0
1092.6775264955804,-0.0135309588452281,-0.0109448839138153,0.009940000000000001,1800.0
1092.7780966974542,-0.0124881624950512,-0.0121183803982532,0.009940000000000001,1800.0
1092.8786375738428,-0.0114180330447766,-0.0131245395318149,0.009940000000000001,1800.0
1092.979191086416,-0.0102252697015327,-0.0140652549204182,0.009940000000000001,1800.0
1093.0785167433069,-0.0090214755121494,-0.0148637238534091,0.009940000000000001,1800.0
1093.1790530897424,-0.0077083958889438,-0.0155880811076219,0.009940000000000001,1800.0
1093.279612085943,-0.0063112972391275,-0.0161989206789827,0.009940000000000001,1800.0
1093.3801791883752,-0.0048658506317128,-0.0166891547826774,0.009940000000000001,1800.0
1093.480892679815,-0.0033715440214452,-0.0170561032197884,0.009940000000000001,1800.0
1093.5815139032647,-0.001894226964754,-0.0172894998054198,0.009940000000000001,1800.0
1093.6820848203943,-0.0004671930603745,-0.0173888955114609,0.009940000000000001,1800.0
1093.7826438165948,0.0010611082876396,-0.0173649306307288,0.009940000000000001,1800.0
1093.883207581167,0.0025669246439248,-0.0172101834281924,0.009940000000000001,1800.0
1093.9837715841577,0.0040293293349613,-0.0169285219789062,0.009940000000000001,1800.0
1094.0843217588708,0.0055477452713611,-0.0164876709369726,0.009940000000000001,1800.0
1094.1752073980615,0.0067833409287492,-0.0160106849967626,0.009940000000000001,1800.0
1094.2757656790063,0.0081152464815337,-0.0153748595150075,0.009940000000000001,1800.0
1094.3764620043085,0.0094058305635967,-0.0145889784174148,0.009940000000000001,1800.0
1094.4786675192163,0.0106857336845826,-0.0136736261856765,0.009940000000000001,1800.0
1094.579217932348,0.011853008052461,-0.0127186094148958,0.009940000000000001,1800.0
1094.6797220922754,0.0128728122362251,-0.0116889896769972,0.009940000000000001,1800.0
1094.7802908636377,0.0138362195431464,-0.0105290540435356,0.009940000000000001,1800.0
1094.8808531976983,0.01473304692191,-0.0092489389456888,0.009940000000000001,1800.0
1094.9813935972497,0.0154787405474009,-0.0079324976730373,0.009940000000000001,1800.0
1095.081970951681,0.0161126241589397,-0.0065729759088672,0.009940000000000001,1800.0
1095.1775422312066,0.0165883966935868,-0.0052538902410641,0.009940000000000001,1800.0
1095.2781141020105,0.0169690292325961,-0.0037785042245789,0.009940000000000001,1800.0
1095.378665707235,0.0172288669701028,-0.0022950499417609,0.009940000000000001,1800.0
1095.4792237497613,0.0173678883478374,-0.0008189169052466,0.009940000000000001,1800.0
1095.579783222799,0.0173706605515617,0.0006646042172563,0.009940000000000001,1800.0
1095.680346510534,0.0172436436352642,0.0021898746179723,0.009940000000000001,1800.0
1095.7809322096155,0.0169769349350194,0.0037282743078854,0.009940000000000001,1800.0
1095.8814885832116,0.0166008979873407,0.00517728824626,0.009940000000000001,1800.0
1095.9820847727106,0.0161196520994983,0.0065350735711957,0.009940000000000001,1800.0
1096.0826623655603,0.0154723779035332,0.0079454826640723,0.009940000000000001,1800.0
1096.1832220770166,0.0147425736539031,0.0092331276290233,0.009940000000000001,1800.0
1096.28111436141,0.0139122721113455,0.0104518810144762,0.009940000000000001,1800.0
1096.381691715841,0.0129111729313837,0.0116616967519415,0.009940000000000001,1800.0
1096.482203982,0.0119104950294561,0.0126751237376417,0.009940000000000001,1800.0
1096.5827963568017,0.0107159664349153,0.0136885763463692,0.009940000000000001,1800.0
1096.6833462930963,0.0095040458330536,0.0145637086887138,0.009940000000000001,1800.0
1096.7839071966455,0.0082518331601749,0.0153071756925023,0.009940000000000001,1800.0
1096.8844771601007,0.0068745598515361,0.0159667641990799,0.009940000000000001,1800.0
1096.9749875284479,0.005580394800549,0.0164659020070541,0.009940000000000001,1800.0
1097.075543902044,0.004141564780738,0.0168909493766303,0.009940000000000001,1800.0
1097.1761183954522,0.0026514089369532,0.0171950055138297,0.009940000000000001,1800.0
1097.2766573644922,0.0014213932499931,0.0173476933583668,0.009940000000000001,1800.0
1097.3772177912042,0.0013546889849126,0.0173536694980579,0.009940000000000001,1800.0
1097.4786467768,0.0013509999999999,0.017354,0.009940000000000001,1800.0
1097.5792222238824,0.0001078237367615,0.0136195459812102,0.009940000000000001,1800.0
1097.6797912336633,-0.0021137844524089,0.006945460910235,0.009940000000000001,1800.0
1097.7787690378473,-0.0044539113242179,-8.454614009428818e-05,0.009940000000000001,1800.0
1097.8793146826074,-0.0060846381978441,-0.0049834726484395,0.009940000000000001,1800.0
1097.979840777044,-0.0066669999999999,-0.0067329999999999,0.009940000000000001,1800.0
1098.0804088331506,-0.0069133615941234,-0.006456400930741,0.009940000000000001,1800.0
1098.1811053968713,-0.0076818391610875,-0.0054885423086519,0.009940000000000001,1800.0
1098.281658671026,-0.0084557601851579,-0.0042048289493951,0.009940000000000001,1800.0
1098.3822121835992,-0.0090394421585719,-0.0027858632876061,0.009940000000000001,1800.0
1098.4827628351495,-0.0093631930990364,-0.0013851644037081,0.009940000000000001,1800.0
1098.5833087183282,-0.009454642341728,9.687990597245788e-05,0.009940000000000001,1800.0
1098.6838724829004,-0.0093030490383486,0.0016680287899518,0.009940000000000001,1800.0
1098.774390480642,-0.0089707492585707,0.0029372945557233,0.009940000000000001,1800.0
1098.8749535299585,-0.0083878295150298,0.0043148892185674,0.009940000000000001,1800.0
1098.9755213476465,-0.0075982892014684,0.005592997334458,0.009940000000000001,1800.0
1099.0760889269159,-0.0065914276652095,0.0067377901126929,0.009940000000000001,1800.0
1099.1789987303064,-0.0053889402014107,0.0077514660983929,0.009940000000000001,1800.0
1099.280201695089,-0.0040989785219864,0.0084979913124272,0.009940000000000001,1800.0
1099.3807640291498,-0.0027239318960971,0.0090469734338942,0.009940000000000001,1800.0
1099.4813568807886,-0.0012558022629535,0.0093620592233051,0.009940000000000001,1800.0
1099.5819194532678,0.0002529810336977,0.0094554657316018,0.009940000000000001,1800.0
1099.6824965692804,0.0017741342939606,0.0092934100155654,0.009940000000000001,1800.0
1099.7830581880853,0.0032054909857812,0.008897885553629,0.009940000000000001,1800.0
1099.883634112005,0.0045683520757486,0.0082653366547137,0.009940000000000001,1800.0
1099.974160454397,0.0057149906959856,0.007502976862296,0.009940000000000001,1800.0
1100.0747354246423,0.0068253322099725,0.006516910534099,0.009940000000000001,1800.0
1100.1752963281915,0.0077457629028169,0.0053791438681982,0.009940000000000001,1800.0
1100.2758670069024,0.0085118056107408,0.004063263747659,0.009940000000000001,1800.0
1100.376439592962,0.0090646831243394,0.0026345451022148,0.009940000000000001,1800.0
1100.477002880697,0.0093607252304715,0.0012003757317516,0.009940000000000001,1800.0
1100.5775630689905,0.009444942172524,-0.0003374902303873,0.009940000000000001,1800.0
1100.678863546972,0.0092794582738856,-0.0018129149399537,0.009940000000000001,1800.0
1100.7794392324731,0.0088719584873451,-0.0033084363838212,0.009940000000000001,1800.0
1100.8800187326715,0.0082517543472886,-0.0046199728899136,0.009940000000000001,1800.0
1100.9805569864557,0.007376086712527,-0.0059076624698148,0.009940000000000001,1800.0
1101.0811541296289,0.0063383047756972,-0.0069999618274327,0.009940000000000001,1800.0
1101.1817362524316,0.0051897678283525,-0.0078831580880632,0.009940000000000001,1800.0
1101.2823076463983,0.0039091251525455,-0.0086144237834274,0.009940000000000001,1800.0
1101.3828783251092,0.0024686874573265,-0.0091142667983815,0.009940000000000001,1800.0
1101.483462116842,0.0009557284491078,-0.0093849191061979,0.009940000000000001,1800.0
1101.5739832140252,-0.0003854043940982,-0.0094299240875239,0.009940000000000001,1800.0
1101.6746111131952,-0.001839818096501,-0.0092674553390803,0.009940000000000001,1800.0
1101.775164864187,-0.0033080283422514,-0.0088522892492126,0.009940000000000001,1800.0
1101.8772044397638,-0.0047395093331388,-0.0081946973859378,0.009940000000000001,1800.0
1101.977769873266,-0.0059176403150927,-0.0073934256585544,0.009940000000000001,1800.0
1102.078279278402,-0.0066027284331691,-0.006789798532524,0.009940000000000001,1800.0
1102.1788368440912,-0.0066669999999999,-0.0067329999999999,0.009940000000000001,1800.0
1102.2794022775934,-0.0064137831800235,-0.0068667437056232,0.009940000000000001,1800.0
1102.379956743841,-0.0019546058724717,-0.0092209683256167,0.009940000000000001,1800.0
1102.4805286146448,0.0042726601051166,-0.0125085803555286,0.009940000000000001,1800.0
1102.5810930944726,0.0070340585863677,-0.0139663976709064,0.009940000000000001,1800.0
1102.681673786764,0.007111,-0.0140069999999999,0.009940000000000001,1800.0
1102.7823028780267,0.0071503067136254,-0.0139855843865986,0.009940000000000001,1800.0
1102.8828742719934,0.0075865625347047,-0.0137324884351857,0.009940000000000001,1800.0
1102.9834327913568,0.0088473797769226,-0.012958394266672,0.009940000000000001,1800.0
1103.0739507890985,0.0099357872378112,-0.0121626860233531,0.009940000000000001,1800.0
1103.1744921423242,0.0109862840818647,-0.0111323390077358,0.009940000000000001,1800.0
1103.2750563837335,0.0120446621018198,-0.0100397298437566,0.009940000000000001,1800.0
1103.3756230093286,0.0129328653249737,-0.0088743960704038,0.009940000000000001,1800.0
1103.4766614652917,0.0137000975695176,-0.0076391438962186,0.009940000000000001,1800.0
1103.5772416807458,0.0142400822994987,-0.0065858746501075,0.009940000000000001,1800.0
1103.6778044916437,0.0147139974249413,-0.0054290462849133,0.009940000000000001,1800.0
1103.7783587194726,0.0151581690983098,-0.0040313798790495,0.009940000000000001,1800.0
1103.8788712240503,0.0154615383396814,-0.0026318212622407,0.009940000000000001,1800.0
1103.979443094854,0.0156332306875486,-0.0013220015716632,0.009940000000000001,1800.0
1104.0800152040765,0.0156895031101267,-9.49551374166413e-05,0.009940000000000001,1800.0
1104.1805792070672,0.0156374981015049,0.0013742569093195,0.009940000000000001,1800.0
1104.2813070036218,0.0154374816247213,0.0028540586688579,0.009940000000000001,1800.0
1104.3818836427972,0.0150840718539956,0.0043542654428453,0.009940000000000001,1800.0
1104.4832036711023,0.014593214911763,0.0057737609363387,0.009940000000000001,1800.0
1104.5839712835595,0.0139509288531682,0.0071678250997119,0.009940000000000001,1800.0
1104.6744535185144,0.0132990325527319,0.0083241802597472,0.009940000000000001,1800.0
1104.7750218130395,0.0124350732378054,0.0095531871034399,0.009940000000000001,1800.0
1104.8757920481012,0.011466478317037,0.0107418436504657,0.009940000000000001,1800.0
1104.9763717867181,0.010394080112273,0.011793679470992,0.009940000000000001,1800.0
1105.076889774923,0.009196477244785,0.0127048336442877,0.009940000000000001,1800.0
1105.1774428106592,0.0079180321175776,0.0135440214829536,0.009940000000000001,1800.0
1105.2779944158838,0.0065626757869345,0.0142562077455426,0.009940000000000001,1800.0
1105.3785448290155,0.0051919831250942,0.0148176984216676,0.009940000000000001,1800.0
1105.4791107393548,0.0037697362296306,0.0152464016857566,0.009940000000000001,1800.0
1105.5796990610406,0.0023215884435701,0.0155195581487067,0.009940000000000001,1800.0
1105.6802568651483,0.0008301324034202,0.0156716203668429,0.009940000000000001,1800.0
1105.7808115698144,-0.0006948135629782,0.0156723389067601,0.009940000000000001,1800.0
1105.8813109613702,-0.0022435447747019,0.0155223002274305,0.009940000000000001,1800.0
1105.9818747259424,-0.003690169721332,0.0152457951571045,0.009940000000000001,1800.0
1106.0823879457757,-0.0051018956259164,0.0148285970173666,0.009940000000000001,1800.0
1106.1829498029992,-0.0065247870782164,0.0142597830151847,0.009940000000000001,1800.0
1106.2835250116632,-0.0078970058128384,0.0135512821872806,0.009940000000000001,1800.0
1106.374918720846,-0.0090573041551534,0.0128145138332242,0.009940000000000001,1800.0
1106.475741407995,-0.0102057653665346,0.0119251165513687,0.009940000000000001,1800.0
1106.5762999273584,-0.0113671255365288,0.0108335456094271,0.009940000000000001,1800.0
1106.6771509863183,-0.0123422789861809,0.0096973380097913,0.009940000000000001,1800.0
1106.777731440191,-0.0132125277088191,0.0084705995771267,0.009940000000000001,1800.0
1106.878305456762,-0.0139307819938293,0.0072148974487269,0.009940000000000001,1800.0
1106.9788611151025,-0.0145521179067208,0.0058536224007196,0.009940000000000001,1800.0
1107.0795569635675,-0.0150446793642789,0.0044254039682816,0.009940000000000001,1800.0
1107.1801395632074,-0.0153505556748756,0.0032796852827728,0.009940000000000001,1800.0
1107.280728600149,-0.0155439662017012,0.00206762045438,0.009940000000000001,1800.0
1107.3813045240686,-0.0156715278150406,0.0005861434845197,0.009940000000000001,1800.0
1107.481872103338,-0.0156584321688607,-0.0008957441222806,0.009940000000000001,1800.0
1107.5824787832544,-0.0155189658462961,-0.002325532868092,0.009940000000000001,1800.0
1107.6830392099664,-0.0153145152478199,-0.0034414068512252,0.009940000000000001,1800.0
1107.7836094118402,-0.014970864357829,-0.0047100254506017,0.009940000000000001,1800.0
1107.874138138418,-0.0145229785640765,-0.005953260713984,0.009940000000000001,1800.0
1107.974716684942,-0.0138497671064298,-0.0073676584746385,0.009940000000000001,1800.0
1108.0752892710016,-0.0130817903423674,-0.00865960449794,0.009940000000000001,1800.0
1108.1765034414575,-0.0121785619727612,-0.0098827672356057,0.009940000000000001,1800.0
1108.277098677282,-0.0111630694538251,-0.0110124428592021,0.009940000000000001,1800.0
1108.377758286123,-0.010048321936923,-0.0120388025212458,0.009940000000000001,1800.0
1108.4783294416711,-0.0088470842948131,-0.0129525275810795,0.009940000000000001,1800.0
1108.5789010740564,-0.0075645822669713,-0.0137363827693189,0.009940000000000001,1800.0
1108.6795454241083,-0.0062308538046725,-0.0144074315836755,0.009940000000000001,1800.0
1108.7802756048486,-0.0048577895888131,-0.0149217955111713,0.009940000000000001,1800.0
1108.881256125097,-0.0034113015737672,-0.0153239175743262,0.009940000000000001,1800.0
1108.9817817426965,-0.0018729161688253,-0.0155942536683432,0.009940000000000001,1800.0
1109.0823626734064,-0.0003636840876993,-0.0156901696056286,0.009940000000000001,1800.0
1109.1840508199975,0.0011053642631514,-0.0156551961657853,0.009940000000000001,1800.0
1109.2745430685327,0.0024275414266933,-0.0154939810724065,0.009940000000000001,1800.0
1109.3751173235223,0.0039319925447664,-0.0151814884524349,0.009940000000000001,1800.0
1109.4758522726343,0.0054067400777393,-0.0147258173497158,0.009940000000000001,1800.0
1109.576425335531,0.0065526609049944,-0.0142652113810083,0.009940000000000001,1800.0
1109.6769938684747,0.007111,-0.0140069999999999,0.009940000000000001,1800.0
1109.7775619245813,0.0070978007020361,-0.0140016656972514,0.009940000000000001,1800.0
1109.878127596502,0.0058788257948223,-0.0135080844236307,0.009940000000000001,1800.0
1109.978704474096,-0.0004750688205507,-0.0109351279448653,0.009940000000000001,1800.0
1110.0792815901086,-0.0072264710385241,-0.0082011982397532,0.009940000000000001,1800.0
1110.179964802389,-0.0078537594937627,-0.0079471473891296,0.009940000000000001,1800.0
1110.2805500246332,-0.0078639999999999,-0.0079429999999999,0.009940000000000001,1800.0
1110.3811278559015,-0.007981271640478,-0.007815031284208,0.009940000000000001,1800.0
1110.4817080713556,-0.0087664947415658,-0.0068713567414027,0.009940000000000001,1800.0
1110.5822687364862,-0.0096230681305979,-0.0055937280992475,0.009940000000000001,1800.0
1110.6828453756616,-0.0103075366171051,-0.0042371106181806,0.009940000000000001,1800.0
1110.7834196306512,-0.0107809288918869,-0.0028018572441405,0.009940000000000001,1800.0
1110.8739311910913,-0.0110456710173411,-0.0014802651435287,0.009940000000000001,1800.0
1110.9744982935235,-0.0111484985112441,-2.0065809600788853e-05,0.009940000000000001,1800.0
1111.0750589586542,-0.011050855181528,0.0015256515861974,0.009940000000000001,1800.0
1111.1769428468988,-0.0107556489176117,0.0029688468618661,0.009940000000000001,1800.0
1111.277545712118,-0.0102386199199295,0.0044490732493467,0.009940000000000001,1800.0
1111.3781039930627,-0.0095903292787222,0.0057081054838195,0.009940000000000001,1800.0
1111.4786629892633,-0.0087098852208297,0.0069676798968746,0.009940000000000001,1800.0
1111.5791945673272,-0.007688173743341,0.0080614165710087,0.009940000000000001,1800.0
1111.6797688223169,-0.00650876581037,0.0090382136181408,0.009940000000000001,1800.0
1111.7803650118158,-0.0052230914324597,0.0098451005066005,0.009940000000000001,1800.0
1111.8809499956415,-0.0038663839365895,0.0104446719532215,0.009940000000000001,1800.0
1111.9817300058648,-0.002452583493995,0.0108647254632626,0.009940000000000001,1800.0
1112.0822935320184,-0.0009757232855529,0.0111053946713921,0.009940000000000001,1800.0
1112.1828687406824,0.0005546991119675,0.0111280000301323,0.009940000000000001,1800.0
1112.2834542013452,0.0020313328626949,0.0109591022621137,0.009940000000000001,1800.0
1112.3739612318323,0.0033997249928501,0.0106348836255528,0.009940000000000001,1800.0
1112.474543354635,0.0047726077180576,0.0100982979611231,0.009940000000000001,1800.0
1112.5751006819055,0.0060717169731698,0.0093524120999208,0.009940000000000001,1800.0
1112.6756317831323,0.0072471764862001,0.0084685593278475,0.009940000000000001,1800.0
1112.7761929251,0.0083341964711164,0.0073935952241401,0.009940000000000001,1800.0
1112.8770311094568,0.0092717437506383,0.00614938701223,0.009940000000000001,1800.0
1112.9775848604486,0.0100360295214437,0.0048400841221062,0.009940000000000001,1800.0
1113.0781436182306,0.0105824428228396,0.0034856918219653,0.009940000000000001,1800.0
1113.1787214494989,0.010953125949301,0.0020340754815498,0.009940000000000001,1800.0
1113.279276154165,0.0111275400752072,0.0005063519932864,0.009940000000000001,1800.0
1113.3798444486902,0.0111025767623328,-0.0009750506282517,0.009940000000000001,1800.0
1113.4804251409814,0.0108783241558009,-0.0024433991497901,0.009940000000000001,1800.0
1113.580930254583,0.0104585675261069,-0.0039188633339141,0.009940000000000001,1800.0
1113.6814925886438,0.009854929148409,-0.0052494034858242,0.009940000000000001,1800.0
1113.782032511358,0.009012371133979,-0.0065728404176027,0.009940000000000001,1800.0
1113.8825993753717,0.0080463655411628,-0.0077229496775528,0.009940000000000001,1800.0
1113.9831559873865,0.006927896700753,-0.0087247820174138,0.009940000000000001,1800.0
1114.0837226129815,0.0057171252057086,-0.0095603286557516,0.009940000000000001,1800.0
1114.1742255903528,0.004503597917239,-0.0101872830591823,0.009940000000000001,1800.0
1114.2747562147424,0.0030947594490425,-0.0107083373169832,0.009940000000000001,1800.0
1114.3753187872217,0.0016681506236772,-0.0110134860015366,0.009940000000000001,1800.0
1114.477048180227,0.0001511325711402,-0.011141000300322,0.009940000000000001,1800.0
1114.5775974012658,-0.0013732446902017,-0.0110650983019568,0.009940000000000001,1800.0
1114.6781513906762,-0.0028926141485137,-0.0107854366690348,0.009940000000000001,1800.0
1114.7787103868768,-0.0043245531889219,-0.0102906890434908,0.009940000000000001,1800.0
1114.879286549215,-0.0056684464608537,-0.0096200058144518,0.009940000000000001,1800.0
1114.9798598505304,-0.0068533276625941,-0.008804914369382,0.009940000000000001,1800.0
1115.0804298139856,-0.0076697140160692,-0.0081148254453384,0.009940000000000001,1800.0
1115.1810169435785,-0.0078639999999999,-0.0079429999999999,0.009940000000000001,1800.0
1115.2816097952173,-0.0077699013983895,-0.007825963735425,0.009940000000000001,1800.0
1115.3824227072046,-0.0053080984501173,-0.0047638806319103,0.009940000000000001,1800.0
1115.4829578615472,-0.0006715744885374,0.0010031788063986,0.009940000000000001,1800.0
1115.5835285402582,0.0041578154591452,0.0070100928964433,0.009940000000000001,1800.0
1115.6740455843255,0.007320484163595,0.0109438798513338,0.009940000000000001,1800.0
1115.7746081568048,0.0078479999999999,0.0116,0.009940000000000001,1800.0
1115.8751702524469,0.0078451433151519,0.0116018397420218,0.009940000000000001,1800.0
1115.9757373548791,0.0077890091757011,0.0116379908544837,0.009940000000000001,1800.0
1116.0762858606622,0.006709254905039,0.0122819965106625,0.009940000000000001,1800.0
1116.1768110014245,0.0053304144752708,0.0129246666267226,0.009940000000000001,1800.0
1116.2773845411584,0.0038744993003666,0.0134403974631762,0.009940000000000001,1800.0
1116.3779432989404,0.0024234037550043,0.0137682447037227,0.009940000000000001,1800.0
1116.4785042024896,0.0009581860642057,0.0139484785769666,0.009940000000000001,1800.0
1116.579040072088,-0.0005259533498145,0.0139689309034011,0.009940000000000001,1800.0
1116.6811471201227,-0.0020311699044374,0.0138355981927608,0.009940000000000001,1800.0
1116.7817154146478,-0.0035214351185771,0.013530930807253,0.009940000000000001,1800.0
1116.882282040243,-0.0050130728568969,0.0130622947373501,0.009940000000000001,1800.0
1116.9828434206293,-0.0064021286731695,0.0124383242961143,0.009940000000000001,1800.0
1117.083415291433,-0.0076961719004621,0.011696917156187,0.009940000000000001,1800.0
1117.1741016126916,-0.008746199757271,0.0109239695295341,0.009940000000000001,1800.0
1117.2746393896387,-0.0098996838766552,0.0098853041959376,0.009940000000000001,1800.0
1117.375171921377,-0.0109093433041247,0.0087496512815867,0.009940000000000001,1800.0
1117.475736878042,-0.0117598836552972,0.0075660315700964,0.009940000000000001,1800.0
1117.5762925363824,-0.0124934610933708,0.0062721057784836,0.009940000000000001,1800.0
1117.6768114782617,-0.0130391909532253,0.0050723378697351,0.009940000000000001,1800.0
1117.7773721433923,-0.013441984701707,0.0038408553839467,0.009940000000000001,1800.0
1117.8785248018548,-0.0137627995497998,0.0025193908078573,0.009940000000000001,1800.0
1117.9792316175744,-0.0139137139295818,0.0014222075387631,0.009940000000000001,1800.0
1118.0797856069848,-0.0139859022758653,6.420513334354228e-05,0.009940000000000001,1800.0
1118.1803498483941,-0.0139251506160361,-0.0014578994747149,0.009940000000000001,1800.0
1118.2808652139947,-0.0138066885017827,-0.0023229596655289,0.009940000000000001,1800.0
1118.382469437246,-0.0134660254389409,-0.0038004025241045,0.009940000000000001,1800.0
1118.4843881346033,-0.0131207459385705,-0.0048656595851812,0.009940000000000001,1800.0
1118.5748665548608,-0.0125878006308158,-0.0060927272208118,0.009940000000000001,1800.0
1118.6754372335718,-0.0118764531967288,-0.0073805598431668,0.009940000000000001,1800.0
1118.7759559370324,-0.0110317260844451,-0.0085837667380007,0.009940000000000001,1800.0
1118.8764765478418,-0.0100405410645386,-0.0097268538075295,0.009940000000000001,1800.0
1118.9770500875757,-0.0089080995004248,-0.0107746009715158,0.009940000000000001,1800.0
1119.0776214815423,-0.0076840942226431,-0.0116850944675637,0.009940000000000001,1800.0
1119.178194067602,-0.0064157193688183,-0.0124291277055607,0.009940000000000001,1800.0
1119.2787575937555,-0.0050419730755039,-0.0130521831735325,0.009940000000000001,1800.0
1119.3793339945123,-0.0036403707297111,-0.0135168060970977,0.009940000000000001,1800.0
1119.479913256292,-0.0021615383366025,-0.0138340848305608,0.009940000000000001,1800.0
1119.5804727293298,-0.0006109068882065,-0.0139814947047819,0.009940000000000001,1800.0
1119.6810424543664,0.000890557988998,-0.0139610742534946,0.009940000000000001,1800.0
1119.781601450567,0.0023414557489416,-0.0137891156763756,0.009940000000000001,1800.0
1119.8821742750451,0.0038203299513152,-0.0134453176152572,0.009940000000000001,1800.0
1119.9827344633386,0.0052474833909385,-0.0129614467370044,0.009940000000000001,1800.0
1120.0833232618616,0.0066096507222973,-0.0123224974506236,0.009940000000000001,1800.0
1120.1838991857812,0.0079039822936912,-0.0115322105000437,0.009940000000000001,1800.0
1120.2744043089197,0.0089807701458826,-0.010721729188683,0.009940000000000001,1800.0
1120.3749621130273,0.0100799006266644,-0.0097038341309537,0.009940000000000001,1800.0
1120.4755399442956,0.011080819651447,-0.0085481427548757,0.009940000000000001,1800.0
1120.5760669924066,0.0119442379147365,-0.0073045559575682,0.009940000000000001,1800.0
1120.6767723776147,0.0126317468759356,-0.0060212116786653,0.009940000000000001,1800.0
1120.7773516393945,0.0132266661115695,-0.0045505451694486,0.009940000000000001,1800.0
1120.8779247022912,0.0136353916974451,-0.0031095084298,0.009940000000000001,1800.0
1120.9784958578393,0.0138822296370282,-0.001659369739466,0.009940000000000001,1800.0
1121.079063913946,0.0139787403217348,-0.0001646348962854,0.009940000000000001,1800.0
1121.1796348310754,0.0139135367286372,0.0013269021485093,0.009940000000000001,1800.0
1121.2802069402978,0.0136932087958281,0.0028135970001736,0.009940000000000001,1800.0
1121.3807840563104,0.0133007471523233,0.0043011737135684,0.009940000000000001,1800.0
1121.4813716627405,0.0127633792713737,0.0057184943229715,0.009940000000000001,1800.0
1121.5819502092645,0.0121033905812019,0.0070142742171435,0.009940000000000001,1800.0
1121.6825566507623,0.0112847295714237,0.0082768646815055,0.009940000000000001,1800.0
1121.7831471182153,0.0102874431871112,0.0095011464951871,0.009940000000000001,1800.0
1121.8837290025995,0.0092385225288036,0.0105168230829921,0.009940000000000001,1800.0
1121.9742307878778,0.0082333933584326,0.0113055005468274,0.009940000000000001,1800.0
1122.0747473455713,0.0078623940963513,0.0115902228779499,0.009940000000000001,1800.0
1122.1753227926538,0.0078479999999999,0.0116,0.009940000000000001,1800.0
1122.276863596563,0.0063104480127868,0.0097126974234987,0.009940000000000001,1800.0
1122.377430937414,0.0026142309814344,0.0051757327914462,0.009940000000000001,1800.0
1122.478231451635,-0.0021889947353368,-0.0007200823137882,0.009940000000000001,1800.0
1122.5787666059778,-0.0065643951669199,-0.0060907563027784,0.009940000000000001,1800.0
1122.6793351389215,-0.009059924788084,-0.0091538495761681,0.009940000000000001,1800.0
1122.7798993803308,-0.0090599999999999,-0.0091539999999999,0.009940000000000001,1800.0
1122.88046028388,-0.0095722308253045,-0.0085911784758999,0.009940000000000001,1800.0
1122.9810066438959,-0.0105200121985146,-0.0073846210503836,0.009940000000000001,1800.0
1123.0815832830713,-0.011308645261718,-0.0060992365421999,0.009940000000000001,1800.0
1123.1821561075494,-0.0119259437920325,-0.004783731453575,0.009940000000000001,1800.0
1123.2827203489587,-0.0123923219528789,-0.003319172640794,0.009940000000000001,1800.0
1123.3833551622674,-0.0127062745964045,-0.0018443747482624,0.009940000000000001,1800.0
1123.4738865114496,-0.012834632842535,-0.0005115379514209,0.009940000000000001,1800.0
1123.5744641042993,-0.0128088336132627,0.0009790379833981,0.009940000000000001,1800.0
1123.676159880285,-0.0126072378298866,0.0024524135705688,0.009940000000000001,1800.0
1123.7767691828058,-0.0122327250505462,0.0039308194926694,0.009940000000000001,1800.0
1123.8773398615167,-0.0116827227194484,0.0053691718557466,0.009940000000000001,1800.0
1123.977905295019,-0.0109697151842295,0.0067359310703828,0.009940000000000001,1800.0
1124.0784523702905,-0.0101402385536325,0.0079323418700756,0.009940000000000001,1800.0
1124.1790468908594,-0.009148187602912,0.0090382660910298,0.009940000000000001,1800.0
1124.2796268678949,-0.0080375344843767,0.010033873816072,0.009940000000000001,1800.0
1124.3766641832635,-0.0068599922656438,0.0108578292395275,0.009940000000000001,1800.0
1124.4776544786737,-0.0055089700350147,0.0115964072046704,0.009940000000000001,1800.0
1124.5782234884546,-0.0040871017465704,0.0121709648214676,0.009940000000000001,1800.0
1124.6788056112573,-0.0026559511941407,0.0125690174112492,0.009940000000000001,1800.0
1124.7793312288568,-0.0011671120654929,0.0127939559517419,0.009940000000000001,1800.0
1124.8798463560388,0.0003966385212509,0.0128406998608814,0.009940000000000001,1800.0
1124.98037841094,0.0018805290667007,0.012719389519584,0.009940000000000001,1800.0
1125.0809419370935,0.0032880179087209,0.012431638863105,0.009940000000000001,1800.0
1125.1814990259454,0.0047032301628713,0.0119676337090059,0.009940000000000001,1800.0
1125.282091400747,0.006131216958096,0.0112984732711109,0.009940000000000001,1800.0
1125.3841772295282,0.0074325137119096,0.0104900153636532,0.009940000000000001,1800.0
1125.4746439672754,0.0084862246593187,0.0096431246051448,0.009940000000000001,1800.0
1125.5764498926446,0.0095634616807156,0.0085723030140266,0.009940000000000001,1800.0
1125.6770165182397,0.0104985358008391,0.0074021621450467,0.009940000000000001,1800.0
1125.778677485113,0.0113031131707485,0.0060943174728864,0.009940000000000001,1800.0
1125.8792481638238,0.0119374681994044,0.0047311977701643,0.009940000000000001,1800.0
1125.9782560087488,0.0123984440828253,0.0033592900298891,0.009940000000000001,1800.0
1126.0788340784356,0.0127023936474243,0.0018855844362837,0.009940000000000001,1800.0
1126.1795208669946,0.0128508358296987,0.000330767108929,0.009940000000000001,1800.0
1126.2812838770196,0.0128081751854324,-0.0011513067301088,0.009940000000000001,1800.0
1126.3818321443841,0.012601371664268,-0.0025978997053646,0.009940000000000001,1800.0
1126.4823944784448,0.0121993980110403,-0.0040749845150117,0.009940000000000001,1800.0
1126.5829646803186,0.0116264579398026,-0.0054909716582289,0.009940000000000001,1800.0
1126.6734729028985,0.0109744138264584,-0.006689275200222,0.009940000000000001,1800.0
1126.7740471578882,0.0101287830974311,-0.007934912770436,0.009940000000000001,1800.0
1126.8746090151117,0.009155840953774,-0.0090568247178682,0.009940000000000001,1800.0
1126.9751887537286,0.0080280484913642,-0.0100179785436495,0.009940000000000001,1800.0
1127.0766053415582,0.0067855462145367,-0.0109026957077272,0.009940000000000001,1800.0
1127.17715742362,0.0054332109454243,-0.0116449710971971,0.009940000000000001,1800.0
1127.2777085520074,0.0040477920582413,-0.0122107105458325,0.009940000000000001,1800.0
1127.3783033109949,0.0026453848235414,-0.0125950989264803,0.009940000000000001,1800.0
1127.4788241602228,0.0011646963748231,-0.0128170461441171,0.009940000000000001,1800.0
1127.5818305231378,-0.000380355831893,-0.0128607751399718,0.009940000000000001,1800.0
1127.6823933340356,-0.0019409920329527,-0.0127103792088918,0.009940000000000001,1800.0
1127.7829714037225,-0.0034504291314571,-0.0123805332838529,0.009940000000000001,1800.0
1127.8734910703943,-0.0047179144873513,-0.0119458764878244,0.009940000000000001,1800.0
1127.9740240789697,-0.0060432916547611,-0.0113396320061727,0.009940000000000001,1800.0
1128.074586651449,-0.0073265024551063,-0.0105532003988695,0.009940000000000001,1800.0
1128.1753046728418,-0.0084557467140557,-0.0096874293257823,0.009940000000000001,1800.0
1128.2769739843652,-0.0090482472163417,-0.0091645709394915,0.009940000000000001,1800.0
1128.377524397497,-0.0090599999999999,-0.0091539999999999,0.009940000000000001,1800.0
1128.4680333353326,-0.0090599999999999,-0.0091539999999999,0.009940000000000001,0.0
