4817.671366741065,0.0116429999999999,-0.0104863999999999,0.05325,0.0
4817.7725675600805,0.0116688931465933,-0.010402687205674,0.05325,0.0
4817.873152305488,0.0120647010385871,-0.0091240217208748,0.05325,0.0
4817.973728229407,0.012580421010797,-0.0074579505142449,0.05325,0.0
4818.064231922034,0.0130399810203403,-0.0059732459342851,0.05325,0.0
4818.164802839164,0.0135573847142731,-0.0043016340000404,0.05325,0.0
4818.265389968757,0.0140754388026277,-0.0026279068698381,0.05325,0.0
4818.3659844893255,0.0145771517358451,-0.0010069636226542,0.05325,0.0
4818.467735340003,0.0151014061128459,0.0006867196141423,0.05325,0.0
4818.568272640113,0.0156103129994609,0.0023306573828738,0.05325,0.0
4818.668900539283,0.0161179118466039,0.0039705913064269,0.05325,0.0
4818.769464303855,0.0166139771863998,0.0055732497413981,0.05325,0.0
4818.87003259838,0.0166581046391359,0.0057156601262449,0.05325,0.0
4818.970593025092,0.0166609999999999,0.0057249999999999,0.05325,0.0
4819.064459373359,0.016406235383634,0.0063939978428786,0.05325,1800.0
4819.165062238578,0.0158805143858253,0.0076381648910777,0.05325,1800.0
4819.2656488913335,0.0151840517222995,0.0089671170309098,0.05325,1800.0
4819.3667231100835,0.0143468329807546,0.0102032040802919,0.05325,1800.0
4819.4672909277715,0.013390937596991,0.0114302027452747,0.05325,1800.0
4819.567794134025,0.0123740354153831,0.0125258737151353,0.05325,1800.0
4819.6683602827825,0.0112754360403823,0.0135344108759807,0.05325,1800.0
4819.768895913962,0.0101037096687522,0.0144335414174504,0.05325,1800.0
4819.869458248023,0.0088014604766371,0.0152628806311511,0.05325,1800.0
4819.970026542548,0.0074292709218887,0.0159696897756492,0.05325,1800.0
4820.070605565909,0.0060831817970263,0.0165284319639941,0.05325,1800.0
4820.167107393149,0.0047196276164663,0.0169597144647582,0.05325,1800.0
4820.267670680884,0.0032508861140007,0.0173000770887053,0.05325,1800.0
4820.368341733817,0.0017526999844199,0.0175154366937279,0.05325,1800.0
4820.46894388378,0.0002454167583879,0.0176044399651187,0.05325,1800.0
4820.569514324073,-0.0012618398724393,0.0175590435451004,0.05325,1800.0
4820.670074750785,-0.0027591461297424,0.0173907315077574,0.05325,1800.0
4820.770604659919,-0.0042309884324198,0.0170943793716614,0.05325,1800.0
4820.871181775931,-0.005705250595038,0.0166620213926383,0.05325,1800.0
4820.971756030921,-0.00710723645056,0.0161214928710001,0.05325,1800.0
4821.072327424888,-0.0084067593814992,0.0154840768733747,0.05325,1800.0
4821.172889997367,-0.0097477280437807,0.0146718549133472,0.05325,1800.0
4821.273470212821,-0.0109650168674614,0.0137774188323412,0.05325,1800.0
4821.363981058005,-0.0120006811858088,0.0128757998177213,0.05325,1800.0
4821.4647260206975,-0.0130594380156079,0.0118023136942976,0.05325,1800.0
4821.56723957241,-0.0140350893790021,0.010628439990417,0.05325,1800.0
4821.6677966612615,-0.0148793117958432,0.009405212555085,0.05325,1800.0
4821.768362094764,-0.0156250654526372,0.008100976060845,0.05325,1800.0
4821.86901240528,-0.0162924189076919,0.0066869999015902,0.05325,1800.0
4821.969575931434,-0.0167967561926235,0.0052917566215355,0.05325,1800.0
4822.070134450797,-0.0171827919284793,0.0038752754617545,0.05325,1800.0
4822.170702983741,-0.0174523028552233,0.0023888370872856,0.05325,1800.0
4822.271268417243,-0.0175980599957266,0.0008487129655079,0.05325,1800.0
4822.3717973727025,-0.0175965786908968,-0.0006325505468609,0.05325,1800.0
4822.472353269462,-0.0174796182976764,-0.0020814314338131,0.05325,1800.0
4822.57292108715,-0.0172207107344694,-0.0036255078859348,0.05325,1800.0
4822.663428832892,-0.0169028566767015,-0.0049347861884158,0.05325,1800.0
4822.763863374595,-0.0164348347769159,-0.0063066908171872,0.05325,1800.0
4822.8644595640935,-0.0158251164868108,-0.0077064656346575,0.05325,1800.0
4822.966051866416,-0.0150822316060503,-0.0090792528955777,0.05325,1800.0
4823.066979934577,-0.014263918850351,-0.0103321208937293,0.05325,1800.0
4823.1675405997075,-0.0133347936052016,-0.0115085690116213,0.05325,1800.0
4823.268108894233,-0.0123252824855919,-0.012589899011396,0.05325,1800.0
4823.36866836727,-0.0112069123744238,-0.0135949566382473,0.05325,1800.0
4823.469231893424,-0.009965598024659,-0.014525866646353,0.05325,1800.0
4823.5697937506475,-0.0086376598583029,-0.0153398345116543,0.05325,1800.0
4823.670357753638,-0.0072901500315926,-0.0160275116146784,0.05325,1800.0
4823.770925571326,-0.0058969830601723,-0.0165863565087278,0.05325,1800.0
4823.87150912464,-0.0044627317855761,-0.0170307409673245,0.05325,1800.0
4823.9720984000005,-0.003003179191625,-0.0173442854060211,0.05325,1800.0
4824.0726707476415,-0.0015338097860977,-0.017538781744015,0.05325,1800.0
4824.173246194724,-3.705350967150856e-05,-0.0176058399168912,0.05325,1800.0
4824.263757278327,0.0013269630026769,-0.0175642410859426,0.05325,1800.0
4824.364340116385,0.0027408044525382,-0.0174034249427815,0.05325,1800.0
4824.46498232067,0.0043434433197183,-0.0170760236515399,0.05325,1800.0
4824.565559675101,0.005777737609042,-0.0166424619700943,0.05325,1800.0
4824.666168262366,0.007189516021419,-0.0160700870754237,0.05325,1800.0
4824.767598678473,0.0085470215723926,-0.0153932525495845,0.05325,1800.0
4824.868610431556,0.0097986201514402,-0.0146295622664808,0.05325,1800.0
4824.969175388221,0.0110202418693171,-0.0137267657712096,0.05325,1800.0
4825.069724847678,0.0121665145241626,-0.0127176524139082,0.05325,1800.0
4825.1702878969945,0.0131975005881035,-0.0116492528053381,0.05325,1800.0
4825.2708647745885,0.014131418227887,-0.0104976974704684,0.05325,1800.0
4825.371433069114,0.0149795100507266,-0.009256163843826,0.05325,1800.0
4825.471996833686,0.0157119173730264,-0.0079410944528755,0.05325,1800.0
4825.572564889792,0.0163623555844508,-0.0065230049329946,0.05325,1800.0
4825.67313437641,0.0168517216675875,-0.0051595983266547,0.05325,1800.0
4825.76366620243,0.0171885022398445,-0.0038190958580502,0.05325,1800.0
4825.864273359183,0.017435354083596,-0.0024496255136616,0.05325,1800.0
4825.964868118171,0.0175588822929905,-0.0013162270245852,0.05325,1800.0
4826.065445234183,0.0175989840375857,1.0915873190242564e-05,0.05325,1800.0
4826.166046668891,0.0175505464756997,0.0013535205677355,0.05325,1800.0
4826.266617824439,0.0174087453640394,0.0026091684331767,0.05325,1800.0
4826.367192794684,0.0171527786550993,0.0039459684264397,0.05325,1800.0
4826.467749645118,0.0168401295442595,0.0051798770569599,0.05325,1800.0
4826.568300058249,0.0166609999999999,0.0057249999999999,0.05325,1800.0
4826.668865491752,0.0166264336027675,0.0056828906711985,0.05325,1800.0
4826.769432594184,0.0163470082146534,0.005342490268333,0.05325,1800.0
4826.869962264899,0.0115040167892533,-0.0005572950384456,0.05325,1800.0
4826.970527221564,0.0079056942957987,-0.0049407443085555,0.05325,1800.0
4827.07110386074,0.0073904587616274,-0.0055684320094136,0.05325,1800.0
4827.171678830985,0.0073899999999999,-0.0055689999999999,0.05325,1800.0
4827.272262384299,0.0070656996441745,-0.0059598692845477,0.05325,1800.0
4827.372846176032,0.006198489201921,-0.006814296035962,0.05325,1800.0
4827.47341566265,0.0050128608104903,-0.0077329617736579,0.05325,1800.0
4827.563910295371,0.0038628877797644,-0.0083670240324522,0.05325,1800.0
4827.664473583106,0.0024779032568492,-0.0088870461915896,0.05325,1800.0
4827.7650325793065,0.0009940976587559,-0.0091729593756687,0.05325,1800.0
4827.865659286384,-0.0005194057320276,-0.0092254590731802,0.05325,1800.0
4827.966189672355,-0.0019954726337779,-0.0090258321693698,0.05325,1800.0
4828.066758443717,-0.0034389667102988,-0.0085686418180922,0.05325,1800.0
4828.167328168754,-0.0048221537495853,-0.0078625084281134,0.05325,1800.0
4828.267864992026,-0.0060415362657859,-0.006971488085196,0.05325,1800.0
4828.3684258955755,-0.0070738888709029,-0.0059020535309933,0.05325,1800.0
4828.469020177726,-0.0079258244164303,-0.0047017102350973,0.05325,1800.0
4828.569520046119,-0.0085726842934198,-0.0033699626716749,0.05325,1800.0
4828.670068075065,-0.0090094552637086,-0.0019487758124124,0.05325,1800.0
4828.770622064475,-0.0092005756534604,-0.0004624821724112,0.05325,1800.0
4828.871207286719,-0.0091662341477138,0.0010796866809618,0.05325,1800.0
4828.971930314902,-0.008859158852092,0.0025787142181172,0.05325,1800.0
4829.072527219657,-0.0083756015378182,0.0039201234161797,0.05325,1800.0
4829.163844158057,-0.007645176812448,0.0051749645181761,0.05325,1800.0
4829.264430333976,-0.0067056228776509,0.0063524669374034,0.05325,1800.0
4829.365015794639,-0.005567029376549,0.0073539406987741,0.05325,1800.0
4829.4655819433965,-0.0042945742959976,0.0081582616971784,0.05325,1800.0
4829.56614713848,-0.0029366796760307,0.0087417719974001,0.05325,1800.0
4829.666719486121,-0.0015072163013033,0.009088966993053,0.05325,1800.0
4829.767290164832,-2.5127580585121437e-05,0.0092196299092299,0.05325,1800.0
4829.867866565589,0.0014513557218864,0.0091003310167904,0.05325,1800.0
4829.968437005881,0.0029016158643414,0.008750170180221,0.05325,1800.0
4830.069020797614,0.0043409481131593,0.0081510737318979,0.05325,1800.0
4830.169530679587,0.0055612550687123,0.0073667908039677,0.05325,1800.0
4830.270088960532,0.0067568307891047,0.0063200615252742,0.05325,1800.0
4830.3706548708715,0.0076933356591753,0.0051362566000432,0.05325,1800.0
4830.471194793586,0.0083958950304758,0.0038562730957607,0.05325,1800.0
4830.57177167118,0.0089145357772437,0.0024144132609524,0.05325,1800.0
4830.672342349891,0.0091688505813152,0.0010000218650113,0.05325,1800.0
4830.772918989066,0.0091949884301792,-0.0005232547175772,0.05325,1800.0
4830.863440086249,0.0090227571813806,-0.0018913901678027,0.05325,1800.0
4830.964005281333,0.008586480921001,-0.0033409548392202,0.05325,1800.0
4831.064572860602,0.0079645019756409,-0.004660066269187,0.05325,1800.0
4831.166128684882,0.0074292666303662,-0.005513859625443,0.05325,1800.0
4831.266696979407,0.00739,-0.0055689999999999,0.05325,1800.0
4831.367266227607,0.0076387220795428,-0.0054898825415325,0.05325,1800.0
4831.467795183066,0.0117032675265596,-0.0041969675490862,0.05325,1800.0
4831.568349887732,0.0153530561311679,-0.0030359173873247,0.05325,1800.0
4831.668908407096,0.015642,-0.002944,0.05325,1800.0
4831.769465972785,0.0156804335699197,-0.0027348702246222,0.05325,1800.0
4831.869981815223,0.0158109807152574,-0.0016551815240469,0.05325,1800.0
4831.970545341376,0.0158968901362556,-0.0001530703909786,0.05325,1800.0
4832.071113159064,0.0158400164831219,0.001344965901338,0.05325,1800.0
4832.1716638106145,0.0156460283550297,0.0028386150629143,0.05325,1800.0
4832.272234250907,0.0153388366579864,0.0042129074173325,0.05325,1800.0
4832.372804452781,0.0149790542464916,0.005363587043254,0.05325,1800.0
4832.463314105872,0.0146591967065568,0.0062001451105248,0.05325,1800.0
4832.5638771551885,0.0141951269474609,0.0071994515701011,0.05325,1800.0
4832.665540744666,0.013451629053331,0.0084985139945146,0.05325,1800.0
4832.767342140082,0.0125988010013876,0.0097141155989243,0.05325,1800.0
4832.867919017676,0.0119640653706384,0.0104978640058715,0.05325,1800.0
4832.968504955176,0.0110746226991486,0.0114145284432718,0.05325,1800.0
4833.069073726539,0.0099324216936941,0.0124122699318553,0.05325,1800.0
4833.169625331763,0.0087298772819628,0.0132970908665537,0.05325,1800.0
4833.270192911033,0.0074678262123435,0.0140341083994982,0.05325,1800.0
4833.370769788627,0.0061027957858396,0.0146892280916594,0.05325,1800.0
4833.47238378704,0.0046814235707102,0.0152035623438915,0.05325,1800.0
4833.562885095481,0.0033769016922125,0.0155514925446848,0.05325,1800.0
4833.663440515403,0.001880779763514,0.0158103376793373,0.05325,1800.0
4833.764002134208,0.0003803053615288,0.0159077722451003,0.05325,1800.0
4833.864551116828,-0.0011945558537306,0.0158637640925483,0.05325,1800.0
4833.965115358237,-0.002699779374846,0.015672152986974,0.05325,1800.0
4834.065674831275,-0.0041556065528223,0.0153530545780369,0.05325,1800.0
4834.1663227576055,-0.0055557222759967,0.0148991857415793,0.05325,1800.0
4834.266884137992,-0.0069641252887399,0.014294631987118,0.05325,1800.0
4834.367461254004,-0.0082968290064379,0.0135674717564714,0.05325,1800.0
4834.4680009383,-0.0094944339929305,0.0127542299544173,0.05325,1800.0
4834.568575431708,-0.0106647700919889,0.011797827466525,0.05325,1800.0
4834.669742633704,-0.0117697213313801,0.0107062996222477,0.05325,1800.0
4834.770312597159,-0.01262384533782,0.0096873141584889,0.05325,1800.0
4834.87086658657,-0.0133840147431252,0.0086133163971943,0.05325,1800.0
4834.9714277285375,-0.0141226996123009,0.0073529423662261,0.05325,1800.0
4835.072020103339,-0.0147562496831067,0.0059354588599674,0.05325,1800.0
4835.172594835166,-0.015261128846911,0.0044899066364587,0.05325,1800.0
4835.263119747046,-0.0155719074743892,0.0032084624781411,0.05325,1800.0
4835.363678504828,-0.015778441491212,0.0020457342208877,0.05325,1800.0
4835.464212467078,-0.0158746994886904,0.0010434955488919,0.05325,1800.0
4835.564794589881,-0.0159036880518898,-8.552996527855239e-05,0.05325,1800.0
4835.665378620032,-0.0158526246302002,-0.0013367473086273,0.05325,1800.0
4835.765945245627,-0.0157332895936327,-0.0023705504699393,0.05325,1800.0
4835.866504957084,-0.0155298189042296,-0.0034491145382956,0.05325,1800.0
4835.9670920866765,-0.0151498572333346,-0.0048635685867207,0.05325,1800.0
4836.0676627653875,-0.0146270177575709,-0.0062865227247316,0.05325,1800.0
4836.168248941306,-0.0139466913944144,-0.0076576325996901,0.05325,1800.0
4836.268815566901,-0.0131262626367871,-0.008991015937914,0.05325,1800.0
4836.369388629798,-0.0122555235166141,-0.0101379170659329,0.05325,1800.0
4836.469964792136,-0.0112402429602289,-0.0112457431824659,0.05325,1800.0
4836.570574094657,-0.0101131288144022,-0.0122675587518071,0.05325,1800.0
4836.6716366308965,-0.0089071215741614,-0.0131726718359691,0.05325,1800.0
4836.772191573981,-0.0076288779471202,-0.0139515234295469,0.05325,1800.0
4836.872757722739,-0.0062828441477017,-0.0146132901348079,0.05325,1800.0
4836.963218261603,-0.0050251017449064,-0.0150936105527834,0.05325,1800.0
4837.06377964199,-0.0035873266557561,-0.0155069582339121,0.05325,1800.0
4837.164355327491,-0.0020273534145905,-0.0157901862473649,0.05325,1800.0
4837.26491289318,-0.0005986641548353,-0.0159067539059049,0.05325,1800.0
4837.365473319892,0.0009276214245373,-0.015885127010966,0.05325,1800.0
4837.466026355628,0.0024331056228277,-0.0157196866701579,0.05325,1800.0
4837.566600372199,0.0038912324608457,-0.0154229606274599,0.05325,1800.0
4837.66718607128,0.0053349238418596,-0.0149749958343917,0.05325,1800.0
4837.767719795112,0.0067338052510665,-0.0144067680821655,0.05325,1800.0
4837.868298341636,0.0080569956395094,-0.0137106898670782,0.05325,1800.0
4837.968876649741,0.0093162312506701,-0.0128857416260229,0.05325,1800.0
4838.069454242591,0.0105011860860784,-0.011944850385083,0.05325,1800.0
4838.170071651343,0.0115438309208402,-0.0109524014899247,0.05325,1800.0
4838.2705889242925,0.0123265392653971,-0.0100633824410757,0.05325,1800.0
4838.371179630164,0.0130837895308647,-0.0090655005195133,0.05325,1800.0
4838.471749116782,0.0136912053879793,-0.0081185875208575,0.05325,1800.0
4838.572328140143,0.0143515392305107,-0.0068704645632761,0.05325,1800.0
4838.672877838019,0.0147395681761813,-0.0060081377195067,0.05325,1800.0
4838.763388921622,0.0150250160882032,-0.0052364033590189,0.05325,1800.0
4838.8639576929845,0.015375544499074,-0.0040403782135958,0.05325,1800.0
4838.964649726752,0.015608345203387,-0.0031232495906126,0.05325,1800.0
4839.065210630301,0.015642,-0.002944,0.05325,1800.0
4839.165770103339,0.0152668607253518,-0.0024731306324581,0.05325,1800.0
4839.266312171821,0.0134644067609894,-0.0002106473992599,0.05325,1800.0
4839.366883565787,0.0102916955360858,0.0037719384897801,0.05325,1800.0
4839.467441131476,0.0102869999999999,0.003778,0.05325,1800.0
4839.56796436489,0.0104398485803855,0.0032973710609608,0.05325,1800.0
4839.668517400626,0.0107521635574314,0.0019522094863418,0.05325,1800.0
4839.769074727897,0.0109225690113358,0.0004191595236587,0.05325,1800.0
4839.869641830329,0.0108641095469086,-0.0011262101960965,0.05325,1800.0
4839.970209409598,0.010612185343492,-0.0025774787380281,0.05325,1800.0
4840.070787717704,0.010173994051519,-0.003970188536076,0.05325,1800.0
4840.171331931952,0.0095097299060002,-0.005355235047976,0.05325,1800.0
4840.271885921363,0.0086725079831631,-0.0066470959775321,0.05325,1800.0
4840.362407018546,0.0078124104413874,-0.0076505282489637,0.05325,1800.0
4840.462926675681,0.00665201589357,-0.008684943752839,0.05325,1800.0
4840.563493778113,0.0054450942164742,-0.0094916924600755,0.05325,1800.0
4840.664085914496,0.0040589404180752,-0.0101607477641182,0.05325,1800.0
4840.764664699439,0.0026920083986904,-0.0106059161664498,0.05325,1800.0
4840.86523871601,0.0011597315192028,-0.0108606642847685,0.05325,1800.0
4840.965802719001,-0.0003671143793744,-0.0109128782331401,0.05325,1800.0
4841.067525197867,-0.0018562597348962,-0.010763707412809,0.05325,1800.0
4841.168075134162,-0.0032939981889204,-0.0104154560736527,0.05325,1800.0
4841.268648912314,-0.0046811365164735,-0.0098663680438233,0.05325,1800.0
4841.369227697257,-0.0060108313965357,-0.0091193282832317,0.05325,1800.0
4841.469791938666,-0.0072299735577942,-0.0081922557615054,0.05325,1800.0
4841.5703635710515,-0.0082523506893927,-0.007156754052211,0.05325,1800.0
4841.670878459815,-0.0091803400495457,-0.0059368322965487,0.05325,1800.0
4841.771422674064,-0.0099265438790892,-0.0046379203248055,0.05325,1800.0
4841.8719923991,-0.0104574541399629,-0.0032464902295447,0.05325,1800.0
4841.9625134962835,-0.0107554736771673,-0.0019074762341162,0.05325,1800.0
4842.067998458747,-0.010924926293622,-0.0003122830442079,0.05325,1800.0
4842.168561031226,-0.0108558936223878,0.0012023028689012,0.05325,1800.0
4842.269121457938,-0.010595487081858,0.002662789130735,0.05325,1800.0
4842.369703103904,-0.0101288502554105,0.0040814164849964,0.05325,1800.0
4842.470275928382,-0.0094815233495491,0.0054216584727303,0.05325,1800.0
4842.570851375464,-0.0086467895188032,0.0066578064849294,0.05325,1800.0
4842.671450664405,-0.0076424146379957,0.0078148060422079,0.05325,1800.0
4842.7720327872075,-0.0064993057828569,0.0087983554022494,0.05325,1800.0
4842.862552453879,-0.005400525441281,0.0095209277027862,0.05325,1800.0
4842.963151981238,-0.0040443796078713,0.0101717092041005,0.05325,1800.0
4843.063725997809,-0.0025797895691379,0.010624549005372,0.05325,1800.0
4843.164283801917,-0.0011064450575866,0.0108685742121933,0.05325,1800.0
4843.2649283903875,0.0003910376551075,0.0109200376648923,0.05325,1800.0
4843.365430404548,0.0019274866329339,0.0107520806399598,0.05325,1800.0
4843.4659767645635,0.0033645278758855,0.0103916621239166,0.05325,1800.0
4843.56653480709,0.0047348221892691,0.0098343446386544,0.05325,1800.0
4843.667096187476,0.0060390240749702,0.0090982225977317,0.05325,1800.0
4843.767657091025,0.0072166100393535,0.0082118964511184,0.05325,1800.0
4843.868211795691,0.0082833059582977,0.0071299081158565,0.05325,1800.0
4843.970737983588,0.0092179729522362,0.0058839163757962,0.05325,1800.0
4844.071273376349,0.0099251763970739,0.0046199190760577,0.05325,1800.0
4844.171854783896,0.0102747751317518,0.0038064457666586,0.05325,1800.0
4844.262363244895,0.010287,0.003778,0.05325,1800.0
4844.362927009467,0.010390244884833,0.0036271651084353,0.05325,1800.0
4844.463496734504,0.0127881114027415,0.0001254817792903,0.05325,1800.0
4844.5640731352605,0.0140483110302286,-0.0017147356693968,0.05325,1800.0
4844.665738393668,0.0141039999999999,-0.001796,0.05325,1800.0
4844.766299297217,0.0141074398489279,-0.001763966406859,0.05325,1800.0
4844.866850187186,0.0141503044765377,-0.0011450710681956,0.05325,1800.0
4844.967413951758,0.0142012193203139,0.0003369752319113,0.05325,1800.0
4845.067998935584,0.0140817128711032,0.0018345120366201,0.05325,1800.0
4845.168572236899,0.0138298330650527,0.0032852122967309,0.05325,1800.0
4845.269151975516,0.0133889123416142,0.0047825827222385,0.05325,1800.0
4845.371880342368,0.0127832470505618,0.006209780283936,0.05325,1800.0
4845.462389041785,0.0121445494577159,0.0073670553128101,0.05325,1800.0
4845.562944461707,0.0112920454926619,0.0086063953718945,0.05325,1800.0
4845.663515378837,0.0103271924091231,0.0097490806548905,0.05325,1800.0
4845.76407890499,0.0092434596202394,0.0107759919222487,0.05325,1800.0
4845.864637185935,0.0080630123312414,0.0116898940586716,0.05325,1800.0
4845.96516018093,0.006775977670904,0.0124784279861729,0.05325,1800.0
4846.0657203692235,0.0053970395720067,0.0131342745671319,0.05325,1800.0
4846.16628508747,0.0039875926333239,0.0136345143993948,0.05325,1800.0
4846.266848852042,0.0025387412864319,0.0139783149343891,0.05325,1800.0
4846.367443372611,0.0010239661836955,0.0141857905522085,0.05325,1800.0
4846.46800594509,-0.0004756148991738,0.0142122407348644,0.05325,1800.0
4846.5685701864995,-0.0019634198670404,0.0140808076201638,0.05325,1800.0
4846.669133235816,-0.003449361868988,0.013782056280899,0.05325,1800.0
4846.763690997962,-0.004800995574656,0.0133627995318276,0.05325,1800.0
4846.864285280112,-0.0061655813439172,0.012792091746772,0.05325,1800.0
4846.965366413001,-0.0074741201003859,0.012068737951956,0.05325,1800.0
4847.065926124457,-0.00874393273998,0.0111841452555816,0.05325,1800.0
4847.166532804374,-0.0099056518176914,0.0101713473705458,0.05325,1800.0
4847.267129232291,-0.0109063203588419,0.0090979449191888,0.05325,1800.0
4847.3677115935125,-0.0118048693992525,0.007902480554783,0.05325,1800.0
4847.468283464316,-0.0125906692779762,0.0065838472560931,0.05325,1800.0
4847.568833162192,-0.0132173999951534,0.0052396842034559,0.05325,1800.0
4847.669396926764,-0.0135902548714673,0.0041603576221341,0.05325,1800.0
4847.769964267615,-0.0139088641723676,0.0029208031640183,0.05325,1800.0
4847.870536615256,-0.014121582570098,0.0015278517491314,0.05325,1800.0
4847.971106578711,-0.014201783994876,-1.670387236035742e-05,0.05325,1800.0
4848.071672727469,-0.0141149707794667,-0.0015064159476848,0.05325,1800.0
4848.17213444889,-0.0138827541472964,-0.0029782344039565,0.05325,1800.0
4848.262640287284,-0.0136299806494891,-0.004034978418634,0.05325,1800.0
4848.363213827018,-0.0132578844695872,-0.0050911843067741,0.05325,1800.0
4848.463806201819,-0.0126281612262517,-0.0064972637176262,0.05325,1800.0
4848.564357807044,-0.0118979490552315,-0.0077702822025037,0.05325,1800.0
4848.66654854,-0.0109747170123246,-0.0090409889817176,0.05325,1800.0
4848.767112781409,-0.009939875257401,-0.0101651522564611,0.05325,1800.0
4848.8676815527715,-0.0088086799538582,-0.0111579399564957,0.05325,1800.0
4848.968217183951,-0.0076121354390522,-0.0119994544088987,0.05325,1800.0
4849.068778325919,-0.0063159193051272,-0.0127210158920407,0.05325,1800.0
4849.169340183143,-0.0049422838367526,-0.013315678270694,0.05325,1800.0
4849.269924213294,-0.0034577224603698,-0.0137651576228698,0.05325,1800.0
4849.370486308936,-0.0019430549292126,-0.0140653924238349,0.05325,1800.0
4849.471045066718,-0.0004827135453119,-0.0141912912614318,0.05325,1800.0
4849.571619321708,0.0009728900253133,-0.0141616378298729,0.05325,1800.0
4849.672190477256,0.0024713470696917,-0.0139911734782042,0.05325,1800.0
4849.762715389136,0.003781883485151,-0.0137051150522498,0.05325,1800.0
4849.863283206824,0.0052790115740465,-0.013203773761419,0.05325,1800.0
4849.963869382743,0.0066379821823796,-0.0125741990426911,0.05325,1800.0
4850.068236400489,0.0079626427527918,-0.0117710848684222,0.05325,1800.0
4850.168811370734,0.0091386583234724,-0.0108800923576726,0.05325,1800.0
4850.269361307029,0.0102490894325116,-0.0098335074972638,0.05325,1800.0
4850.369940091971,0.0112498247671955,-0.0086609133060627,0.05325,1800.0
4850.47051792324,0.0121075902560146,-0.0074101489116499,0.05325,1800.0
4850.5710824030675,0.012819085583572,-0.0061023411545323,0.05325,1800.0
4850.67165951908,0.0133836440167799,-0.0047159309414825,0.05325,1800.0
4850.772223998908,0.013821557254732,-0.0032647692476562,0.05325,1800.0
4850.862766076926,0.0140627534582191,-0.0021136915363861,0.05325,1800.0
4850.963329126243,0.0141039999999999,-0.0017959999999999,0.05325,1800.0
4851.065122177009,0.0140798870446729,-0.0018311012245972,0.05325,1800.0
4851.165688802604,0.0128260642229396,-0.0036562908736406,0.05325,1800.0
4851.266253997687,0.0104802917610088,-0.0070712030802709,0.05325,1800.0
4851.366989185218,0.010104,-0.0076189999999999,0.05325,1800.0
4851.467575122718,0.0096534185654612,-0.008159125902156,0.05325,1800.0
4851.568155338172,0.0087762471945222,-0.0090787586212772,0.05325,1800.0
4851.668737460975,0.0076323791643568,-0.0100588034625611,0.05325,1800.0
4851.769313146476,0.0063772623424704,-0.0109036383435771,0.05325,1800.0
4851.869899560813,0.0050467000157881,-0.01158616390905,0.05325,1800.0
4851.960431863669,0.0037850631747891,-0.0120635015945402,0.05325,1800.0
4852.061003257636,0.0023645917253086,-0.0124211520818489,0.05325,1800.0
4852.161589671973,0.0008320254950524,-0.0126202871374299,0.05325,1800.0
4852.263340522651,-0.0007143252223754,-0.0126208330571579,0.05325,1800.0
4852.363920261268,-0.0021731207181695,-0.0124431753882484,0.05325,1800.0
4852.464479257468,-0.0036318165908268,-0.0120984866933819,0.05325,1800.0
4852.565042068366,-0.0050677046125927,-0.0115638788511433,0.05325,1800.0
4852.66561393917,-0.0063993536933283,-0.0108787352886791,0.05325,1800.0
4852.760534335975,-0.0075887852179906,-0.0100837332629588,0.05325,1800.0
4852.861090947989,-0.0087453171387382,-0.0091049992313412,0.05325,1800.0
4852.961606075171,-0.0097416651160333,-0.0080289912214446,0.05325,1800.0
4853.062176277045,-0.0106468180574719,-0.0067962147018763,0.05325,1800.0
4853.166228343848,-0.0114177032502222,-0.0054254923104498,0.05325,1800.0
4853.267660190467,-0.0119797703940099,-0.0040510790301651,0.05325,1800.0
4853.368223478202,-0.0123983121919749,-0.0025509160491398,0.05325,1800.0
4853.468814899329,-0.0125998992643528,-0.0010488079894456,0.05325,1800.0
4853.569379379157,-0.0126314905966763,0.0004143750377207,0.05325,1800.0
4853.669943858985,-0.0124860054089336,0.0019113575678961,0.05325,1800.0
4853.7604375380315,-0.0121998241641183,0.0032608405134099,0.05325,1800.0
4853.861014654044,-0.0117367212541201,0.0046804452222337,0.05325,1800.0
4853.961575557593,-0.0111067680945606,0.0060174883577602,0.05325,1800.0
4854.062152196769,-0.0103200103735904,0.007287268550477,0.05325,1800.0
4854.163213302497,-0.0093863378731983,0.0084503004511086,0.05325,1800.0
4854.263881255988,-0.008307495402695,0.0095303150614646,0.05325,1800.0
4854.3644550341405,-0.0071342055273931,0.0104877076261821,0.05325,1800.0
4854.465040494803,-0.0057687623625796,0.0112575071469253,0.05325,1800.0
4854.567366411094,-0.0044391736975808,0.0118417062309859,0.05325,1800.0
4854.668586065177,-0.0030106273560312,0.0122785554245845,0.05325,1800.0
4854.769550372962,-0.0015242990221464,0.0125399851247486,0.05325,1800.0
4854.870119382743,5.6980317118593415e-05,0.0126211951630764,0.05325,1800.0
4854.960567762259,0.0014409271952848,0.0125368755136295,0.05325,1800.0
4855.0611417788305,0.0029151837271053,0.0122824985997297,0.05325,1800.0
4855.161708404426,0.0043483893494403,0.0118504990127499,0.05325,1800.0
4855.2632375258245,0.0057442785679281,0.0112502803829969,0.05325,1800.0
4855.36380582035,0.0070270509962885,0.0104992108488967,0.05325,1800.0
4855.464344550971,0.0082279418826923,0.0096032217261514,0.05325,1800.0
4855.564914276008,0.0092903178254369,0.00857850605716,0.05325,1800.0
4855.665479232673,0.0102479477391143,0.0074138283101626,0.05325,1800.0
4855.765986015204,0.0110435437867439,0.0061588295524614,0.05325,1800.0
4855.866548349265,0.0117113352762141,0.0047462702649445,0.05325,1800.0
4855.962266256217,0.0121763813554962,0.0033938588488357,0.05325,1800.0
4856.06280141056,0.0124789743859556,0.0019551786997012,0.05325,1800.0
4856.163362790946,0.0126171061048943,0.0004324138616206,0.05325,1800.0
4856.263935615424,0.0125763627607821,-0.0011080742106305,0.05325,1800.0
4856.364500810508,0.012355314190679,-0.0025799963236662,0.05325,1800.0
4856.465073396567,0.0119755163113857,-0.0040022955503202,0.05325,1800.0
4856.565639306907,0.0114321326990664,-0.0053823424873919,0.05325,1800.0
4856.666210224036,0.0107138114379525,-0.0067106827851933,0.05325,1800.0
4856.766772796515,0.0101042853753132,-0.0076186194995823,0.05325,1800.0
4856.867333461646,0.010104,-0.0076189999999999,0.05325,1800.0
4856.968073655967,0.010104,-0.0076189999999999,0.05325,0.0
