4814.799106836319,0.0002920000000000006,0.01703400000000005,0.0142,1800.0
4814.899169445038,0.0002920000000000006,0.01703400000000005,0.0142,1800.0
4814.999171733856,-0.00038000000000000533,0.01702140000000002,0.0142,1800.0
4815.099355697632,-0.002055200000000007,0.016908599999999996,0.0142,1800.0
4815.199085474014,-0.0037092999999999987,0.0166211,0.0142,1800.0
4815.29905629158,-0.0037092999999999987,0.0166211,0.0142,1800.0
4815.399159669876,-0.005326999999999998,0.01617200000000002,0.0142,1800.0
4815.499182224274,-0.006784999999999999,0.015619600000000011,0.0142,1800.0
4815.599175453186,-0.00829110000000001,0.01487770000000005,0.0142,1800.0
4815.699070930481,-0.009712300000000007,0.013983900000000049,0.0142,1800.0
4815.799140691757,-0.011044899999999996,0.01296259999999999,0.0142,1800.0
4815.899187326431,-0.012188499999999991,0.011902500000000038,0.0142,1800.0
4815.999094247818,-0.013294100000000003,0.01063880000000006,0.0142,1800.0
4816.099162101746,-0.014277899999999996,0.00927840000000002,0.0142,1800.0
4816.199170351028,-0.0150729,0.007936999999999972,0.0142,1800.0
4816.299147367477,-0.01573129999999999,0.006523600000000018,0.0142,1800.0
4816.399140834808,-0.0161235,0.005496400000000012,0.0142,1800.0
4816.499258756638,-0.0161235,0.005496400000000012,0.0142,1800.0
4816.599110364914,-0.016530899999999987,0.004090600000000055,0.0142,1800.0
4816.699194192886,-0.016849099999999992,0.0024421000000000026,0.0142,1800.0
4816.799168348312,-0.017006000000000007,0.0008909999999999751,0.0142,1800.0
4816.8991792202,-0.0170135,-0.0007877999999999497,0.0142,1800.0
4816.999227523804,-0.016846899999999998,-0.0024584999999999746,0.0142,1800.0
4817.099135160446,-0.016534099999999996,-0.004076499999999983,0.0142,1800.0
4817.199147462845,-0.016178799999999993,-0.0053155000000000285,0.0142,1800.0
4817.299147129059,-0.015917399999999998,-0.006045299999999976,0.0142,1800.0
4817.39920425415,-0.015246499999999996,-0.007584399999999991,0.0142,1800.0
4817.49911570549,-0.014430200000000004,-0.00905149999999999,0.0142,1800.0
4817.599167346954,-0.014430200000000004,-0.00905149999999999,0.0142,1800.0
4817.699169874191,-0.013537099999999996,-0.010329699999999942,0.0142,1800.0
4817.799150943756,-0.01245339999999999,-0.011611900000000008,0.0142,1800.0
4817.899181842804,-0.011342900000000003,-0.012706400000000007,0.0142,1800.0
4817.999099731445,-0.010034700000000008,-0.013758700000000013,0.0142,1800.0
4818.099175453186,-0.008629200000000004,-0.014676999999999996,0.0142,1800.0
4818.199135065079,-0.007144999999999999,-0.015461800000000026,0.0142,1800.0
4818.299136400223,-0.005701100000000001,-0.016050499999999968,0.0142,1800.0
4818.399108886719,-0.0042079000000000005,-0.01649919999999999,0.0142,1800.0
4818.499205827713,-0.0024444999999999883,-0.016854399999999936,0.0142,1800.0
4818.599210739136,-0.0008932999999999996,-0.01701199999999997,0.0142,1800.0
4818.699162006378,0.0007858000000000032,-0.017008899999999993,0.0142,1800.0
4818.799202680588,0.0007858000000000032,-0.017008899999999993,0.0142,1800.0
4818.899192810059,0.0024572999999999956,-0.016850900000000002,0.0142,1800.0
4818.9992134571075,0.003989699999999999,-0.016562299999999974,0.0142,1800.0
4819.099215507507,0.005598699999999998,-0.016082399999999997,0.0142,1800.0
4819.199150562286,0.007044999999999996,-0.015500500000000028,0.0142,1800.0
4819.299236536026,0.008645800000000009,-0.014679699999999962,0.0142,1800.0
4819.399172306061,0.009948500000000013,-0.013822799999999968,0.0142,1800.0
4819.49914264679,0.011258299999999999,-0.012772300000000014,0.0142,1800.0
4819.599125623703,0.012382600000000007,-0.011692299999999989,0.0142,1800.0
4819.699107170105,0.013476100000000005,-0.010418199999999989,0.0142,1800.0
4819.79917883873,0.01443019999999999,-0.009036600000000006,0.0142,1800.0
4819.899307250977,0.015197299999999997,-0.007679400000000003,0.0142,1800.0
4819.999091863632,0.015197299999999997,-0.007679400000000003,0.0142,1800.0
4820.099145650864,0.0158354,-0.006274899999999972,0.0142,1800.0
4820.199141263962,0.016177600000000014,-0.005312399999999995,0.0142,1800.0
4820.299103975296,0.016602900000000004,-0.003812299999999935,0.0142,1800.0
4820.399156808853,0.016890600000000006,-0.002158099999999996,0.0142,1800.0
4820.499189853668,0.01701870000000001,-0.0004840999999999873,0.0142,1800.0
4820.599115610123,0.016996800000000006,0.0010748000000000424,0.0142,1800.0
4820.699169158936,0.0168079,0.002743000000000051,0.0142,1800.0
4820.79922246933,0.0164512,0.004383499999999985,0.0142,1800.0
4820.899171113968,0.015986100000000003,0.005866600000000055,0.0142,1800.0
4820.999213218689,0.015656600000000007,0.006690300000000038,0.0142,1800.0
4821.099208116531,0.015656600000000007,0.006690300000000038,0.0142,1800.0
4821.19911980629,0.014924900000000005,0.008201400000000025,0.0142,1800.0
4821.299145936966,0.01411720000000001,0.009535200000000021,0.0142,1800.0
4821.399118423462,0.013102600000000006,0.010873100000000024,0.0142,1800.0
4821.499182224274,0.011969599999999997,0.012111900000000009,0.0142,1800.0
4821.5991468429565,0.010816099999999995,0.013161199999999984,0.0142,1800.0
4821.69914150238,0.009564699999999995,0.014156500000000016,0.0142,1800.0
4821.79909825325,0.008023099999999991,0.015018299999999984,0.0142,1800.0
4821.899262905121,0.006617799999999993,0.015693700000000033,0.0142,1800.0
4821.999041557312,0.0050402999999999976,0.01626820000000001,0.0142,1800.0
4822.0992114543915,0.003530400000000003,0.01665650000000002,0.0142,1800.0
4822.19913315773,0.0018732999999999944,0.016926400000000064,0.0142,1800.0
4822.2990465164185,0.0018732999999999944,0.016926400000000064,0.0142,1800.0
4822.399075746536,0.00034820000000000684,0.01703300000000002,0.0142,1800.0
4822.4990401268005,0.0002920000000000006,0.01703400000000005,0.0142,1800.0
4822.599122047424,0.00028710000000001235,0.01702349999999997,0.0142,0.0
4822.699139118195,-0.002309500000000006,0.011467400000000016,0.0142,0.0
4822.9991590976715,-0.009246000000000004,-0.0033749999999999614,0.0142,0.0
4823.099210262299,-0.009246000000000004,-0.0033749999999999614,0.0142,1800.0
4823.199301958084,-0.009275499999999992,-0.003300399999999981,0.0142,1800.0
4823.299250841141,-0.009671700000000005,-0.001790199999999964,0.0142,1800.0
4823.399182796478,-0.009842799999999999,-0.00012129999999999086,0.0142,1800.0
4823.499173402786,-0.009842799999999999,-0.00012129999999999086,0.0142,1800.0
4823.599214315414,-0.009712200000000004,0.0015508999999999662,0.0142,1800.0
4823.699172735214,-0.009351099999999987,0.0030662999999999663,0.0142,1800.0
4823.79908657074,-0.008747699999999997,0.004502200000000012,0.0142,1800.0
4823.899122476578,-0.007854699999999992,0.005922199999999989,0.0142,1800.0
4823.9991664886475,-0.006734600000000007,0.007169600000000054,0.0142,1800.0
4824.099163532257,-0.005420099999999997,0.008211800000000047,0.0142,1800.0
4824.199163675308,-0.004056299999999999,0.00896410000000003,0.0142,1800.0
4824.299112558365,-0.002473900000000001,0.009521200000000007,0.0142,1800.0
4824.399128437042,-0.0008207999999999965,0.009802900000000003,0.0142,1800.0
4824.499117612839,0.0007367999999999958,0.009807400000000022,0.0142,1800.0
4824.599261760712,0.0007367999999999958,0.009807400000000022,0.0142,1800.0
4824.699124574661,0.0022594999999999976,0.009582400000000046,0.0142,1800.0
4824.799157142639,0.0032676999999999984,0.009290800000000043,0.0142,1800.0
4824.899090766907,0.004685900000000007,0.008645700000000034,0.0142,1800.0
4824.999169826508,0.006093100000000004,0.007732400000000028,0.0142,1800.0
4825.099188327789,0.007309999999999997,0.006577900000000025,0.0142,1800.0
4825.1992065906525,0.00833070000000001,0.005246600000000046,0.0142,1800.0
4825.299211978912,0.009044300000000005,0.0038617000000000234,0.0142,1800.0
4825.399141788483,0.009579599999999994,0.002271800000000046,0.0142,1800.0
4825.699056863785,0.009486800000000004,-0.0025943999999999967,0.0142,1800.0
4825.799144268036,0.009486800000000004,-0.0025943999999999967,0.0142,1800.0
4825.899147033691,0.008915500000000007,-0.0041717,0.0142,1800.0
4825.999146699905,0.008139800000000003,-0.005522599999999989,0.0142,1800.0
4826.099164962769,0.007166400000000003,-0.006738799999999989,0.0142,1800.0
4826.199147224426,0.005918300000000001,-0.007927999999999935,0.0142,1800.0
4826.299181461334,0.004392199999999999,-0.008808099999999985,0.0142,1800.0
4826.399058818817,0.0029455999999999927,-0.009384899999999974,0.0142,1800.0
4826.499216556549,0.0021412999999999988,-0.009611099999999984,0.0142,1800.0
4826.599142789841,0.0005224000000000062,-0.009819599999999984,0.0142,1800.0
4826.699123620987,-0.0011545999999999917,-0.009778099999999956,0.0142,1800.0
4826.799092292786,-0.0027954999999999924,-0.009428500000000006,0.0142,1800.0
4826.89905667305,-0.0027954999999999924,-0.009428500000000006,0.0142,1800.0
4826.999142885208,-0.004361099999999993,-0.008826299999999954,0.0142,1800.0
4827.099177837372,-0.0056931999999999955,-0.008018199999999975,0.0142,1800.0
4827.199169158936,-0.00689519999999999,-0.007027100000000008,0.0142,1800.0
4827.299143314362,-0.007978899999999997,-0.005747299999999955,0.0142,1800.0
4827.399137496948,-0.008849399999999993,-0.004313299999999964,0.0142,1800.0
4827.499058485031,-0.009246000000000004,-0.0033749999999999614,0.0142,1800.0
4827.599052667618,-0.009246000000000004,-0.0033749999999999614,0.0142,1800.0
4827.699114561081,-0.00887070000000001,-0.0034824999999999995,0.0142,0.0
4827.799119710922,-0.0011939999999999867,-0.005679599999999951,0.0142,0.0
4828.199070453644,0.012060000000000001,-0.009472999999999954,0.0142,0.0
4828.299080848694,0.012060000000000001,-0.009472999999999954,0.0142,1800.0
4828.399148464203,0.012603799999999998,-0.008725499999999997,0.0142,1800.0
4828.499148368835,0.013481300000000002,-0.0072944999999999816,0.0142,1800.0
4828.599166154861,0.0141516,-0.005886999999999976,0.0142,1800.0
4828.699211359024,0.014713400000000001,-0.0043051999999999535,0.0142,1800.0
4828.799149751663,0.015091999999999994,-0.0026695999999999387,0.0142,1800.0
4828.8990659713745,0.015293399999999999,-0.0011235999999999469,0.0142,1800.0
4828.999094486237,0.015314599999999998,0.0005553000000000363,0.0142,1800.0
4829.099103450775,0.015172199999999997,0.0022282000000000135,0.0142,1800.0
4829.199103355408,0.014858900000000008,0.0037553999999999643,0.0142,1800.0
4829.299088478088,0.014858900000000008,0.0037553999999999643,0.0142,1800.0
4829.399140834808,0.014362900000000012,0.005359300000000011,0.0142,1800.0
4829.499071121216,0.013688500000000006,0.006896400000000025,0.0142,1800.0
4829.599138021469,0.012853500000000004,0.008353,0.0142,1800.0
4829.699108123779,0.0119393,0.009615600000000002,0.0142,1800.0
4829.799164056778,0.010814599999999994,0.010862100000000041,0.0142,1800.0
4829.899176120758,0.009660000000000002,0.011909700000000023,0.0142,1800.0
4829.999131202698,0.008295399999999994,0.012887800000000005,0.0142,1800.0
4830.099174976349,0.006840600000000002,0.013725900000000013,0.0142,1800.0
4830.1991086006165,0.0052957,0.014383400000000046,0.0142,1800.0
4830.299160957336,0.003808600000000009,0.014851200000000064,0.0142,1800.0
4830.399156808853,0.0022805000000000047,0.015159699999999998,0.0142,1800.0
4830.499103784561,0.0022805000000000047,0.015159699999999998,0.0142,1800.0
4830.599176168442,0.0006088999999999956,0.015316300000000005,0.0142,1800.0
4830.6991131305695,-0.001069500000000001,0.01529170000000002,0.0142,1800.0
4830.799185037613,-0.0027350999999999903,0.015081100000000014,0.0142,1800.0
4830.899177312851,-0.0042547,0.014732899999999993,0.0142,1800.0
4830.999224901199,-0.005836800000000003,0.014170899999999986,0.0142,1800.0
4831.0992205142975,-0.0073558999999999986,0.013456000000000023,0.0142,1800.0
4831.199161529541,-0.008678900000000003,0.012631100000000062,0.0142,1800.0
4831.299103736877,-0.010105199999999995,0.011535000000000017,0.0142,1800.0
4831.399110794067,-0.011217900000000003,0.010442899999999977,0.0142,1800.0
4831.499193191528,-0.012222200000000003,0.00925050000000005,0.0142,1800.0
4831.599152088165,-0.0131613,0.007859300000000013,0.0142,1800.0
4831.6992518901825,-0.0131613,0.007859300000000013,0.0142,1800.0
4831.799123764038,-0.013940300000000003,0.006372100000000047,0.0142,1800.0
4831.899078845978,-0.014520400000000003,0.0049252000000000185,0.0142,1800.0
4831.999236345291,-0.014965499999999993,0.0033062999999999843,0.0142,1800.0
4832.099097490311,-0.015245700000000001,0.0016510000000000136,0.0142,1800.0
4832.199164867401,-0.015324999999999991,-2.6100000000028878e-05,0.0142,1800.0
4832.2990934848785,-0.015250399999999997,-0.0015832999999999542,0.0142,1800.0
4832.399103164673,-0.014980099999999996,-0.0032401000000000235,0.0142,1800.0
4832.499118566513,-0.014681,-0.004399299999999995,0.0142,1800.0
4832.599170923233,-0.014139600000000002,-0.00592769999999998,0.0142,1800.0
4832.699134111404,-0.013402000000000011,-0.007435599999999987,0.0142,1800.0
4832.799118280411,-0.013402000000000011,-0.007435599999999987,0.0142,1800.0
4832.899393558502,-0.012511800000000003,-0.008859000000000006,0.0142,1800.0
4832.999212026596,-0.011546399999999998,-0.01008289999999995,0.0142,1800.0
4833.099178791046,-0.010373300000000002,-0.011283899999999958,0.0142,1800.0
4833.199215173721,-0.00907849999999999,-0.012352099999999977,0.0142,1800.0
4833.299190044403,-0.0076717000000000035,-0.013268299999999955,0.0142,1800.0
4833.399207353592,-0.006288100000000005,-0.013986900000000024,0.0142,1800.0
4833.499253988266,-0.004718200000000006,-0.014582299999999992,0.0142,1800.0
4833.599114179611,-0.0032140000000000085,-0.014992200000000011,0.0142,1800.0
4833.699110746384,-0.001554899999999998,-0.01524719999999996,0.0142,1800.0
4833.79913187027,0.00012199999999999711,-0.015329899999999952,0.0142,1800.0
4833.899121522903,0.00012199999999999711,-0.015329899999999952,0.0142,1800.0
4833.999194383621,0.0016780000000000128,-0.015237400000000012,0.0142,1800.0
4834.099124670029,0.0033341000000000065,-0.014961899999999972,0.0142,1800.0
4834.19921040535,0.004950399999999994,-0.014509099999999997,0.0142,1800.0
4834.299180269241,0.006396899999999997,-0.01392779999999999,0.0142,1800.0
4834.399087429047,0.007886099999999993,-0.013152599999999959,0.0142,1800.0
4834.499135255814,0.009175700000000009,-0.012276499999999968,0.0142,1800.0
4834.59917807579,0.010467299999999999,-0.011203899999999989,0.0142,1800.0
4834.69912481308,0.011624599999999999,-0.009987999999999941,0.0142,1800.0
4834.79922413826,0.012060000000000001,-0.009472999999999954,0.0142,1800.0
4834.8991186618805,0.012060000000000001,-0.009472999999999954,0.0142,1800.0
4834.9991981983185,0.010505900000000012,-0.009102200000000005,0.0142,1800.0
4835.099180936813,0.010505900000000012,-0.009102200000000005,0.0142,0.0
4835.199216365814,0.0021124000000000004,-0.007099399999999978,0.0142,0.0
4835.499103784561,-0.010821999999999998,-0.004012999999999989,0.0142,0.0
4835.599441051483,-0.010821999999999998,-0.004012999999999989,0.0142,1800.0
4835.699151754379,-0.011100600000000002,-0.0031330999999999998,0.0142,1800.0
4835.799218654633,-0.01144690000000001,-0.0014912999999999732,0.0142,1800.0
4835.899182796478,-0.011544999999999986,6.449999999996736e-05,0.0142,1800.0
4835.999092102051,-0.0114253,0.0016183999999999643,0.0142,1800.0
4836.099056959152,-0.011031700000000005,0.0033723000000000503,0.0142,1800.0
4836.19913315773,-0.010482900000000003,0.004830600000000018,0.0142,1800.0
4836.2991535663605,-0.010482900000000003,0.004830600000000018,0.0142,1800.0
4836.39918756485,-0.009671299999999994,0.006299200000000005,0.0142,1800.0
4836.499119281769,-0.00864949999999999,0.007629700000000017,0.0142,1800.0
4836.59911942482,-0.007543499999999995,0.008726399999999968,0.0142,1800.0
4836.699123620987,-0.006203200000000006,0.009736000000000022,0.0142,1800.0
4836.799146652222,-0.004834399999999989,0.010481700000000038,0.0142,1800.0
4836.899204492569,-0.0032603999999999966,0.01106320000000005,0.0142,1800.0
4836.999259471893,-0.0016216999999999898,0.011423199999999967,0.0142,1800.0
4837.099055290222,-6.799999999999862e-05,0.011549299999999985,0.0142,1800.0
4837.1990621089935,0.0016057000000000016,0.011425500000000033,0.0142,1800.0
4837.299055337906,0.0032443999999999945,0.011067700000000014,0.0142,1800.0
4837.399060964584,0.004111699999999996,0.010781100000000043,0.0142,1800.0
4837.499146699905,0.004111699999999996,0.010781100000000043,0.0142,1800.0
4837.599180698395,0.005374500000000004,0.010207500000000036,0.0142,1800.0
4837.699171304703,0.006797700000000004,0.009319200000000027,0.0142,1800.0
4837.799167633057,0.008084399999999992,0.008241999999999972,0.0142,1800.0
4837.899141073227,0.009190400000000001,0.006979700000000033,0.0142,1800.0
4837.99916601181,0.010041800000000004,0.005674800000000035,0.0142,1800.0
4838.099074840546,0.010761500000000007,0.004159300000000032,0.0142,1800.0
4838.199130058289,0.011233400000000004,0.0026739000000000623,0.0142,1800.0
4838.299158573151,0.01149470000000001,0.0010164000000000284,0.0142,1800.0
4838.399255990982,0.011514700000000003,-0.0006608999999999643,0.0142,1800.0
4838.4990746974945,0.01132430000000001,-0.002206999999999959,0.0142,1800.0
4838.599218606949,0.01132430000000001,-0.002206999999999959,0.0142,1800.0
4838.699099302292,0.010894100000000004,-0.0038289999999999713,0.0142,1800.0
4838.799158573151,0.01021430000000001,-0.005363300000000015,0.0142,1800.0
4838.8991849422455,0.009396500000000002,-0.006689400000000012,0.0142,1800.0
4838.9991755485535,0.0083318,-0.007986199999999943,0.0142,1800.0
4839.0991752147675,0.007087399999999994,-0.009112099999999956,0.0142,1800.0
4839.199093580246,0.005791299999999999,-0.009977299999999967,0.0142,1800.0
4839.299080133438,0.004303500000000002,-0.010701499999999975,0.0142,1800.0
4839.3992211818695,0.0035858,-0.010970199999999986,0.0142,1800.0
4839.49910902977,0.0020741999999999983,-0.011366500000000002,0.0142,1800.0
4839.599149465561,0.0004065000000000041,-0.011528700000000003,0.0142,1800.0
4839.699140787125,-0.0012705000000000077,-0.011474499999999999,0.0142,1800.0
4839.799071311951,-0.0012705000000000077,-0.011474499999999999,0.0142,1800.0
4839.899065256119,-0.002919199999999997,-0.011161699999999941,0.0142,1800.0
4839.9990611076355,-0.004395599999999986,-0.010663800000000001,0.0142,1800.0
4840.099127292633,-0.00589859999999999,-0.009918199999999988,0.0142,1800.0
4840.199093580246,-0.0072771999999999976,-0.008961499999999956,0.0142,1800.0
4840.299077033997,-0.008412700000000009,-0.007894599999999974,0.0142,1800.0
4840.3990705013275,-0.009396599999999991,-0.0066869999999999985,0.0142,1800.0
4840.499077796936,-0.010273500000000005,-0.00525679999999995,0.0142,1800.0
4840.599060058594,-0.010820799999999992,-0.004016099999999967,0.0142,1800.0
4840.699235916138,-0.010821999999999998,-0.004012999999999989,0.0142,1800.0
4840.799158573151,-0.010652800000000004,-0.0039991999999999805,0.0142,1800.0
4840.899133682251,-0.0037415999999999977,-0.0034321999999999964,0.0142,0.0
4840.999153852463,-0.0037415999999999977,-0.0034321999999999964,0.0142,0.0
4841.399103164673,0.01348400000000001,-0.002018999999999993,0.0142,0.0
4841.499052762985,0.013508599999999996,-0.00179619999999997,0.0142,1800.0
4841.599146127701,0.01362830000000001,-0.00014449999999993635,0.0142,1800.0
4841.6991057395935,0.013538400000000006,0.001531500000000019,0.0142,1800.0
4841.799111843109,0.013282700000000008,0.003069100000000047,0.0142,1800.0
4841.899092912674,0.012799900000000003,0.004676999999999987,0.0142,1800.0
4841.999078512192,0.012126999999999999,0.006214400000000009,0.0142,1800.0
4842.099146604538,0.012126999999999999,0.006214400000000009,0.0142,1800.0
4842.199154376984,0.011343700000000012,0.007562400000000025,0.0142,1800.0
4842.299174308777,0.010321999999999998,0.008894500000000027,0.0142,1800.0
4842.399428844452,0.009152300000000002,0.010097800000000046,0.0142,1800.0
4842.499214887619,0.007940600000000006,0.011078699999999997,0.0142,1800.0
4842.599172115326,0.0065167,0.011967100000000008,0.0142,1800.0
4842.6991419792175,0.004998100000000005,0.012681900000000024,0.0142,1800.0
4842.799169063568,0.0034010999999999902,0.01319950000000003,0.0142,1800.0
4842.899169206619,0.001871500000000012,0.013498599999999972,0.0142,1800.0
4842.999144792557,0.0001981000000000066,0.013630399999999987,0.0142,1800.0
4843.09913277626,-0.0014786999999999995,0.01354640000000007,0.0142,1800.0
4843.199305057526,-0.003016099999999994,0.013290600000000041,0.0142,1800.0
4843.299293518066,-0.003016099999999994,0.013290600000000041,0.0142,1800.0
4843.399147748947,-0.004628599999999997,0.01282340000000004,0.0142,1800.0
4843.499200820923,-0.006166500000000005,0.012150500000000009,0.0142,1800.0
4843.599269151688,-0.0075152,0.01136940000000003,0.0142,1800.0
4843.699186325073,-0.008856500000000003,0.010359700000000027,0.0142,1800.0
4843.799121141434,-0.010059999999999986,0.009190100000000034,0.0142,1800.0
4843.899141788483,-0.011050400000000002,0.007986099999999996,0.0142,1800.0
4843.999176263809,-0.011941999999999994,0.006563600000000003,0.0142,1800.0
4844.099139213562,-0.012659099999999993,0.005046400000000062,0.0142,1800.0
4844.199150562286,-0.013157000000000002,0.003568999999999989,0.0142,1800.0
4844.299305200577,-0.013488499999999987,0.0019235000000000224,0.0142,1800.0
4844.3996732234955,-0.013488499999999987,0.0019235000000000224,0.0142,1800.0
4844.499107122421,-0.013624999999999998,0.00025090000000005386,0.0142,1800.0
4844.599092721939,-0.013566899999999993,-0.0013070000000000026,0.0142,1800.0
4844.699146747589,-0.013299900000000003,-0.002963899999999964,0.0142,1800.0
4844.799134254456,-0.0129904,-0.004114899999999977,0.0142,1800.0
4844.899087905884,-0.012363599999999988,-0.005728199999999961,0.0142,1800.0
4844.999265670776,-0.0116338,-0.007105699999999993,0.0142,1800.0
4845.099066734314,-0.010742600000000005,-0.00838460000000002,0.0142,1800.0
4845.199192762375,-0.009633500000000003,-0.009644600000000003,0.0142,1800.0
4845.299102783203,-0.008373099999999994,-0.010753499999999971,0.0142,1800.0
4845.39915728569,-0.0069856999999999975,-0.011697999999999986,0.0142,1800.0
4845.499134540558,-0.005608199999999994,-0.012428199999999945,0.0142,1800.0
4845.599139690399,-0.004149800000000009,-0.012979099999999966,0.0142,1800.0
4845.699154376984,-0.004149800000000009,-0.012979099999999966,0.0142,1800.0
4845.799194097519,-0.002405299999999999,-0.01341359999999997,0.0142,1800.0
4845.899084329605,-0.0008579999999999977,-0.0136038,0.0142,1800.0
4845.999215841293,0.0008205999999999908,-0.013602499999999962,0.0142,1800.0
4846.099143266678,0.0024866000000000055,-0.013400599999999985,0.0142,1800.0
4846.199146032333,0.004000800000000013,-0.013029700000000033,0.0142,1800.0
4846.299067497253,0.0055703,-0.012435399999999985,0.0142,1800.0
4846.399134397507,0.007059700000000002,-0.011661599999999994,0.0142,1800.0
4846.499140024185,0.008342200000000008,-0.01077539999999999,0.0142,1800.0
4846.599132061005,0.009603900000000012,-0.009668799999999977,0.0142,1800.0
4846.699152946472,0.0107246,-0.008418800000000004,0.0142,1800.0
4846.799150466919,0.0107246,-0.008418800000000004,0.0142,1800.0
4846.899223089218,0.011607800000000001,-0.007134100000000032,0.0142,1800.0
4846.999050855637,0.012400800000000003,-0.005654999999999966,0.0142,1800.0
4847.099133491516,0.013003600000000004,-0.004088099999999983,0.0142,1800.0
4847.199193716049,0.0133804,-0.002575700000000014,0.0142,1800.0
4847.299137830734,0.01348400000000001,-0.002018999999999993,0.0142,1800.0
4847.3991622924805,0.01348400000000001,-0.002018999999999993,0.0142,0.0
4847.499083280563,0.013215000000000005,0.0003311000000000286,0.0142,0.0
4847.799145698547,0.012911400000000003,0.002988000000000046,0.0142,0.0
4847.8991413116455,0.012911400000000003,0.002988000000000046,0.0142,1800.0
4847.999449253082,0.013128899999999999,0.001733100000000043,0.0142,1800.0
4848.099293470383,0.013251600000000002,5.88000000000255e-05,0.0142,1800.0
4848.199138879776,0.013148599999999996,-0.0016169000000000322,0.0142,1800.0
4848.299244403839,0.012865500000000002,-0.003150099999999989,0.0142,1800.0
4848.399289131165,0.012356900000000004,-0.004749699999999968,0.0142,1800.0
4848.499176740646,0.011711899999999997,-0.0062733999999999845,0.0142,1800.0
4848.5991859436035,0.0108356,-0.007599399999999978,0.0142,1800.0
4848.699147701263,0.009786900000000001,-0.00890919999999995,0.0142,1800.0
4848.7991552352905,0.008583099999999996,-0.010078199999999982,0.0142,1800.0
4848.899155378342,0.007340200000000005,-0.011018499999999987,0.0142,1800.0
4848.999144554138,0.006010600000000005,-0.011797999999999975,0.0142,1800.0
4849.099153757095,0.005729700000000004,-0.012113099999999988,0.0142,1800.0
4849.199219703674,0.005729700000000004,-0.012113099999999988,0.0142,1800.0
4849.299202203751,0.004393399999999992,-0.012504499999999974,0.0142,1800.0
4849.399143695831,0.0027755,-0.012952500000000033,0.0142,1800.0
4849.499126195908,0.0012341000000000019,-0.013185500000000017,0.0142,1800.0
4849.599397659302,-0.00044349999999999945,-0.013230599999999981,0.0142,1800.0
4849.699120044708,-0.0021132999999999985,-0.01306419999999997,0.0142,1800.0
4849.799234628677,-0.003749299999999997,-0.01269159999999997,0.0142,1800.0
4849.899208784103,-0.005215499999999998,-0.012164099999999956,0.0142,1800.0
4849.999143600464,-0.006609500000000004,-0.011467799999999972,0.0142,1800.0
4850.099210977554,-0.00800999999999999,-0.010543100000000027,0.0142,1800.0
4850.199153423309,-0.009285299999999996,-0.00945129999999994,0.0142,1800.0
4850.299119949341,-0.009285299999999996,-0.00945129999999994,0.0142,1800.0
4850.399111032486,-0.010406399999999996,-0.008201699999999978,0.0142,1800.0
4850.499137878418,-0.011352799999999996,-0.006815199999999966,0.0142,1800.0
4850.599123001099,-0.012073,-0.005432899999999963,0.0142,1800.0
4850.6991600990295,-0.0126603,-0.003861100000000006,0.0142,1800.0
4850.7992260456085,-0.013046200000000008,-0.002228199999999958,0.0142,1800.0
4850.899244785309,-0.0132168,-0.0006794999999999995,0.0142,1800.0
4850.999251842499,-0.0131989,0.000998400000000066,0.0142,1800.0
4851.09920668602,-0.01297269999999999,0.002661500000000039,0.0142,1800.0
4851.199171066284,-0.012572099999999989,0.004168100000000008,0.0142,1800.0
4851.299151182175,-0.011946299999999993,0.005725900000000006,0.0142,1800.0
4851.3996052742,-0.011123300000000003,0.007189300000000065,0.0142,1800.0
4851.499163389206,-0.011123300000000003,0.007189300000000065,0.0142,1800.0
4851.5993530750275,-0.010200500000000001,0.008445499999999995,0.0142,1800.0
4851.699142694473,-0.009046600000000002,0.009663700000000053,0.0142,1800.0
4851.799175739288,-0.0077494000000000035,0.010727900000000012,0.0142,1800.0
4851.899083852768,-0.006434900000000007,0.01156440000000003,0.0142,1800.0
4851.999269247055,-0.0049202,0.012286399999999975,0.0142,1800.0
4852.099044561386,-0.0033268999999999938,0.012813200000000025,0.0142,1800.0
4852.199127674103,-0.0017981999999999998,0.013117400000000001,0.0142,1800.0
4852.299141407013,-0.0001244999999999996,0.01324900000000001,0.0142,1800.0
4852.399138450623,0.0015519999999999978,0.013156500000000015,0.0142,1800.0
4852.499188899994,0.0030868999999999897,0.012883000000000033,0.0142,1800.0
4852.599049329758,0.0030868999999999897,0.012883000000000033,0.0142,1800.0
4852.69905424118,0.004699599999999998,0.012413200000000013,0.0142,1800.0
4852.799157381058,0.005747000000000002,0.01207210000000003,0.0142,1800.0
4852.899052143097,0.0061694000000000054,0.011710200000000004,0.0142,1800.0
4852.999059915543,0.007600400000000007,0.010834100000000013,0.0142,1800.0
4853.099133729935,0.008910700000000008,0.00978610000000002,0.0142,1800.0
4853.199155092239,0.010079199999999996,0.008581800000000028,0.0142,1800.0
4853.299118041992,0.011020099999999991,0.007339299999999993,0.0142,1800.0
4853.399129629135,0.011808199999999991,0.005994400000000011,0.0142,1800.0
4853.4991664886475,0.012478199999999995,0.0044548000000000365,0.0142,1800.0
4853.5991451740265,0.012900400000000006,0.0030290000000000594,0.0142,1800.0
4853.699126243591,0.012910000000000005,0.0029959999999999987,0.0142,1800.0
4853.799046754837,0.012910000000000005,0.0029959999999999987,0.0142,1800.0
4853.899151563644,0.012910000000000005,0.0029959999999999987,0.0142,0.0
4853.999156475067,0.012910000000000005,0.0029959999999999987,0.0142,0.0
4857.648279785361,0.0002919999999999867,0.0014052367934549448,0.0142,0.0
