7885.299165725708,-0.006149000000000002,0.014506000000000019,0.022010000000000002,1800.0
7885.399186849594,-0.006149000000000002,0.014506000000000019,0.022010000000000002,1800.0
7885.5991332530975,-0.008747400000000002,0.013109600000000055,0.022010000000000002,1800.0
7885.699133872986,-0.009997999999999993,0.01217830000000003,0.022010000000000002,1800.0
7885.799196243286,-0.009997999999999993,0.01217830000000003,0.022010000000000002,1800.0
7885.899137496948,-0.011237799999999992,0.011046100000000003,0.022010000000000002,1800.0
7885.99918794632,-0.0123476,0.00978610000000002,0.022010000000000002,1800.0
7886.099180459976,-0.013256099999999993,0.008519000000000054,0.022010000000000002,1800.0
7886.199186086655,-0.014085100000000003,0.007059199999999988,0.022010000000000002,1800.0
7886.299194812775,-0.014754199999999995,0.0055195000000000105,0.022010000000000002,1800.0
7886.3991849422455,-0.0152336,0.004035899999999981,0.022010000000000002,1800.0
7886.499191761017,-0.015574000000000005,0.0023919000000000024,0.022010000000000002,1800.0
7886.59915471077,-0.015737299999999996,0.0008411999999999864,0.022010000000000002,1800.0
7886.699079751968,-0.015737,-0.0008380000000000054,0.022010000000000002,1800.0
7886.79914855957,-0.015556899999999999,-0.002507399999999993,0.022010000000000002,1800.0
7886.899174451828,-0.01520089999999999,-0.004148099999999988,0.022010000000000002,1800.0
7886.9991862773895,-0.01520089999999999,-0.004148099999999988,0.022010000000000002,1800.0
7887.099159479141,-0.014712399999999987,-0.005628599999999984,0.022010000000000002,1800.0
7887.199177980423,-0.014033999999999991,-0.00716439999999996,0.022010000000000002,1800.0
7887.299177408218,-0.013190999999999994,-0.00861609999999996,0.022010000000000002,1800.0
7887.399167060852,-0.012275499999999995,-0.009878200000000004,0.022010000000000002,1800.0
7887.499203443527,-0.011156799999999994,-0.011130399999999985,0.022010000000000002,1800.0
7887.599199295044,-0.0099075,-0.012252299999999994,0.022010000000000002,1800.0
7887.69917345047,-0.008548700000000006,-0.013238499999999986,0.022010000000000002,1800.0
7887.799048900604,-0.0071975999999999984,-0.014016699999999993,0.022010000000000002,1800.0
7887.899132490158,-0.005776599999999993,-0.014658299999999957,0.022010000000000002,1800.0
7887.999155759811,-0.004094399999999998,-0.015214300000000014,0.022010000000000002,1800.0
7888.099182128906,-0.004094399999999998,-0.015214300000000014,0.022010000000000002,1800.0
7888.19918847084,-0.0033339999999999897,-0.01540020000000003,0.022010000000000002,1800.0
7888.299191713333,-0.0017958999999999892,-0.015654100000000004,0.022010000000000002,1800.0
7888.399191379547,-0.0009032999999999958,-0.01573369999999996,0.022010000000000002,1800.0
7888.499159574509,0.000771899999999992,-0.01573789999999997,0.022010000000000002,1800.0
7888.599197387695,0.002560700000000013,-0.01554810000000001,0.022010000000000002,1800.0
7888.699183702469,0.003969100000000003,-0.015251099999999962,0.022010000000000002,1800.0
7888.799187898636,0.005568400000000001,-0.014739499999999961,0.022010000000000002,1800.0
7888.8991866111755,0.0071057999999999955,-0.014064799999999988,0.022010000000000002,1800.0
7888.99918794632,0.0085591,-0.013224299999999967,0.022010000000000002,1800.0
7889.099185228348,0.009827000000000002,-0.012316999999999967,0.022010000000000002,1800.0
7889.199164152145,0.011080199999999998,-0.011199899999999985,0.022010000000000002,1800.0
7889.299689769745,0.011080199999999998,-0.011199899999999985,0.022010000000000002,1800.0
7889.399158239365,0.012133500000000005,-0.010050400000000015,0.022010000000000002,1800.0
7889.499087095261,0.013203900000000005,-0.00860470000000002,0.022010000000000002,1800.0
7889.599190950394,0.013930500000000012,-0.0073620999999999825,0.022010000000000002,1800.0
7889.699172735214,0.014679899999999996,-0.005726799999999976,0.022010000000000002,1800.0
7889.799150943756,0.015173800000000001,-0.004247899999999971,0.022010000000000002,1800.0
7889.899186849594,0.015562300000000001,-0.002491299999999974,0.022010000000000002,1800.0
7889.999162435532,0.015721299999999994,-0.0010607999999999729,0.022010000000000002,1800.0
7890.0991797447205,0.015739000000000003,0.0006179000000000046,0.022010000000000002,1800.0
7890.199165582657,0.015592099999999998,0.0022904000000000257,0.022010000000000002,1800.0
7890.2991898059845,0.015287300000000004,0.003819500000000031,0.022010000000000002,1800.0
7890.404127836227,0.015287300000000004,0.003819500000000031,0.022010000000000002,1800.0
7890.500208377838,0.014794400000000013,0.005424600000000057,0.022010000000000002,1800.0
7890.599142789841,0.014135100000000012,0.0069690000000000585,0.022010000000000002,1800.0
7890.69917178154,0.0133109,0.008431999999999995,0.022010000000000002,1800.0
7890.799159288406,0.0124147,0.009707900000000047,0.022010000000000002,1800.0
7890.899189949036,0.011390399999999995,0.010883400000000043,0.022010000000000002,1800.0
7890.9991846084595,0.010077400000000014,0.012113099999999988,0.022010000000000002,1800.0
7891.09915304184,0.008830599999999994,0.013049000000000033,0.022010000000000002,1800.0
7891.1991765499115,0.007391400000000006,0.013913700000000029,0.022010000000000002,1800.0
7891.299268007278,0.005981299999999995,0.014579000000000009,0.022010000000000002,1800.0
7891.399166584015,0.004395900000000008,0.015131600000000023,0.022010000000000002,1800.0
7891.499184846878,0.0027612000000000053,0.015515600000000018,0.022010000000000002,1800.0
7891.599179506302,0.0027612000000000053,0.015515600000000018,0.022010000000000002,1800.0
7891.699122428894,0.0010945000000000121,0.015720200000000017,0.022010000000000002,1800.0
7891.799185752869,-0.0004644000000000037,0.015748700000000004,0.022010000000000002,1800.0
7891.899138689041,-0.001367099999999996,0.015694100000000044,0.022010000000000002,1800.0
7891.999182939529,-0.003020199999999987,0.01546599999999998,0.022010000000000002,1800.0
7892.099190235138,-0.003969500000000001,0.015244900000000006,0.022010000000000002,1800.0
7892.199742555618,-0.005251499999999992,0.014855000000000007,0.022010000000000002,1800.0
7892.299138069153,-0.006149000000000002,0.014506000000000019,0.022010000000000002,1800.0
7892.3991355896,-0.006149000000000002,0.014506000000000019,0.022010000000000002,1800.0
7892.499609947205,-0.006558399999999992,0.01331199999999999,0.022010000000000002,0.0
7892.59912276268,-0.009139500000000009,0.005784599999999973,0.022010000000000002,0.0
7892.899163484573,-0.011122999999999994,5.551115123125783e-17,0.022010000000000002,0.0
7892.999155521393,-0.011122999999999994,5.551115123125783e-17,0.022010000000000002,1800.0
7893.099185228348,-0.011082499999999995,0.0008001000000000258,0.022010000000000002,1800.0
7893.1991539001465,-0.01084120000000001,0.002460299999999971,0.022010000000000002,1800.0
7893.299166440964,-0.010345999999999994,0.004063900000000009,0.022010000000000002,1800.0
7893.399170637131,-0.0096744,0.005470200000000036,0.022010000000000002,1800.0
7893.499174594879,-0.008671299999999993,0.006962500000000038,0.022010000000000002,1800.0
7893.599181175232,-0.007606000000000002,0.00809979999999999,0.022010000000000002,1800.0
7893.699130058289,-0.006398799999999996,0.009084800000000004,0.022010000000000002,1800.0
7893.799140930176,-0.004960500000000007,0.009948999999999986,0.022010000000000002,1800.0
7893.899148225784,-0.00352029999999999,0.010545500000000041,0.022010000000000002,1800.0
7893.999178886414,-0.00352029999999999,0.010545500000000041,0.022010000000000002,1800.0
7894.099185466766,-0.00189170000000001,0.010949500000000056,0.022010000000000002,1800.0
7894.199187994003,-0.00022170000000000523,0.01111230000000002,0.022010000000000002,1800.0
7894.299189090729,0.0014532000000000017,0.011018299999999981,0.022010000000000002,1800.0
7894.3991413116455,0.0029799999999999965,0.010706300000000057,0.022010000000000002,1800.0
7894.49915099144,0.004559199999999999,0.0101387,0.022010000000000002,1800.0
7894.599141836166,0.006035600000000002,0.00933980000000001,0.022010000000000002,1800.0
7894.699165582657,0.007276099999999994,0.00839669999999998,0.022010000000000002,1800.0
7894.7991778850555,0.008378800000000006,0.0072961000000000276,0.022010000000000002,1800.0
7894.8991849422455,0.00944940000000001,0.005852800000000047,0.022010000000000002,1800.0
7894.999151229858,0.010175800000000013,0.004473800000000028,0.022010000000000002,1800.0
7895.099156618118,0.010175800000000013,0.004473800000000028,0.022010000000000002,1800.0
7895.199178695679,0.010761999999999994,0.0027743000000000073,0.022010000000000002,1800.0
7895.299193382263,0.011032,0.001361100000000004,0.022010000000000002,1800.0
7895.399183273315,0.011102100000000004,-0.0004346000000000072,0.022010000000000002,1800.0
7895.49919128418,0.010934000000000013,-0.001983500000000027,0.022010000000000002,1800.0
7895.599149942398,0.010514099999999998,-0.0036079999999999446,0.022010000000000002,1800.0
7895.69918012619,0.009909100000000004,-0.005044700000000013,0.022010000000000002,1800.0
7895.799076318741,0.009030999999999997,-0.006474800000000003,0.022010000000000002,1800.0
7895.89914226532,0.007956600000000008,-0.00776389999999999,0.022010000000000002,1800.0
7895.999217748642,0.0066950000000000065,-0.008869899999999986,0.022010000000000002,1800.0
7896.099222421646,0.005388699999999996,-0.00971939999999999,0.022010000000000002,1800.0
7896.199222326279,0.0038649000000000044,-0.010422199999999993,0.022010000000000002,1800.0
7896.299216032028,0.0038649000000000044,-0.010422199999999993,0.022010000000000002,1800.0
7896.399231433868,0.002369999999999997,-0.010863899999999982,0.022010000000000002,1800.0
7896.499210834503,0.0007071000000000022,-0.011087799999999981,0.022010000000000002,1800.0
7896.599214076996,-0.000970699999999991,-0.011072799999999994,0.022010000000000002,1800.0
7896.699192047119,-0.0025097000000000036,-0.010828799999999972,0.022010000000000002,1800.0
7896.799202203751,-0.004110900000000001,-0.01032649999999996,0.022010000000000002,1800.0
7896.899186372757,-0.005618799999999993,-0.009589999999999987,0.022010000000000002,1800.0
7896.999211549759,-0.007003300000000004,-0.008640900000000007,0.022010000000000002,1800.0
7897.09920835495,-0.008134000000000002,-0.007568399999999975,0.022010000000000002,1800.0
7897.199189424515,-0.009183699999999989,-0.0062593999999999705,0.022010000000000002,1800.0
7897.2992062568665,-0.009970800000000002,-0.004914599999999991,0.022010000000000002,1800.0
7897.399206161499,-0.010597999999999996,-0.0033577999999999664,0.022010000000000002,1800.0
7897.499185562134,-0.010597999999999996,-0.0033577999999999664,0.022010000000000002,1800.0
7897.599156856537,-0.010978200000000007,-0.0017232999999999832,0.022010000000000002,1800.0
7897.699200868607,-0.011117099999999991,-0.0001246999999999776,0.022010000000000002,1800.0
7897.799199819565,-0.011122999999999994,5.551115123125783e-17,0.022010000000000002,1800.0
7897.899221658707,-0.011122999999999994,5.551115123125783e-17,0.022010000000000002,0.0
7897.999224901199,-0.007750800000000002,-0.003547699999999987,0.022010000000000002,0.0
7898.399188756943,0.0020919999999999966,-0.013902000000000025,0.022010000000000002,0.0
7898.499206066132,0.002636200000000005,-0.013807799999999981,0.022010000000000002,1800.0
7898.599506139755,0.002636200000000005,-0.013807799999999981,0.022010000000000002,1800.0
7898.699190855026,0.004264000000000004,-0.013396799999999986,0.022010000000000002,1800.0
7898.799206018448,0.0057199,-0.01283899999999999,0.022010000000000002,1800.0
7898.899196624756,0.007109500000000005,-0.012131899999999973,0.022010000000000002,1800.0
7898.9992134571075,0.008366800000000008,-0.01128889999999999,0.022010000000000002,1800.0
7899.0991332530975,0.009175000000000003,-0.01064320000000002,0.022010000000000002,1800.0
7899.199192285538,0.010465200000000008,-0.00939000000000001,0.022010000000000002,1800.0
7899.299221992493,0.011507000000000003,-0.008073300000000005,0.022010000000000002,1800.0
7899.399223327637,0.012274099999999996,-0.006855499999999959,0.022010000000000002,1800.0
7899.499181985855,0.013003700000000007,-0.00534329999999994,0.022010000000000002,1800.0
7899.599180459976,0.013546299999999997,-0.003754499999999994,0.022010000000000002,1800.0
7899.699219703674,0.013881800000000014,-0.002231800000000006,0.022010000000000002,1800.0
7899.799211502075,0.013881800000000014,-0.002231800000000006,0.022010000000000002,1800.0
7899.899213790894,0.014039799999999991,-0.0005605000000000193,0.022010000000000002,1800.0
7899.999163389206,0.014021700000000012,0.0009983000000000075,0.022010000000000002,1800.0
7900.099163532257,0.013800999999999994,0.002662400000000009,0.022010000000000002,1800.0
7900.199172496796,0.013388800000000006,0.00428980000000001,0.022010000000000002,1800.0
7900.299191474915,0.012830499999999995,0.005745800000000023,0.022010000000000002,1800.0
7900.399156093597,0.012053300000000003,0.007233900000000015,0.022010000000000002,1800.0
7900.499179840088,0.0111073,0.008621099999999993,0.022010000000000002,1800.0
7900.599185705185,0.010079000000000005,0.009793000000000052,0.022010000000000002,1800.0
7900.699193239212,0.00884320000000001,0.010929299999999975,0.022010000000000002,1800.0
7900.799150466919,0.008139099999999996,0.011459600000000014,0.022010000000000002,1800.0
7900.899187803268,0.006829699999999994,0.012284599999999979,0.022010000000000002,1800.0
7900.999210596085,0.006829699999999994,0.012284599999999979,0.022010000000000002,1800.0
7901.099195480347,0.005317299999999997,0.013013400000000008,0.022010000000000002,1800.0
7901.199219942093,0.003728100000000012,0.01355470000000003,0.022010000000000002,1800.0
7901.299218416214,0.002085699999999996,0.013902799999999993,0.022010000000000002,1800.0
7901.399173974991,0.0005333000000000143,0.014048700000000025,0.022010000000000002,1800.0
7901.499174594879,-0.001264299999999996,0.013996100000000011,0.022010000000000002,1800.0
7901.599223852158,-0.002808199999999997,0.013778100000000015,0.022010000000000002,1800.0
7901.6992127895355,-0.004313999999999998,0.013374200000000003,0.022010000000000002,1800.0
7901.799219369888,-0.005506000000000011,0.012932800000000022,0.022010000000000002,1800.0
7901.899225234985,-0.006659600000000002,0.012379199999999979,0.022010000000000002,1800.0
7901.999210119247,-0.007989300000000005,0.011565700000000012,0.022010000000000002,1800.0
7902.099173545837,-0.0092222,0.010611400000000049,0.022010000000000002,1800.0
7902.1991629600525,-0.0092222,0.010611400000000049,0.022010000000000002,1800.0
7902.299147605896,-0.010500599999999999,0.009346000000000021,0.022010000000000002,1800.0
7902.39914894104,-0.011537799999999987,0.008026199999999983,0.022010000000000002,1800.0
7902.4991228580475,-0.012355399999999989,0.00669880000000006,0.022010000000000002,1800.0
7902.599190235138,-0.013064800000000001,0.00517780000000001,0.022010000000000002,1800.0
7902.699200630188,-0.013560799999999998,0.003699800000000031,0.022010000000000002,1800.0
7902.799185991287,-0.013904699999999992,0.002056900000000028,0.022010000000000002,1800.0
7902.89923119545,-0.014053700000000002,0.0003847000000000156,0.022010000000000002,1800.0
7902.999220132828,-0.014009300000000002,-0.0011738000000000026,0.022010000000000002,1800.0
7903.099229335785,-0.013768899999999987,-0.002835299999999985,0.022010000000000002,1800.0
7903.199222803116,-0.013368000000000005,-0.004341899999999954,0.022010000000000002,1800.0
7903.29919552803,-0.013368000000000005,-0.004341899999999954,0.022010000000000002,1800.0
7903.399191379547,-0.012700099999999992,-0.0060114,0.022010000000000002,1800.0
7903.499220609665,-0.011962700000000007,-0.007384899999999972,0.022010000000000002,1800.0
7903.599191427231,-0.011068500000000009,-0.008661899999999945,0.022010000000000002,1800.0
7903.699191093445,-0.009874600000000011,-0.010006999999999988,0.022010000000000002,1800.0
7903.799171209335,-0.008705599999999994,-0.011038800000000015,0.022010000000000002,1800.0
7903.899187803268,-0.007327500000000001,-0.011997599999999997,0.022010000000000002,1800.0
7903.999161720276,-0.0058485999999999955,-0.01278689999999999,0.022010000000000002,1800.0
7904.0991888046265,-0.005150700000000008,-0.013077300000000014,0.022010000000000002,1800.0
7904.1991946697235,-0.0035561999999999955,-0.013595199999999974,0.022010000000000002,1800.0
7904.299189329147,-0.0019105000000000094,-0.013926500000000008,0.022010000000000002,1800.0
7904.399190425873,-0.0019105000000000094,-0.013926500000000008,0.022010000000000002,1800.0
7904.49920129776,-0.0003565999999999986,-0.014050199999999957,0.022010000000000002,1800.0
7904.599184513092,0.0013214000000000142,-0.01399659999999997,0.022010000000000002,1800.0
7904.699187755585,0.0020919999999999966,-0.013902000000000025,0.022010000000000002,1800.0
7904.79917216301,0.0020919999999999966,-0.013902000000000025,0.022010000000000002,1800.0
7904.899169445038,0.0011786000000000019,-0.013050799999999974,0.022010000000000002,0.0
7904.999197244644,-0.004639299999999999,-0.007628799999999991,0.022010000000000002,0.0
7905.3991792202,-0.01282499999999999,5.551115123125783e-17,0.022010000000000002,0.0
7905.599185228348,-0.012504399999999999,0.002817600000000031,0.022010000000000002,1800.0
7905.699183225632,-0.012504399999999999,0.002817600000000031,0.022010000000000002,1800.0
7905.799185752869,-0.012026399999999993,0.004426900000000011,0.022010000000000002,1800.0
7905.899176359177,-0.0113452,0.005960999999999994,0.022010000000000002,1800.0
7905.999146461487,-0.010465700000000008,0.007390400000000019,0.022010000000000002,1800.0
7906.099080562592,-0.009489300000000006,0.008604600000000018,0.022010000000000002,1800.0
7906.199135065079,-0.0083757,0.009694399999999992,0.022010000000000002,1800.0
7906.29918885231,-0.006838899999999995,0.01084080000000004,0.022010000000000002,1800.0
7906.3991849422455,-0.0055791000000000035,0.011536600000000008,0.022010000000000002,1800.0
7906.499193429947,-0.004024499999999986,0.012170500000000029,0.022010000000000002,1800.0
7906.59907746315,-0.0023987999999999926,0.01258790000000004,0.022010000000000002,1800.0
7906.6991357803345,-0.0023987999999999926,0.01258790000000004,0.022010000000000002,1800.0
7906.799137830734,-0.0007328000000000057,0.012789300000000003,0.022010000000000002,1800.0
7906.899154663086,0.000825300000000001,0.012784000000000018,0.022010000000000002,1800.0
7906.999197721481,0.002490100000000009,0.012572399999999984,0.022010000000000002,1800.0
7907.099189043045,0.003998699999999994,0.012179700000000016,0.022010000000000002,1800.0
7907.199183225632,0.005554300000000012,0.011548300000000011,0.022010000000000002,1800.0
7907.299151182175,0.006918300000000002,0.0107931,0.022010000000000002,1800.0
7907.3991067409515,0.008265899999999993,0.009792699999999988,0.022010000000000002,1800.0
7907.499113559723,0.009470800000000001,0.008624800000000044,0.022010000000000002,1800.0
7907.599188327789,0.010449800000000009,0.007412600000000047,0.022010000000000002,1800.0
7907.699256181717,0.011331900000000006,0.005984900000000015,0.022010000000000002,1800.0
7907.799157857895,0.012017099999999989,0.004452599999999973,0.022010000000000002,1800.0
7907.899175405502,0.012497599999999998,0.002844100000000016,0.022010000000000002,1800.0
7907.999183416367,0.012497599999999998,0.002844100000000016,0.022010000000000002,1800.0
7908.099169492722,0.012763399999999994,0.0011868000000000434,0.022010000000000002,1800.0
7908.199171066284,0.012807300000000008,-0.00037120000000001596,0.022010000000000002,1800.0
7908.299155950546,0.012628300000000009,-0.0021600999999999426,0.022010000000000002,1800.0
7908.399156570435,0.012307799999999994,-0.0035625999999999713,0.022010000000000002,1800.0
7908.499165773392,0.011738700000000005,-0.0051414999999999655,0.022010000000000002,1800.0
7908.599156856537,0.010965299999999997,-0.006631299999999951,0.022010000000000002,1800.0
7908.699184417725,0.010081500000000007,-0.007915299999999958,0.022010000000000002,1800.0
7908.79917383194,0.009051000000000003,-0.009085299999999963,0.022010000000000002,1800.0
7908.8991668224335,0.00768350000000001,-0.010253200000000018,0.022010000000000002,1800.0
7908.999191522598,0.006383199999999992,-0.01111249999999997,0.022010000000000002,1800.0
7909.099189519882,0.006383199999999992,-0.01111249999999997,0.022010000000000002,1800.0
7909.19916176796,0.004653600000000008,-0.011941599999999941,0.022010000000000002,1800.0
7909.299137592316,0.003285099999999999,-0.012386799999999976,0.022010000000000002,1800.0
7909.399189949036,0.0017567,-0.012691999999999981,0.022010000000000002,1800.0
7909.499173879623,8.310000000000262e-05,-0.012821099999999974,0.022010000000000002,1800.0
7909.599194049835,-0.0014733999999999997,-0.012734299999999976,0.022010000000000002,1800.0
7909.699191093445,-0.003123799999999996,-0.012427399999999977,0.022010000000000002,1800.0
7909.799190044403,-0.0047215999999999925,-0.011913399999999963,0.022010000000000002,1800.0
7909.899159193039,-0.00634259999999999,-0.011135000000000006,0.022010000000000002,1800.0
7909.999185085297,-0.007549899999999998,-0.010352299999999981,0.022010000000000002,1800.0
7910.099193811417,-0.008838699999999991,-0.009277499999999994,0.022010000000000002,1800.0
7910.199114084244,-0.009982499999999991,-0.008049099999999976,0.022010000000000002,1800.0
7910.299163341522,-0.009982499999999991,-0.008049099999999976,0.022010000000000002,1800.0
7910.399209499359,-0.010879799999999995,-0.006773999999999947,0.022010000000000002,1800.0
7910.499059438705,-0.011720999999999995,-0.005184399999999978,0.022010000000000002,1800.0
7910.5991060733795,-0.012228900000000001,-0.003837900000000005,0.022010000000000002,1800.0
7910.699189186096,-0.012620699999999999,-0.002205899999999983,0.022010000000000002,1800.0
7910.799199104309,-0.012799500000000005,-0.0005374999999999686,0.022010000000000002,1800.0
7910.899198770523,-0.01282499999999999,5.551115123125783e-17,0.022010000000000002,1800.0
7910.999193906784,-0.01282499999999999,5.551115123125783e-17,0.022010000000000002,0.0
7911.099203109741,-0.01282499999999999,5.551115123125783e-17,0.022010000000000002,0.0
7914.8931926536325,-0.006148999999999988,-0.0011227886560236967,0.022010000000000002,0.0
