4649.4764494990695,0.011052,-0.0090553999999999,0.05183,0.0
4649.577004680573,0.0110526612805464,-0.0090534844195783,0.05183,0.0
4649.677568445145,0.0110665908053546,-0.0090131337315856,0.05183,0.0
4649.778794059693,0.0115243444807228,-0.0076884930282073,0.05183,0.0
4649.879346618592,0.0120531703026938,-0.0061582332897294,0.05183,0.0
4649.979903230606,0.0125971860126684,-0.0045840320738098,0.05183,0.0
4650.080490360199,0.0131359820627371,-0.0030249319758942,0.05183,0.0
4650.181096086441,0.0136752601075663,-0.0014643320539053,0.05183,0.0
4650.271616706787,0.0141739848387606,-2.1106729182374107e-05,0.05183,0.0
4650.372182617127,0.0147231418812229,0.001567940697165,0.05183,0.0
4650.472866544663,0.0152436062915514,0.0030739218922758,0.05183,0.0
4650.573432931839,0.0157972909873582,0.0046761221839592,0.05183,0.0
4650.673993120133,0.0162956853801631,0.0061183924239792,0.05183,0.0
4650.774553546845,0.0163438967355673,0.0062578095897937,0.05183,0.0
4650.8751266097415,0.016345,0.006261,0.05183,0.0
4650.975700149475,0.0163427930937962,0.0062660443570371,0.05183,0.0
4651.074874648987,0.0159802518921463,0.0071158296693149,0.05183,1800.0
4651.175452480255,0.0153292184701916,0.0083959838222626,0.05183,1800.0
4651.276028404175,0.0147660535599259,0.0093755701842615,0.05183,1800.0
4651.376598606049,0.0140867349114178,0.0103503178869109,0.05183,1800.0
4651.477225074707,0.0131150202420608,0.0115454155025837,0.05183,1800.0
4651.577803621231,0.012044743183379,0.0126696635723959,0.05183,1800.0
4651.678662309586,0.010907667873559,0.0136631245672058,0.05183,1800.0
4651.779224166809,0.0097125214703157,0.0145434279928717,0.05183,1800.0
4651.879737148224,0.0084599899476736,0.0153080412197982,0.05183,1800.0
4651.980297336518,0.0070522525956363,0.0160097678198511,0.05183,1800.0
4652.080884466111,0.0057088697822354,0.0165344176022958,0.05183,1800.0
4652.171396741806,0.0043952341585869,0.016924211018061,0.05183,1800.0
4652.27197028154,0.0029142651176175,0.0172347542418098,0.05183,1800.0
4652.372529277741,0.0014512797899832,0.0174198419644627,0.05183,1800.0
4652.474995384156,-7.511289556910716e-05,0.0174776238538303,0.05183,1800.0
4652.575556526123,-0.001595002247896,0.0174064973446501,0.05183,1800.0
4652.676086673676,-0.0031120510907058,0.0172008218443585,0.05183,1800.0
4652.776646623551,-0.0046226552273087,0.0168573240690363,0.05183,1800.0
4652.8772151564945,-0.0060598272408399,0.0164031276584991,0.05183,1800.0
4652.977812061249,-0.007399369783758,0.0158471142102548,0.05183,1800.0
4653.078577527939,-0.0087891956303037,0.0151244360283292,0.05183,1800.0
4653.179140815674,-0.0100574504982509,0.0143107573002589,0.05183,1800.0
4653.280907401978,-0.0112388781089286,0.0134009908402262,0.05183,1800.0
4653.371433267533,-0.0122508829065759,0.0124748156420317,0.05183,1800.0
4653.471981773316,-0.0132666038708393,0.0113858857562557,0.05183,1800.0
4653.572552690445,-0.0141785602606175,0.0102161173584194,0.05183,1800.0
4653.673112163483,-0.0150102585783375,0.0089499626511653,0.05183,1800.0
4653.773689517914,-0.0157354941708368,0.0076161624504472,0.05183,1800.0
4653.873724470078,-0.0163230535725995,0.0062532001313226,0.05183,1800.0
4653.9742958640445,-0.0168015854813929,0.0048163199130791,0.05183,1800.0
4654.074867258011,-0.0171662215044658,0.0033233340646789,0.05183,1800.0
4654.175439605652,-0.0173879851114403,0.001910585996439,0.05183,1800.0
4654.275966415345,-0.0174884500162669,0.0003970171560068,0.05183,1800.0
4654.3765370940555,-0.0174534271274191,-0.0010980497989362,0.05183,1800.0
4654.4770867919315,-0.0172877336108903,-0.002603853624771,0.05183,1800.0
4654.577657232224,-0.017000119113145,-0.0040810018477627,0.05183,1800.0
4654.678219804703,-0.0165641616263844,-0.0055778877485727,0.05183,1800.0
4654.778784999787,-0.0160082710623403,-0.0070056249689808,0.05183,1800.0
4654.879358062683,-0.015355444591972,-0.0083499307178163,0.05183,1800.0
4654.979923496186,-0.0145963225310387,-0.0096144147765846,0.05183,1800.0
4655.080491075455,-0.013713449324894,-0.0108371221182289,0.05183,1800.0
4655.178077468811,-0.0127340092888341,-0.0119786317369259,0.05183,1800.0
4655.278631458222,-0.0117087547744239,-0.0129875420942044,0.05183,1800.0
4655.379193792282,-0.0105650997956062,-0.0139485937838976,0.05183,1800.0
4655.479762086808,-0.0093227660644979,-0.0148044746381267,0.05183,1800.0
4655.580323228775,-0.0079562308098662,-0.0155773112839111,0.05183,1800.0
4655.693018445908,-0.006378713024575,-0.0162918748138481,0.05183,1800.0
4655.773484477936,-0.0053001769209071,-0.0166614644630022,0.05183,1800.0
4655.87428284639,-0.0038261643912233,-0.0170513745363682,0.05183,1800.0
4655.974847803055,-0.0023105653132523,-0.0173257651012683,0.05183,1800.0
4656.075405130326,-0.0008489873229979,-0.0174591628131294,0.05183,1800.0
4656.175967464386,0.0006423978145248,-0.0174652014470007,0.05183,1800.0
4656.276543388306,0.0021926056516554,-0.0173468912606169,0.05183,1800.0
4656.377104291855,0.0036458880066578,-0.0171005695522259,0.05183,1800.0
4656.477614650666,0.0051342733873555,-0.0167197851707542,0.05183,1800.0
4656.578195342957,0.0064905789500003,-0.0162461184662444,0.05183,1800.0
4656.678744802414,0.0079493846690814,-0.0155914553593132,0.05183,1800.0
4656.779308328568,0.0092422217058319,-0.0148456196975931,0.05183,1800.0
4656.8799142932285,0.0104420899564639,-0.014025098027295,0.05183,1800.0
4656.980497131287,0.0116373244388417,-0.0130455905123506,0.05183,1800.0
4657.081057081162,0.0127102880445575,-0.0119980652579985,0.05183,1800.0
4657.175169477402,0.013629298423566,-0.0109424809947136,0.05183,1800.0
4657.275739202439,0.0144813108896742,-0.0097885542465618,0.05183,1800.0
4657.3763320540775,0.0151474976731738,-0.0087309059067215,0.05183,1800.0
4657.47690082544,0.0156996446410563,-0.0076932488081385,0.05183,1800.0
4657.577465066849,0.0162960462857085,-0.0063474461438554,0.05183,1800.0
4657.677968749939,0.016771408606213,-0.0049916015024209,0.05183,1800.0
4657.778534660279,0.0170373861577474,-0.0039779912397758,0.05183,1800.0
4657.8791020011295,0.0172279627790831,-0.0030212912748217,0.05183,1800.0
4657.979630479752,0.017418872036075,-0.0015766585451331,0.05183,1800.0
4658.080194482743,0.0174814370473885,-5.233150247418994e-05,0.05183,1800.0
4658.180764923035,0.0174213336290581,0.0014095027934187,0.05183,1800.0
4658.271271238266,0.0172965891157366,0.0025298106125847,0.05183,1800.0
4658.371836194931,0.0171002503841229,0.0036414117767792,0.05183,1800.0
4658.472373495041,0.0168175737843256,0.0047648586673106,0.05183,1800.0
4658.575253257691,0.0164981689469273,0.0058157849368745,0.05183,1800.0
4658.676482210099,0.016345,0.006261,0.05183,1800.0
4658.777035722672,0.0162329975250152,0.0062156628548496,0.05183,1800.0
4658.877539405762,0.0152033477725308,0.0057989058542864,0.05183,1800.0
4658.9780967330325,0.0092116837013355,0.0033739576608433,0.05183,1800.0
4659.078657875,0.0088293822869983,0.003219226163785,0.05183,1800.0
4659.179222831665,0.0088139999999999,0.003213,0.05183,1800.0
4659.279788265168,0.0088630695569503,0.0030586539390469,0.05183,1800.0
4659.380355606018,0.0091280829501685,0.0019764930987458,0.05183,1800.0
4659.480928668915,0.009327855273342,0.0005280572487323,0.05183,1800.0
4659.572349080979,0.0093002982770702,-0.0008427482287159,0.05183,1800.0
4659.672987470566,0.0090350541611691,-0.0023649688982597,0.05183,1800.0
4659.773529777466,0.0085430414077134,-0.0038256295959979,0.05183,1800.0
4659.872770795761,0.007880430502595,-0.0051284002513142,0.05183,1800.0
4659.97439051622,0.0069119109583745,-0.0063103464292866,0.05183,1800.0
4660.074920663773,0.0057953968220635,-0.0073655142799773,0.05183,1800.0
4660.175510654389,0.0046211111463466,-0.0081423452473479,0.05183,1800.0
4660.276087770401,0.0031957518968243,-0.0087977923898773,0.05183,1800.0
4660.376816997467,0.0017118816039553,-0.0091897323133003,0.05183,1800.0
4660.475384483277,0.0002973151508753,-0.0093434451316684,0.05183,1800.0
4660.5759410952915,-0.0011569648501386,-0.0092686489615777,0.05183,1800.0
4660.6764788722385,-0.002637757482711,-0.008957682858031,0.05183,1800.0
4660.777034053742,-0.0040871921198314,-0.0083972379688463,0.05183,1800.0
4660.877616653382,-0.0053857455180706,-0.0076382758400171,0.05183,1800.0
4660.97814417833,-0.0064934777888581,-0.0067251072846588,0.05183,1800.0
4661.078691968857,-0.0074906517021732,-0.0055966428061922,0.05183,1800.0
4661.179219255387,-0.0083352693509089,-0.0042589700280514,0.05183,1800.0
4661.279747734009,-0.0089071722760541,-0.0029314112732048,0.05183,1800.0
4661.380268821656,-0.0092650245700894,-0.0014040887079099,0.05183,1800.0
4661.480825672089,-0.0093553213729534,7.258055743025738e-05,0.05183,1800.0
4661.571320781647,-0.0092436178748303,0.0014037999280513,0.05183,1800.0
4661.671891937195,-0.0089066752146406,0.00282710974296,0.05183,1800.0
4661.772455463349,-0.008322358384754,0.0042294100521164,0.05183,1800.0
4661.874489078461,-0.0075069717947368,0.0055585131934159,0.05183,1800.0
4661.975016603409,-0.0065268118688212,0.006687446372144,0.05183,1800.0
4662.075589189469,-0.0054000437842259,0.0076350296419381,0.05183,1800.0
4662.176176080643,-0.0041165504826225,0.0083911246332197,0.05183,1800.0
4662.276738653122,-0.0027214790904284,0.0089547724708163,0.05183,1800.0
4662.37730480188,-0.0011878095512539,0.0092907923875192,0.05183,1800.0
4662.477865467011,0.0002418882695847,0.0093697502393965,0.05183,1800.0
4662.578427085816,0.0017732768102607,0.0091950735269196,0.05183,1800.0
4662.6803114508975,0.0032358369220718,0.0087715922304256,0.05183,1800.0
4662.780911455094,0.0045852456132646,0.0081494692462907,0.05183,1800.0
4662.871425876557,0.0057054514492398,0.0073842472533421,0.05183,1800.0
4662.971962938248,0.0068233711795678,0.0063815063324002,0.05183,1800.0
4663.072531471192,0.0077514226635557,0.0052168489126017,0.05183,1800.0
4663.17309428209,0.0084471985166853,0.004016685088733,0.05183,1800.0
4663.275032291352,0.0088128273108845,0.0032156385505098,0.05183,1800.0
4663.375543365418,0.008814,0.003213,0.05183,1800.0
4663.476097593247,0.0094417995352099,0.0030700893713804,0.05183,1800.0
4663.576660642563,0.0144452181013558,0.0019311251279313,0.05183,1800.0
4663.677229652344,0.015658137268737,0.0016551189722883,0.05183,1800.0
4663.777799377381,0.015707,0.001644,0.05183,1800.0
4663.878336677491,0.0157059925461392,0.0016457824183691,0.05183,1800.0
4663.978893051087,0.0155963063480317,0.0024254678122948,0.05183,1800.0
4664.079474458634,0.015325065445201,0.0037347962000587,0.05183,1800.0
4664.180947551667,0.0149112109228652,0.0051617156725749,0.05183,1800.0
4664.271406660019,0.0144812819313727,0.0062806501510217,0.05183,1800.0
4664.372038612305,0.0139144475432946,0.0074342012278815,0.05183,1800.0
4664.472609767853,0.0131632163126917,0.0087096123392028,0.05183,1800.0
4664.576144943177,0.0122585335012389,0.0099459350705621,0.05183,1800.0
4664.676669130265,0.0112895633046788,0.0110418946829324,0.05183,1800.0
4664.777217874466,0.0101791771630401,0.0120785291493312,0.05183,1800.0
4664.877786884247,0.0089489222765534,0.013012051156281,0.05183,1800.0
4664.9783606624,0.0076857356184225,0.0137867832853494,0.05183,1800.0
4665.072497377335,0.0064079836121689,0.0144176521624893,0.05183,1800.0
4665.17466307634,0.0049946342751127,0.0149677286592904,0.05183,1800.0
4665.275197515427,0.0035424508242246,0.0153733471882369,0.05183,1800.0
4665.375742206513,0.0020568314904159,0.0156449821682166,0.05183,1800.0
4665.4763152694095,0.0005729327609731,0.0157654884213268,0.05183,1800.0
4665.576889762818,-0.000938622290853,0.0157496206242802,0.05183,1800.0
4665.677459249436,-0.0024604687366713,0.0155903782595911,0.05183,1800.0
4665.778028259217,-0.0039016831282688,0.0152934612577708,0.05183,1800.0
4665.878544340073,-0.005378958502414,0.0148460284123384,0.05183,1800.0
4665.979100952088,-0.0067956681111819,0.0142619277831723,0.05183,1800.0
4666.0796303843845,-0.0081472252718974,0.0135256064083315,0.05183,1800.0
4666.180191526352,-0.009373900756037,0.0127015964347055,0.05183,1800.0
4666.280762443482,-0.0105225959345216,0.0117618560330015,0.05183,1800.0
4666.371292123734,-0.0114843311230339,0.0108131583171615,0.05183,1800.0
4666.471871862351,-0.0124632924021519,0.0096738849946031,0.05183,1800.0
4666.5755779837955,-0.0133446897689065,0.0084092623098747,0.05183,1800.0
4666.676187286316,-0.0140972797495228,0.0070802290722385,0.05183,1800.0
4666.776755342423,-0.0146910945244917,0.0057840326919463,0.05183,1800.0
4666.87733007425,-0.0150735150225293,0.0046813774742602,0.05183,1800.0
4666.9778945540775,-0.0154465564217007,0.0032388271642776,0.05183,1800.0
4667.078456172882,-0.015697104198164,0.0017766566626531,0.05183,1800.0
4667.179029951035,-0.0157720433571345,0.0008374890325057,0.05183,1800.0
4667.279597530304,-0.0157708212946826,-0.0005883121582217,0.05183,1800.0
4667.380124578415,-0.0157059322137407,-0.0016342351208845,0.05183,1800.0
4667.480676660477,-0.0154844634058509,-0.0030126512819272,0.05183,1800.0
4667.581241617142,-0.0151308591910574,-0.0044724523682,0.05183,1800.0
4667.671753654419,-0.014780393543786,-0.0055484835632574,0.05183,1800.0
4667.77232099527,-0.0142932710366268,-0.0066866469023416,0.05183,1800.0
4667.873112211167,-0.0135986696004729,-0.0079960851555344,0.05183,1800.0
4667.9736824130405,-0.0127630843229898,-0.0092800958316158,0.05183,1800.0
4668.074242124497,-0.0117787427247557,-0.0105073062688139,0.05183,1800.0
4668.174817094742,-0.0107600417251969,-0.0115607340694333,0.05183,1800.0
4668.2755563353885,-0.0096253325415136,-0.0125310439898996,0.05183,1800.0
4668.376091012894,-0.0084044077887367,-0.0133635359638922,0.05183,1800.0
4668.4766528701175,-0.0070327547877721,-0.01413146464421,0.05183,1800.0
4668.577256450592,-0.0056229851854363,-0.0147447221632892,0.05183,1800.0
4668.677816877304,-0.0041987882672878,-0.0152100452921431,0.05183,1800.0
4668.778384933411,-0.0027867927550497,-0.0155305470588291,0.05183,1800.0
4668.87895251268,-0.0012917966174069,-0.0157224722953873,0.05183,1800.0
4668.97953678125,0.000227869165562,-0.0157744972516807,0.05183,1800.0
4669.080053100525,0.0017054314184573,-0.0156895128447522,0.05183,1800.0
4669.18062306398,0.0031912461373333,-0.0154540137982517,0.05183,1800.0
4669.281211147248,0.0046502703733685,-0.0150835971924758,0.05183,1800.0
4669.371726283966,0.0059754382665719,-0.0146230925824462,0.05183,1800.0
4669.472297201096,0.0073133947868926,-0.0139923932521653,0.05183,1800.0
4669.572950372635,0.0085945128187609,-0.0132423177340021,0.05183,1800.0
4669.673493156372,0.0098305264321243,-0.0123466577450387,0.05183,1800.0
4669.774021873413,0.0109554799009754,-0.011357191798407,0.05183,1800.0
4669.874593505799,0.0119719120005207,-0.0102724413597762,0.05183,1800.0
4669.975179681717,0.0129082433830759,-0.009065550161897,0.05183,1800.0
4670.075746545731,0.0137185184397825,-0.0077888468797792,0.05183,1800.0
4670.176326999604,0.0143413277934235,-0.0065879262051525,0.05183,1800.0
4670.276942262589,0.0148298448411458,-0.0054026044936147,0.05183,1800.0
4670.377653131424,0.0152679886029187,-0.0039914548867831,0.05183,1800.0
4670.478209266602,0.0155637291850989,-0.0026340941542425,0.05183,1800.0
4670.578759918152,0.0157236527944654,-0.0014717251940531,0.05183,1800.0
4670.679486522614,0.0157945846901115,-0.0001498125933757,0.05183,1800.0
4670.780085573136,0.0157290997955052,0.0013260078162961,0.05183,1800.0
4670.880708465515,0.0157090718098398,0.0016244983771038,0.05183,1800.0
4670.981274852692,0.015707,0.001644,0.05183,1800.0
4671.071792850434,0.0137007767422374,0.0024597230651949,0.05183,1800.0
4671.172376403748,0.0112366176662018,0.0034616754578504,0.05183,1800.0
4671.274503002106,0.010412,0.0037969999999999,0.05183,1800.0
4671.376205453812,0.0104189813825592,0.0037749535287601,0.05183,1800.0
4671.476768503128,0.0105232309940275,0.0034113502182578,0.05183,1800.0
4671.5773322677005,0.0108606396844504,0.002074575779469,0.05183,1800.0
4671.677870283066,0.01104770073906,0.0005695065806152,0.05183,1800.0
4671.778444299637,0.0110312101758976,-0.001029089370233,0.05183,1800.0
4671.879006633698,0.010806211706443,-0.0024202847259451,0.05183,1800.0
4671.979854593216,0.0103386759517016,-0.0039297813309071,0.05183,1800.0
4672.07124472612,0.0097583216293633,-0.0051829294726034,0.05183,1800.0
4672.171804675995,0.0089782673930131,-0.0064417779788636,0.05183,1800.0
4672.272367725312,0.008025887031045,-0.0075847124126559,0.05183,1800.0
4672.374016771256,0.0068921133954076,-0.0086280627102617,0.05183,1800.0
4672.474591264664,0.0056546707925486,-0.0094965619961747,0.05183,1800.0
4672.57513595575,0.0043428318912034,-0.0101634390888126,0.05183,1800.0
4672.675709257065,0.0029198315619935,-0.010656285844336,0.05183,1800.0
4672.776278505265,0.0014308188024534,-0.0109657492023942,0.05183,1800.0
4672.876837263047,-5.863529943608836e-05,-0.0110767519203244,0.05183,1800.0
4672.977414379059,-0.0015642322365108,-0.0109631128232786,0.05183,1800.0
4673.0779876803745,-0.0029920316605914,-0.0106538488186142,0.05183,1800.0
4673.178551683365,-0.0044336442715339,-0.0101328941401306,0.05183,1800.0
4673.279108772217,-0.0057848441205436,-0.0094156281579935,0.05183,1800.0
4673.379628667771,-0.0069845320330937,-0.0085536502401776,0.05183,1800.0
4673.480179080902,-0.0080736010658569,-0.0075424233156178,0.05183,1800.0
4673.580760726868,-0.0090337216372225,-0.0063557541102735,0.05183,1800.0
4673.671487579285,-0.0097504796012819,-0.0051924768878571,0.05183,1800.0
4673.773459682404,-0.0103644070550734,-0.0038124830022406,0.05183,1800.0
4673.874026546418,-0.010785652159777,-0.0023406426296598,0.05183,1800.0
4673.974607477127,-0.0110324114191012,-0.0008824807811222,0.05183,1800.0
4674.075193891465,-0.0110509186142905,0.0006668793964156,0.05183,1800.0
4674.1757738685,-0.010858785287574,0.0021592972016062,0.05183,1800.0
4674.276337871491,-0.010470708117305,0.0035682378731985,0.05183,1800.0
4674.376917371689,-0.0098650619809038,0.004975243339075,0.05183,1800.0
4674.4774606322635,-0.0090844722896739,0.0062838171198564,0.05183,1800.0
4674.578024396836,-0.0081710858258385,0.007446071367656,0.05183,1800.0
4674.67869854921,-0.0070885316139476,0.0084718613546952,0.05183,1800.0
4674.779275903641,-0.0058502160033725,0.0093649235521133,0.05183,1800.0
4674.8798587416995,-0.0045273875227381,0.0100798012792778,0.05183,1800.0
4674.980444440781,-0.003152152588768,0.010590028004115,0.05183,1800.0
4675.081025371491,-0.0016904214497819,0.0109268976555985,0.05183,1800.0
4675.17154217714,-0.0003743475826651,0.0110618292437889,0.05183,1800.0
4675.272109279572,0.0011564760861475,0.0110156453196046,0.05183,1800.0
4675.372904310166,0.0027040427996983,0.0107227270267042,0.05183,1800.0
4675.474683055817,0.004150686950492,0.0102419082978151,0.05183,1800.0
4675.57526350969,0.005451862703068,0.0096153429922353,0.05183,1800.0
4675.675818452774,0.0066757908188055,0.0088091877924029,0.05183,1800.0
4675.776404151856,0.0078152761220901,0.007803959106203,0.05183,1800.0
4675.877002487122,0.008808642772218,0.0066599158774687,0.05183,1800.0
4675.97756696695,0.0096326159638188,0.0054053521241336,0.05183,1800.0
4676.078104982315,0.0102030237916123,0.0043004714781397,0.05183,1800.0
4676.178669223725,0.010412,0.0037969999999999,0.05183,1800.0
4676.27923084253,0.0103872253851581,0.0038731571323854,0.05183,1800.0
4676.379800329148,0.0100936589711651,0.0047756607610226,0.05183,1800.0
4676.480357656418,0.0080492266518107,0.0110612142365058,0.05183,1800.0
4676.580936918198,0.0078473013966804,0.0116821709766936,0.05183,1800.0
4676.6714582538,0.007835,0.01172,0.05183,1800.0
4676.772038707672,0.0071770401445271,0.0121171043307982,0.05183,1800.0
4676.872610340058,0.0059590037605892,0.012747408118819,0.05183,1800.0
4676.973207483231,0.004554447040982,0.0133156710247666,0.05183,1800.0
4677.073776254593,0.0030962395555568,0.0137311506988698,0.05183,1800.0
4677.17555738443,0.0016090033108964,0.0139890396066713,0.05183,1800.0
4677.276122579514,0.0001213234339075,0.0140832306314676,0.05183,1800.0
4677.376686582505,-0.0013522254092433,0.0140198311572378,0.05183,1800.0
4677.477225313126,-0.0028776931811248,0.0137938342886659,0.05183,1800.0
4677.577805051743,-0.004362070751612,0.0134016827870795,0.05183,1800.0
4677.690399656235,-0.0058914472828087,0.0128048002220508,0.05183,1800.0
4677.7708633040775,-0.0069558221626939,0.0122410387797043,0.05183,1800.0
4677.871406564652,-0.0082442228837351,0.0114069571906878,0.05183,1800.0
4677.971995363175,-0.0094080587646305,0.0104647135918669,0.05183,1800.0
4678.073199043213,-0.0104522996915727,0.0094252423096853,0.05183,1800.0
4678.173762330948,-0.0113923312070038,0.0082619680248044,0.05183,1800.0
4678.274341115891,-0.0122086561986543,0.0069765310840823,0.05183,1800.0
4678.374914655625,-0.0128669494346615,0.0056318981867304,0.05183,1800.0
4678.478921899735,-0.0134210204338201,0.00429816248145,0.05183,1800.0
4678.579510459839,-0.0136784268644639,0.0033839508725925,0.05183,1800.0
4678.680088529526,-0.013945736295459,0.002018086154212,0.05183,1800.0
4678.780651340424,-0.0140544186616172,0.0009980137728828,0.05183,1800.0
4678.871167669236,-0.0140719126058011,-0.0003184645634897,0.05183,1800.0
4678.971739301621,-0.0139899588318028,-0.001596731861812,0.05183,1800.0
4679.072356710373,-0.0137937594091499,-0.0028139449580436,0.05183,1800.0
4679.173707733094,-0.0135528721677541,-0.003830955737162,0.05183,1800.0
4679.274276027619,-0.0131671845789675,-0.0049584094602905,0.05183,1800.0
4679.37485671991,-0.0126185739609437,-0.006245263134083,0.05183,1800.0
4679.475403318344,-0.0119885017115193,-0.0073807028810174,0.05183,1800.0
4679.575962791382,-0.0111714538688407,-0.0085698765802974,0.05183,1800.0
4679.676529893814,-0.0102092606441205,-0.0097027521362799,0.05183,1800.0
4679.777039060532,-0.0091396569728741,-0.0107236560203708,0.05183,1800.0
4679.876287231385,-0.0079305133518345,-0.0116517829329088,0.05183,1800.0
4679.978080043732,-0.0066884371161054,-0.0124017933512884,0.05183,1800.0
4680.078647384583,-0.0052433107703826,-0.013068726306686,0.05183,1800.0
4680.179212818085,-0.0038122907546238,-0.0135544931672379,0.05183,1800.0
4680.27977443689,-0.0023922700908446,-0.0138689240469057,0.05183,1800.0
4680.380334148346,-0.000927609239433,-0.0140445125856765,0.05183,1800.0
4680.470851669251,0.00042394504107,-0.0140660368714671,0.05183,1800.0
4680.571392784058,0.0019189419529774,-0.0139477530056974,0.05183,1800.0
4680.671953926026,0.0034139317026091,-0.0136551760798656,0.05183,1800.0
4680.7734706496585,0.0049437614154579,-0.0131883356693242,0.05183,1800.0
4680.874042520462,0.0062971675534459,-0.0126018343682142,0.05183,1800.0
4680.974607238709,0.0076078526792087,-0.0118664510551087,0.05183,1800.0
4681.075156459748,0.0088561967101771,-0.0109611444693777,0.05183,1800.0
4681.175735721527,0.0099422222840841,-0.0099771337733374,0.05183,1800.0
4681.280569086014,0.0109787588569505,-0.0088165152605031,0.05183,1800.0
4681.371060857712,0.0117776025738342,-0.0077013459594769,0.05183,1800.0
4681.471625099121,0.0125319860552214,-0.0064041288218768,0.05183,1800.0
4681.572194824158,0.0130923554097774,-0.0051747189583346,0.05183,1800.0
4681.672780523239,0.013486415676285,-0.0040511781902192,0.05183,1800.0
4681.773349771439,0.013787323731543,-0.0028153343550534,0.05183,1800.0
4681.873924980103,0.0140154661295038,-0.0013021671772754,0.05183,1800.0
4681.974506864487,0.0140872230954938,0.0001934517939967,0.05183,1800.0
4682.075067768036,0.0139888312504143,0.001648087102237,0.05183,1800.0
4682.175627717911,0.0137550317739913,0.003094869654622,0.05183,1800.0
4682.2761833762515,0.0134758598762405,0.0041286943580901,0.05183,1800.0
4682.376751909195,0.0131700684734537,0.0050160289849571,0.05183,1800.0
4682.4773309325565,0.0125622784695031,0.0063460417211061,0.05183,1800.0
4682.577899227082,0.0118253538515611,0.0076347001587109,0.05183,1800.0
4682.671306381165,0.0111735781813653,0.0085745622882895,0.05183,1800.0
4682.771862277924,0.0104154928615216,0.0094715345817983,0.05183,1800.0
4682.8733978366245,0.0094169092952396,0.0104583451236454,0.05183,1800.0
4682.973911771714,0.008385957186743,0.0113221250457127,0.05183,1800.0
4683.074531326233,0.007835,0.01172,0.05183,1800.0
4683.17506242746,0.0078491999774727,0.0116950349523234,0.05183,1800.0
4683.275626192032,0.008136020146493,0.0111908514925728,0.05183,1800.0
4683.37615037912,0.0114980414146215,0.0052814879905883,0.05183,1800.0
4683.476723442017,0.0119667020530238,0.0044578460664289,0.05183,1800.0
4683.577292690216,0.012011,0.00438,0.05183,1800.0
4683.6778609847415,0.0121047320409894,0.0040844001000906,0.05183,1800.0
4683.778422126709,0.0123941757126447,0.0029938203004487,0.05183,1800.0
4683.878982315003,0.0126534945850723,0.0015115475071819,0.05183,1800.0
4683.979510316788,0.0127456924104597,2.2617060520702115e-05,0.05183,1800.0
4684.080084571778,0.0126606879951132,-0.001451278307824,0.05183,1800.0
4684.180644283234,0.0124052963833918,-0.002939547196998,0.05183,1800.0
4684.271147022187,0.0120291969549303,-0.004264795249096,0.05183,1800.0
4684.380177268921,0.0113930274836367,-0.0057466785897372,0.05183,1800.0
4684.47068239206,0.0107335810352545,-0.0069277670838701,0.05183,1800.0
4684.5724177455295,0.0098263074203898,-0.0081481434001412,0.05183,1800.0
4684.672970781266,0.0087913414526135,-0.0092403060312793,0.05183,1800.0
4684.773720512329,0.0076445247443883,-0.010208220186724,0.05183,1800.0
4684.8742854689945,0.0063850225628815,-0.0110348779752719,0.05183,1800.0
4684.97483349794,0.0050525550154883,-0.0117101440534364,0.05183,1800.0
4685.075401315628,0.0036495321710756,-0.0122209224839572,0.05183,1800.0
4685.175951251923,0.0021582200088816,-0.0125733082776636,0.05183,1800.0
4685.276551494538,0.0006050570438929,-0.0127364558161361,0.05183,1800.0
4685.377143392502,-0.0009131297386933,-0.012726389196194,0.05183,1800.0
4685.477707157074,-0.0023538063496666,-0.0125379184294963,0.05183,1800.0
4685.578192005097,-0.0038450547777618,-0.0121719513739858,0.05183,1800.0
4685.6787667369235,-0.0052727912831255,-0.0116393285416704,0.05183,1800.0
4685.774281511246,-0.0064703477407929,-0.0110125530100119,0.05183,1800.0
4685.874852666794,-0.0077684228689879,-0.0101160537092598,0.05183,1800.0
4685.975381622254,-0.0089263820305702,-0.0091120090809608,0.05183,1800.0
4686.075957307755,-0.009910192922159,-0.0080243034161962,0.05183,1800.0
4686.176521310746,-0.0107812992363063,-0.0067945080397769,0.05183,1800.0
4686.277082452713,-0.0114968041792642,-0.0055044716652906,0.05183,1800.0
4686.3776371573795,-0.0120562356776,-0.0041233622673864,0.05183,1800.0
4686.478207120835,-0.0124761630753499,-0.0026482632794401,0.05183,1800.0
4686.578781614243,-0.0127006139920382,-0.0011971034014665,0.05183,1800.0
4686.679351100861,-0.0127530698204211,0.0002980904510586,0.05183,1800.0
4686.7798619365085,-0.0126332585711928,0.0018658386051886,0.05183,1800.0
4686.880439052521,-0.0123430672882069,0.0032903970345558,0.05183,1800.0
4686.970950136124,-0.0118934462973898,0.004610156399382,0.05183,1800.0
4687.071496972977,-0.0112910299901383,0.0059268066278632,0.05183,1800.0
4687.175602922379,-0.0104562689405441,0.0072961801312286,0.05183,1800.0
4687.276164064347,-0.0095137835929927,0.0084917080189777,0.05183,1800.0
4687.3767223452915,-0.0084877424145561,0.0095236257954213,0.05183,1800.0
4687.477283487259,-0.0073265128719248,0.0104385437235531,0.05183,1800.0
4687.577846536576,-0.0060105173024365,0.011247148469742,0.05183,1800.0
4687.678419599472,-0.0046186131320885,0.0118888026972731,0.05183,1800.0
4687.77902270311,-0.0032115223791777,0.0123430971083316,0.05183,1800.0
4687.879580268799,-0.0017165210051753,0.0126447515376939,0.05183,1800.0
4687.980141887604,-0.0002546151693987,0.0127730714802852,0.05183,1800.0
4688.071472654282,0.001114495576936,0.0127270361856831,0.05183,1800.0
4688.172038326203,0.0026158423340214,0.012495170392887,0.05183,1800.0
4688.273527154862,0.004074917179422,0.0120867767222703,0.05183,1800.0
4688.3740866278995,0.0054990739110313,0.011500185245399,0.05183,1800.0
4688.474757203995,0.0068117638699298,0.0107757999509389,0.05183,1800.0
4688.575877437531,0.0080182900571501,0.0099073491374949,0.05183,1800.0
4688.676442155777,0.0091465595002495,0.0088809206283494,0.05183,1800.0
4688.777026662766,0.0101539995020781,0.0077189751103401,0.05183,1800.0
4688.8775589560855,0.0109844287819173,0.0064800717906698,0.05183,1800.0
4688.978119621216,0.0116449279844582,0.0052387732298495,0.05183,1800.0
4689.077255735337,0.012011,0.00438,0.05183,1800.0
4689.173419961869,0.012011,0.00438,0.05183,0.0
