1905.6327323745181,-0.0107069999999999,-0.0205993999999999,0.01704,0.0
1905.7332925628116,-0.0105842054540466,-0.0205460700382859,0.01704,0.0
1905.8338579963138,-0.0092030368513788,-0.0199462232563462,0.01704,0.0
1905.937618715613,-0.0067771948652531,-0.0188925035915853,0.01704,0.0
1906.0381908248355,-0.0043846647968578,-0.01785328248311,0.01704,0.0
1906.1387431453159,-0.0020468133785336,-0.0168377311084223,0.01704,0.0
1906.23932169184,0.000355322638801,-0.0157943378885344,0.01704,0.0
1906.3398918937137,0.0026556153321496,-0.0147951547489529,0.01704,0.0
1906.4404430221011,0.0049551417670339,-0.0137962905777748,0.01704,0.0
1906.5409903357913,0.0073639454179901,-0.0127500031195787,0.01704,0.0
1906.6418299506595,0.0098035049038196,-0.0116903692170052,0.01704,0.0
1906.732362730353,0.0117798906492126,-0.0108319026480344,0.01704,0.0
1906.8329336474826,0.0131009156368766,-0.0102580843631233,0.01704,0.0
1906.933804256766,0.013101,-0.0102579999999999,0.01704,0.0
1907.0346877406528,0.0131760556851285,-0.010154616258955,0.01704,1800.0
1907.1352402995517,0.0139117121481457,-0.0090973328786286,0.01704,1800.0
1907.2358188460757,0.0146803415180258,-0.0077824900697806,0.01704,1800.0
1907.3354515860965,0.0153217983563451,-0.006413063224095,0.01704,1800.0
1907.4360210727145,0.0158443385511535,-0.0049835166103322,0.01704,1800.0
1907.536552889197,0.0162337277633883,-0.0035336015013843,0.01704,1800.0
1907.6371154616763,0.0164851175398822,-0.002048581611952,0.01704,1800.0
1907.7376465629031,0.0166046424523395,-0.0005383116209429,0.01704,1800.0
1907.8384060691287,0.0165851213695424,0.0009602849931363,0.01704,1800.0
1907.9389681647708,0.0164384792056108,0.0024683517441574,0.01704,1800.0
1908.0348882506778,0.0161820268758983,0.0038401006679782,0.01704,1800.0
1908.135458214133,0.0157595242722198,0.0052958388056526,0.01704,1800.0
1908.2360241244724,0.0151958220948077,0.0067415411881303,0.01704,1800.0
1908.3365583251407,0.0145449545880152,0.0080511613382177,0.01704,1800.0
1908.4371309112003,0.0137452007126719,0.0093316534773694,0.01704,1800.0
1908.5352504084995,0.0128782646918464,0.0104940024783123,0.01704,1800.0
1908.635804874747,0.0118527731226009,0.0116391614843654,0.01704,1800.0
1908.736335260718,0.0107466254620492,0.0126650324651255,0.01704,1800.0
1908.8370547126224,0.0095955778933774,0.0135593770737709,0.01704,1800.0
1908.9375712703159,0.0083390316814511,0.0143691447793574,0.01704,1800.0
1909.0380887816837,0.006961302558909,0.0150908026734604,0.01704,1800.0
1909.1386008094241,0.0055486552219003,0.0156659283585409,0.01704,1800.0
1909.2358648608615,0.0041825019793038,0.0160915530564187,0.01704,1800.0
1909.33640406832,0.0027509203656635,0.0164023339991167,0.01704,1800.0
1909.4369664023807,0.0012508450438902,0.0165771685115503,0.01704,1800.0
1909.5375239680698,-0.0002667431580705,0.0166152612001169,0.01704,1800.0
1909.6380965541293,-0.0017878169146728,0.0165204124001422,0.01704,1800.0
1909.738664610236,-0.0032460658763693,0.0162936587174523,0.01704,1800.0
1909.8392271827151,-0.0047091923770897,0.0159269990074797,0.01704,1800.0
1909.939812643378,-0.0061326871226867,0.0154335602721618,0.01704,1800.0
1910.0403778384616,-0.0075085890362719,0.0148215271197629,0.01704,1800.0
1910.1409332583835,-0.0088495142951471,0.0140592642905063,0.01704,1800.0
1910.2414994071414,-0.01007617678584,0.0132120286321307,0.01704,1800.0
1910.3320102523257,-0.0111180495099629,0.0123697130657552,0.01704,1800.0
1910.4324965308597,-0.0122186519189334,0.0112758571490052,0.01704,1800.0
1910.5330452750613,-0.0132034574383961,0.0101014688106118,0.01704,1800.0
1910.633622391074,-0.0140365384963681,0.0089068181815224,0.01704,1800.0
1910.7341632674625,-0.0147703737299573,0.007611843687131,0.01704,1800.0
1910.8352708648135,-0.0154124353047311,0.0061910864139101,0.01704,1800.0
1910.9358415435245,-0.015908974645869,0.0047983004588307,0.01704,1800.0
1911.036406261771,-0.0162724962065834,0.0033375958485223,0.01704,1800.0
1911.1369705031802,-0.0165093146190111,0.0018253836661668,0.01704,1800.0
1911.237542373984,-0.0166151117776454,0.0003296454157961,0.01704,1800.0
1911.3380794356754,-0.0165734888834905,-0.0012033267958119,0.01704,1800.0
1911.4386017154147,-0.016399535852376,-0.002683993747918,0.01704,1800.0
1911.5364999602725,-0.0161116073852704,-0.0040937121877268,0.01704,1800.0
1911.6372916530063,-0.0156770719773489,-0.0055612810394493,0.01704,1800.0
1911.7378711532047,-0.0151018437859832,-0.0069402624833543,0.01704,1800.0
1911.8384437392642,-0.0144336837630536,-0.0082384517066699,0.01704,1800.0
1911.9389984439304,-0.0135911174220496,-0.0095537381108907,0.01704,1800.0
1912.035388929694,-0.0127181911005954,-0.0106880298404253,0.01704,1800.0
1912.135961754172,-0.0117193755110954,-0.0117731702220315,0.01704,1800.0
1912.2365329097202,-0.0105840389314403,-0.0128038246543549,0.01704,1800.0
1912.3371140788486,-0.009343782226446,-0.0137343163195308,0.01704,1800.0
1912.4376897643497,-0.0080507338443898,-0.0145292056632108,0.01704,1800.0
1912.538251144736,-0.0067337039675095,-0.0151958310238676,0.01704,1800.0
1912.6388351748874,-0.0054005896559529,-0.0157231258220896,0.01704,1800.0
1912.7414097617557,-0.0038705741609434,-0.0161648554523766,0.01704,1800.0
1912.831940395682,-0.0025559342630533,-0.0164282822486109,0.01704,1800.0
1912.9325043986728,-0.0010121322806132,-0.0165946717441641,0.01704,1800.0
1913.0330920051028,0.0004627151090636,-0.016608529214068,0.01704,1800.0
1913.1336552928378,0.001924900086737,-0.016500231281289,0.01704,1800.0
1913.235322458594,0.0034309911665375,-0.0162595682424481,0.01704,1800.0
1913.3358740638187,0.0049206738646874,-0.0158658863967743,0.01704,1800.0
1913.4364604781558,0.0063261117241012,-0.015359784983296,0.01704,1800.0
1913.5370344947269,0.0076824103067861,-0.0147291429412279,0.01704,1800.0
1913.6376082728793,0.0090120515274056,-0.013958451269201,0.01704,1800.0
1913.7381715606143,0.0102140883720316,-0.0131066472267958,0.01704,1800.0
1913.8387515376498,0.011371869098456,-0.0121195016567921,0.01704,1800.0
1913.9398093055179,0.012433596370448,-0.0110479785865914,0.01704,1800.0
1914.0409309695651,0.013069291313693,-0.0102955322849355,0.01704,1800.0
1914.1415653060367,0.013101,-0.0102579999999999,0.01704,1800.0
1914.2320847342899,0.0130619264393906,-0.0102464688928277,0.01704,1800.0
1914.3326601813724,0.0086877775362237,-0.0089460927294302,0.01704,1800.0
1914.4344210456302,0.0015229193924672,-0.006816131475816,0.01704,1800.0
1914.5349876712253,-0.0055427051167336,-0.0047156731474974,0.01704,1800.0
1914.6355521510532,-0.009373389787541,-0.0035768379093467,0.01704,1800.0
1914.7362768481662,-0.009625,-0.0035019999999999,0.01704,1800.0
1914.8368110488345,-0.009635929113636,-0.0034717814678524,0.01704,1800.0
1914.9373800586154,-0.0097423510140739,-0.0030968706179138,0.01704,1800.0
1915.0379175971439,-0.0100849549298449,-0.0016781672805931,0.01704,1800.0
1915.1384951899936,-0.0102336092389378,-0.0002030251444043,0.01704,1800.0
1915.2390801738193,-0.0101331892295065,0.0013334361427043,0.01704,1800.0
1915.3396110366275,-0.0098328509244776,0.0027772716414271,0.01704,1800.0
1915.4401008914401,-0.0092936644418736,0.0042367117558853,0.01704,1800.0
1915.5338604281833,-0.0086391543515617,0.0054369919897833,0.01704,1800.0
1915.6346890757968,-0.0077537131259754,0.0066341463960009,0.01704,1800.0
1915.7352449725558,-0.0066736646335465,0.0077199316140715,0.01704,1800.0
1915.8358065913608,-0.0054715170716529,0.0086165804468463,0.01704,1800.0
1915.9363908599307,-0.0041836483763945,0.0093120852149125,0.01704,1800.0
1916.0369231532504,-0.0027574110542115,0.0098343798684299,0.01704,1800.0
1916.1375007461002,-0.0012436357667861,0.01014452017532,0.01704,1800.0
1916.2380530665805,0.0002799731101087,0.0102297100322756,0.01704,1800.0
1916.339585287421,0.0017578823946343,0.0100800978206864,0.01704,1800.0
1916.4401578734805,0.0032223828980826,0.009708172648744,0.01704,1800.0
1916.5407235454013,0.0045771063502168,0.009136322086374,0.01704,1800.0
1916.641301138251,0.0059045402115096,0.0083345087556627,0.01704,1800.0
1916.7359833548953,0.0069760296124663,0.0074576882896883,0.01704,1800.0
1916.8366792033603,0.0079884287751939,0.0063459941954668,0.01704,1800.0
1916.9372412990024,0.0088470487971057,0.0050844717092468,0.01704,1800.0
1917.0378136466434,0.009495790215848,0.0037436484004372,0.01704,1800.0
1917.138377172797,0.0099417903112352,0.0023248907849353,0.01704,1800.0
1917.2390744517734,0.0101932610282988,0.0008157099493565,0.01704,1800.0
1917.3396298716953,0.0102011793950445,-0.0006343457401101,0.01704,1800.0
1917.4413983653476,0.009997657914404,-0.0021397898612456,0.01704,1800.0
1917.5319099257877,0.0096102381292152,-0.0034635892937118,0.01704,1800.0
1917.6324431727817,0.0089939247692905,-0.0048447414959502,0.01704,1800.0
1917.7330393622806,0.008198597053853,-0.0061032774912011,0.01704,1800.0
1917.8361012767245,0.0071948038843716,-0.0072389304607967,0.01704,1800.0
1917.9366850684573,0.0060429063148471,-0.008225418534518,0.01704,1800.0
1918.037253601401,0.0047551519915682,-0.0090295105732568,0.01704,1800.0
1918.137831671088,0.003373172547864,-0.0096326551042181,0.01704,1800.0
1918.2383804152896,0.0018995207587322,-0.0100266755175728,0.01704,1800.0
1918.3389379809787,0.0003812443175532,-0.0102007028103968,0.01704,1800.0
1918.4395193885257,-0.00109588337285,-0.0101591946494636,0.01704,1800.0
1918.5424375365665,-0.0025671709558371,-0.0098970071233698,0.01704,1800.0
1918.6329343150546,-0.0039004155212519,-0.009457668107807,0.01704,1800.0
1918.7342638801028,-0.005251177413491,-0.0087768171345913,0.01704,1800.0
1918.834832174628,-0.0064380992984663,-0.0079234240488839,0.01704,1800.0
1918.9353947471072,-0.0075153697670793,-0.006911269901098,0.01704,1800.0
1919.0361590217044,-0.0084830968155275,-0.0056732282435212,0.01704,1800.0
1919.136729938834,-0.0092243701140106,-0.0043676839072567,0.01704,1800.0
1919.2373151610782,-0.0095644897649242,-0.0036484588525588,0.01704,1800.0
1919.3378844092776,-0.009625,-0.0035019999999999,0.01704,1800.0
1919.4384643863132,-0.009682052691551,-0.0027338099594181,0.01704,1800.0
1919.5390338729312,-0.0099639867215875,0.0010626647155576,0.01704,1800.0
1919.6396145652225,-0.0104781070587793,0.0079862444767676,0.01704,1800.0
1919.737075073569,-0.010662,0.010463,0.01704,1800.0
1919.8376524280002,-0.0112968543290713,0.009762982028641,0.01704,1800.0
1919.9382319281985,-0.0121682268499521,0.0086133815118855,0.01704,1800.0
1920.0326349566867,-0.0129231211584023,0.0074491825201113,0.01704,1800.0
1920.133202059119,-0.0135919482568609,0.0061265563813948,0.01704,1800.0
1920.2337784598758,-0.0141500680609602,0.0046966565965462,0.01704,1800.0
1920.3343157599857,-0.0145360558069276,0.0033903634721779,0.01704,1800.0
1920.4348797629764,-0.0147492262772961,0.00223646080706,0.01704,1800.0
1920.5354444812228,-0.014894357439559,0.0007800073715465,0.01704,1800.0
1920.636006576865,-0.0149117811863184,-0.0007102515716286,0.01704,1800.0
1920.7379743884494,-0.0147659419630245,-0.0021725061388809,0.01704,1800.0
1920.8385281394412,-0.014577095801481,-0.0032018978178123,0.01704,1800.0
1920.9390976260593,-0.0142062051087665,-0.0045729098376422,0.01704,1800.0
1921.0296022723605,-0.01373782733963,-0.0058026445294062,0.01704,1800.0
1921.1302170585086,-0.0130643329290079,-0.0071831976740804,0.01704,1800.0
1921.230771047919,-0.0122462462724034,-0.008501203555369,0.01704,1800.0
1921.331333143561,-0.0113173626681905,-0.0097049022924214,0.01704,1800.0
1921.4328710864474,-0.0102833563112646,-0.010800707558677,0.01704,1800.0
1921.533443672507,-0.0091537533214889,-0.011769314508939,0.01704,1800.0
1921.6340167354037,-0.0079196374674017,-0.0126395002653203,0.01704,1800.0
1921.7345635722568,-0.0065976384421711,-0.0133814761569711,0.01704,1800.0
1921.8351220916202,-0.0053258008548562,-0.0139446953812709,0.01704,1800.0
1921.9356989692142,-0.0043358353009532,-0.0142876670975627,0.01704,1800.0
1922.0363249610355,-0.0029173660777745,-0.014639331212311,0.01704,1800.0
1922.1368934939792,-0.0018577856548858,-0.0148056621311324,0.01704,1800.0
1922.237453443854,-0.000528096847233,-0.0149036908149282,0.01704,1800.0
1922.3380164931705,0.0009735581941194,-0.014883878357586,0.01704,1800.0
1922.4293169806888,0.0023306841708693,-0.0147249138056504,0.01704,1800.0
1922.5298893283298,0.0038088529479499,-0.014413449325807,0.01704,1800.0
1922.6306266616275,0.0052422267173738,-0.0139624556025445,0.01704,1800.0
1922.7311963866641,0.0065788204091855,-0.0133822662569396,0.01704,1800.0
1922.8326644729068,0.0079091342605747,-0.0126406027941908,0.01704,1800.0
1922.9332194159915,0.009141911437305,-0.0117287599762843,0.01704,1800.0
1923.0337900947025,0.01023948205341,-0.0108644461189429,0.01704,1800.0
1923.1343543361118,0.0111466384895923,-0.0099319703244939,0.01704,1800.0
1923.2349209617068,0.0120537721120346,-0.0087952603345088,0.01704,1800.0
1923.3354813884189,0.0128785033819582,-0.0075306977213456,0.01704,1800.0
1923.4360546897342,0.013574102124684,-0.0061733819686854,0.01704,1800.0
1923.5366346667697,0.0141371341106125,-0.004736598436396,0.01704,1800.0
1923.6372020076205,0.0145390053653403,-0.0032950131611442,0.01704,1800.0
1923.7377755473544,0.0147974675608216,-0.0018426259289264,0.01704,1800.0
1923.8382782767703,0.0149054986334661,-0.0003333724810032,0.01704,1800.0
1923.9388568232944,0.0148891672596129,0.0009847366401525,0.01704,1800.0
1924.0293807815005,0.0148126493348442,0.0018010504202552,0.01704,1800.0
1924.1299502681186,0.01464670955764,0.0028810183701997,0.01704,1800.0
1924.2307128737857,0.0143113868991074,0.0042667504583925,0.01704,1800.0
1924.3312711547305,0.0137823630795098,0.0057274445457527,0.01704,1800.0
1924.4318306277682,0.0131255643530515,0.0071011558875337,0.01704,1800.0
1924.5324215720584,0.0123570117605741,0.0083456614822413,0.01704,1800.0
1924.6331724952151,0.0114633604899768,0.0095390837110664,0.01704,1800.0
1924.733670694678,0.0104367486852508,0.010638121517272,0.01704,1800.0
1924.8341927359988,0.0093083491931638,0.0116472646408309,0.01704,1800.0
1924.9347615073611,0.0080757424698365,0.0125326441687167,0.01704,1800.0
1925.0353262256076,0.0067596643763792,0.0132907209397684,0.01704,1800.0
1925.135876877158,0.0053589487549978,0.013924906443253,0.01704,1800.0
1925.2364485095432,0.0039089064790598,0.0143945741360506,0.01704,1800.0
1925.3370301555087,0.0024635688162774,0.0147236780732284,0.01704,1800.0
1925.4376015494754,0.0010317076973859,0.0148941902973633,0.01704,1800.0
1925.538131697028,-0.0005181018626711,0.0149167168674862,0.01704,1800.0
1925.6386947463443,-0.0017752262026157,0.0148250083034391,0.01704,1800.0
1925.7292089293887,-0.0028901551432835,0.0146329779232244,0.01704,1800.0
1925.8297736476352,-0.0042184647251411,0.0143014904769382,0.01704,1800.0
1925.930369837134,-0.0053331885214991,0.0139352362832173,0.01704,1800.0
1926.0336270163943,-0.0064950059430224,0.0134172953537731,0.01704,1800.0
1926.1342081855228,-0.0078298334865507,0.0126869572042865,0.01704,1800.0
1926.2347805331638,-0.0090881751151632,0.0118243565790447,0.01704,1800.0
1926.335361225455,-0.0100927696461232,0.0110025320427638,0.01704,1800.0
1926.4359490703036,-0.0106619999999999,0.010463,0.01704,1800.0
1926.5365216563632,-0.0106627862664178,0.0104422349880962,0.01704,1800.0
1926.6370534728458,-0.0106700244531236,0.0102510770934098,0.01704,1800.0
1926.7376224826266,-0.0109203122385226,0.0036055730280975,0.01704,1800.0
1926.8381857703616,-0.0111669487412878,-0.0029442151805965,0.01704,1800.0
1926.9387528727939,-0.0112088616567785,-0.0040586638904226,0.01704,1800.0
1927.0292622874667,-0.0112109999999999,-0.004116,0.01704,1800.0
1927.1298177073886,-0.0113189351746654,-0.0037805102313674,0.01704,1800.0
1927.2304038833072,-0.0115751770194067,-0.0027833951219113,0.01704,1800.0
1927.3361949752261,-0.0118453108658529,-0.0012533735645129,0.01704,1800.0
1927.4336945842197,-0.0119157407146772,0.000169770532496,0.01704,1800.0
1927.5342035125186,-0.011807312896824,0.0016811375310419,0.01704,1800.0
1927.6347796748569,-0.0115092425860851,0.0031388999574754,0.01704,1800.0
1927.7353458236148,-0.0110230339567214,0.0045613975140968,0.01704,1800.0
1927.835879547446,-0.0103492023659079,0.0059332920331792,0.01704,1800.0
1927.9364216159274,-0.0095532018121048,0.0072272905824417,0.01704,1800.0
1928.0369667838504,-0.0085106502446701,0.0083610153044047,0.01704,1800.0
1928.137518389075,-0.007407257385942,0.0093309157316086,0.01704,1800.0
1928.238075477927,-0.0061702024654134,0.0101822659958284,0.01704,1800.0
1928.3386344741275,-0.0048498218920863,0.0108797102366718,0.01704,1800.0
1928.429115755408,-0.0035842757388445,0.0113621876237143,0.01704,1800.0
1928.5296616385867,-0.0021029087392665,0.0117314041515957,0.01704,1800.0
1928.6301452945163,-0.0006419256416699,0.0119024680287828,0.01704,1800.0
1928.7351395915439,0.0009135669060811,0.0118815663012714,0.01704,1800.0
1928.8357233832767,0.0024661770077609,0.0116693670050118,0.01704,1800.0
1928.9362885783603,0.0038553567016519,0.0113005782361878,0.01704,1800.0
1929.0368506740024,0.0052631319640667,0.0107001884719149,0.01704,1800.0
1929.1374416182925,0.0065505946393456,0.0099579183860082,0.01704,1800.0
1929.238009674399,0.0077531073764671,0.0090481105269946,0.01704,1800.0
1929.333484632819,0.0087904580800667,0.0080363826797799,0.01704,1800.0
1929.4340624640872,0.0097277715683194,0.0068743853652775,0.01704,1800.0
1929.5347325633456,0.0105282553993428,0.0055673280594371,0.01704,1800.0
1929.6353130172183,0.011148266167152,0.0041907305520908,0.01704,1800.0
1929.7358715365817,0.0115725045519458,0.0028104602254621,0.01704,1800.0
1929.8364519904544,0.0118464723267153,0.0013116554666242,0.01704,1800.0
1929.9370355437686,0.0119317057420167,-0.0002242194166492,0.01704,1800.0
1930.0375993083408,0.0118108855992473,-0.0016826827868539,0.01704,1800.0
1930.13816021189,0.0114902730131931,-0.0031900762930511,0.01704,1800.0
1930.238725168555,0.0109935417141202,-0.0046217492791758,0.01704,1800.0
1930.329232199042,0.0103908219536468,-0.0058438746341454,0.01704,1800.0
1930.429720146506,0.0095755930750529,-0.0070785528623009,0.01704,1800.0
1930.5302858184268,0.0086082542801657,-0.0082253480601096,0.01704,1800.0
1930.6309299300601,0.0075110454555746,-0.0092444818173542,0.01704,1800.0
1930.7335882018497,0.0062505667963619,-0.0101332082464231,0.01704,1800.0
1930.8341588805606,0.0049165152631948,-0.0108538673163743,0.01704,1800.0
1930.9347269366672,0.0035286424253187,-0.0113779411332347,0.01704,1800.0
1931.0352983306339,0.0020227971415563,-0.0117478216664936,0.01704,1800.0
1931.1358215640475,0.0005522580125622,-0.0119084449324243,0.01704,1800.0
1931.2363538573672,-0.0009290500620375,-0.0118887784298722,0.01704,1800.0
1931.3373856376102,-0.002480984240827,-0.0116777767131871,0.01704,1800.0
1931.4379553626468,-0.0039015597882169,-0.0112766932853484,0.01704,1800.0
1931.5385391543796,-0.0053157942258821,-0.0106665710988589,0.01704,1800.0
1931.639105064719,-0.0066198323296162,-0.009900838872214,0.01704,1800.0
1931.7295994590213,-0.0076706801884675,-0.0091122363779019,0.01704,1800.0
1931.830113632529,-0.0087376464544133,-0.0081026480608419,0.01704,1800.0
1931.9309170077731,-0.0096939732576799,-0.006926329736148,0.01704,1800.0
1932.0314776729037,-0.0104901504631694,-0.0056429194918729,0.01704,1800.0
1932.1341974566867,-0.0110476077811816,-0.0045112666896871,0.01704,1800.0
1932.234776956885,-0.0112109999999999,-0.004116,0.01704,1800.0
1932.3353075812747,-0.0112109999999999,-0.004116,0.01704,0.0
