4561.499116659164,0.006510000000000002,0.01581100000000002,0.01349,1800.0
4561.599113702774,0.005990900000000007,0.016005099999999994,0.01349,1800.0
4561.699202775955,0.0045076000000000005,0.01648510000000003,0.01349,1800.0
4561.799172401428,0.0028699999999999976,0.016856099999999985,0.01349,1800.0
4561.899162530899,0.0012019000000000057,0.017048900000000033,0.01349,1800.0
4561.999146461487,-0.0003566999999999876,0.01708480000000001,0.01349,1800.0
4562.099803447723,-0.0003566999999999876,0.01708480000000001,0.01349,1800.0
4562.199258089066,-0.002032100000000009,0.016974299999999998,0.01349,1800.0
4562.299426078796,-0.003686899999999993,0.01669029999999999,0.01349,1800.0
4562.399245738983,-0.005191299999999996,0.016281000000000045,0.01349,1800.0
4562.499134302139,-0.006765400000000005,0.015696700000000008,0.01349,1800.0
4562.599091529846,-0.00827449999999999,0.014960600000000046,0.01349,1800.0
4562.6990785598755,-0.009698600000000002,0.014071100000000059,0.01349,1800.0
4562.799049377441,-0.0109408,0.013129100000000005,0.01349,1800.0
4562.899204969406,-0.01218119999999999,0.011997399999999991,0.01349,1800.0
4562.9991590976715,-0.013294199999999992,0.01074010000000003,0.01349,1800.0
4563.099139690399,-0.013834800000000008,0.01004830000000001,0.01349,1800.0
4563.199238777161,-0.014687400000000003,0.00873999999999997,0.01349,1800.0
4563.299166202545,-0.014687400000000003,0.00873999999999997,0.01349,1800.0
4563.399201154709,-0.015471100000000002,0.007255200000000017,0.01349,1800.0
4563.499047994614,-0.016072299999999998,0.005816700000000008,0.01349,1800.0
4563.59911942482,-0.016567299999999993,0.0042124000000000605,0.01349,1800.0
4563.699133634567,-0.01689389999999999,0.0025654999999999983,0.01349,1800.0
4563.799139261246,-0.017059699999999997,0.0010152999999999968,0.01349,1800.0
4563.899422883987,-0.017086000000000004,-0.0006634999999999835,0.01349,1800.0
4563.999164104462,-0.016945699999999994,-0.0022164999999999546,0.01349,1800.0
4564.09921503067,-0.01664489999999999,-0.003868299999999991,0.01349,1800.0
4564.199145078659,-0.016192200000000004,-0.0054851000000000205,0.01349,1800.0
4564.2991716861725,-0.0156226,-0.0069365999999999595,0.01349,1800.0
4564.3991441726685,-0.0156226,-0.0069365999999999595,0.01349,1800.0
4564.4991574287415,-0.014802799999999991,-0.008537799999999984,0.01349,1800.0
4564.599078178406,-0.013970400000000008,-0.009849599999999958,0.01349,1800.0
4564.699142694473,-0.013510899999999992,-0.01046389999999997,0.01349,1800.0
4564.799277305603,-0.012419799999999995,-0.01173989999999997,0.01349,1800.0
4564.899172782898,-0.011213,-0.012907399999999958,0.01349,1800.0
4564.999237537384,-0.009986499999999995,-0.0138702,0.01349,1800.0
4565.0991859436035,-0.0085765,-0.014781699999999953,0.01349,1800.0
4565.199092626572,-0.007088799999999992,-0.015560199999999969,0.01349,1800.0
4565.299175977707,-0.005525300000000011,-0.016172699999999984,0.01349,1800.0
4565.3990886211395,-0.004027899999999987,-0.016606799999999977,0.01349,1800.0
4565.599207401276,-0.0008277000000000007,-0.01707639999999999,0.01349,1800.0
4565.699227333069,-0.0008277000000000007,-0.01707639999999999,0.01349,1800.0
4565.799093723297,0.0008514000000000022,-0.017068399999999984,0.01349,1800.0
4565.899136304855,0.002522399999999994,-0.016905400000000015,0.01349,1800.0
4565.999173879623,0.004053899999999999,-0.0166115,0.01349,1800.0
4566.099239110947,0.005661300000000008,-0.016126099999999977,0.01349,1800.0
4566.1991810798645,0.0072157000000000054,-0.015491499999999991,0.01349,1800.0
4566.299211502075,0.008600400000000008,-0.014774699999999974,0.01349,1800.0
4566.399183034897,0.010006899999999999,-0.013857699999999973,0.01349,1800.0
4566.499032497406,0.011315499999999992,-0.012805799999999978,0.01349,1800.0
4566.599298238754,0.012521500000000005,-0.011637699999999973,0.01349,1800.0
4566.699089288712,0.013530899999999998,-0.010449199999999992,0.01349,1800.0
4566.799451828003,0.013530899999999998,-0.010449199999999992,0.01349,1800.0
4566.8991758823395,0.014484400000000008,-0.009067099999999995,0.01349,1800.0
4566.999154806137,0.01530680000000001,-0.007603399999999982,0.01349,1800.0
4567.09915804863,0.015878300000000012,-0.006329699999999938,0.01349,1800.0
4567.199071645737,0.016250100000000003,-0.005293400000000004,0.01349,1800.0
4567.299069881439,0.016696500000000003,-0.003674799999999978,0.01349,1800.0
4567.399131298065,0.016955800000000007,-0.0021373000000000086,0.01349,1800.0
4567.499147415161,0.017082100000000003,-0.00046319999999999695,0.01349,1800.0
4567.599204778671,0.0170584,0.0010958000000000356,0.01349,1800.0
4567.699115753174,0.016845200000000005,0.002881699999999987,0.01349,1800.0
4567.7991762161255,0.0165101,0.004404200000000025,0.01349,1800.0
4567.899173736572,0.0160439,0.005889599999999995,0.01349,1800.0
4567.999274015427,0.0160439,0.005889599999999995,0.01349,1800.0
4568.099191904068,0.01569240000000001,0.006762000000000046,0.01349,1800.0
4568.1991810798645,0.014958100000000002,0.008271899999999999,0.01349,1800.0
4568.299196481705,0.0140744,0.009699400000000025,0.01349,1800.0
4568.399135828018,0.013129500000000002,0.010939499999999991,0.01349,1800.0
4568.499136209488,0.011993299999999998,0.012175500000000061,0.01349,1800.0
4568.59921002388,0.010745900000000003,0.01329950000000002,0.01349,1800.0
4568.699170351028,0.009485099999999996,0.014217099999999983,0.01349,1800.0
4568.799106121063,0.0080437,0.015077900000000033,0.01349,1800.0
4568.899268388748,0.006608600000000006,0.01576630000000001,0.01349,1800.0
4568.999151945114,0.006510000000000002,0.01581100000000002,0.01349,1800.0
4569.099111318588,0.006510000000000002,0.01581100000000002,0.01349,1800.0
4569.199166536331,0.006510000000000002,0.01581100000000002,0.01349,0.0
4569.299220323563,0.0034908000000000022,0.011867400000000028,0.01349,0.0
4569.699167966843,-0.008827999999999989,-0.004222999999999977,0.01349,0.0
4569.79918551445,-0.008841500000000002,-0.004190599999999989,0.01349,1800.0
4569.8991355896,-0.009330599999999994,-0.002913499999999958,0.01349,1800.0
4569.999254226685,-0.009695599999999999,-0.0012761000000000022,0.01349,1800.0
4570.099169015884,-0.0097661,0.0003995000000000526,0.01349,1800.0
4570.199197769165,-0.009582699999999986,0.002065000000000039,0.01349,1800.0
4570.299154043198,-0.009582699999999986,0.002065000000000039,0.01349,1800.0
4570.399167299271,-0.009104699999999993,0.0035539000000000542,0.01349,1800.0
4570.499151229858,-0.008367700000000006,0.005060800000000032,0.01349,1800.0
4570.599207639694,-0.007375499999999993,0.006412299999999982,0.01349,1800.0
4570.699153423309,-0.006265899999999991,0.007505800000000007,0.01349,1800.0
4570.79915189743,-0.004889199999999996,0.008463100000000057,0.01349,1800.0
4570.8991503715515,-0.003373100000000004,0.009181500000000009,0.01349,1800.0
4570.9991817474365,-0.0017527999999999988,0.009614900000000037,0.01349,1800.0
4571.099200248718,-0.00020330000000000348,0.009776400000000018,0.01349,1800.0
4571.19913649559,0.0014697000000000043,0.009662100000000007,0.01349,1800.0
4571.299175739288,0.002986600000000006,0.009308299999999992,0.01349,1800.0
4571.399159669876,0.0045328000000000035,0.008660500000000015,0.01349,1800.0
4571.499126672745,0.0045328000000000035,0.008660500000000015,0.01349,1800.0
4571.599135160446,0.005949200000000002,0.0077613000000000265,0.01349,1800.0
4571.699105262756,0.007104400000000011,0.006716400000000011,0.01349,1800.0
4571.799092054367,0.00814920000000001,0.005403800000000014,0.01349,1800.0
4571.899493455887,0.008949499999999999,0.003930000000000045,0.01349,1800.0
4571.999081611633,0.009460700000000002,0.002458600000000033,0.01349,1800.0
4572.099064826965,0.009741700000000006,0.0008058999999999705,0.01349,1800.0
4572.199098825455,0.009737700000000002,-0.0008714999999999695,0.01349,1800.0
4572.29923582077,0.009475700000000004,-0.002406499999999978,0.01349,1800.0
4572.399278640747,0.008924299999999996,-0.003990699999999958,0.01349,1800.0
4572.499118566513,0.008111200000000013,-0.005457399999999946,0.01349,1800.0
4572.599147558212,0.008111200000000013,-0.005457399999999946,0.01349,1800.0
4572.699169158936,0.0071407,-0.006676000000000015,0.01349,1800.0
4572.799172639847,0.005895600000000001,-0.0077992999999999535,0.01349,1800.0
4572.899349927902,0.004475400000000004,-0.008692399999999989,0.01349,1800.0
4572.99907875061,0.0029235999999999984,-0.009326600000000018,0.01349,1800.0
4573.099300146103,0.0014050000000000035,-0.009673299999999996,0.01349,1800.0
4573.199164390564,-0.0002688999999999886,-0.00977279999999997,0.01349,1800.0
4573.299171447754,-0.0019358000000000014,-0.009583899999999979,0.01349,1800.0
4573.399272441864,-0.003433699999999998,-0.009156499999999956,0.01349,1800.0
4573.499125242233,-0.0048416000000000015,-0.008489599999999986,0.01349,1800.0
4573.599120616913,-0.006225399999999992,-0.007542199999999999,0.01349,1800.0
4573.69903922081,-0.007419199999999987,-0.006363500000000022,0.01349,1800.0
4573.799205064774,-0.007419199999999987,-0.006363500000000022,0.01349,1800.0
4573.8991158008575,-0.00839949999999999,-0.005003499999999994,0.01349,1800.0
4573.999149084091,-0.008827999999999989,-0.004222999999999977,0.01349,1800.0
4574.099141597748,-0.008827999999999989,-0.004222999999999977,0.01349,1800.0
4574.1990575790405,-0.009623799999999988,-0.005293499999999951,0.01349,0.0
4574.299137592316,-0.012437000000000004,-0.009077999999999975,0.01349,0.0
4574.399178743362,-0.012437000000000004,-0.009077999999999975,0.01349,0.0
4574.499095916748,-0.012437000000000004,-0.009077999999999975,0.01349,1800.0
4574.599112510681,-0.01208780000000001,-0.009523400000000015,0.01349,1800.0
4574.699292182922,-0.0115209,-0.010203699999999982,0.01349,1800.0
4574.799139499664,-0.010349899999999995,-0.011391700000000005,0.01349,1800.0
4574.8991594314575,-0.009048399999999998,-0.012451800000000013,0.01349,1800.0
4574.999182224274,-0.009048399999999998,-0.012451800000000013,0.01349,1800.0
4575.099371671677,-0.0077406,-0.01330039999999999,0.01349,1800.0
4575.19913649559,-0.006249500000000005,-0.014071799999999968,0.01349,1800.0
4575.29919219017,-0.0046771000000000035,-0.01466029999999996,0.01349,1800.0
4575.399153470993,-0.0031716999999999995,-0.015066299999999977,0.01349,1800.0
4575.499212265015,-0.001511399999999996,-0.015314800000000017,0.01349,1800.0
4575.599153518677,4.570000000000962e-05,-0.015391899999999958,0.01349,1800.0
4575.699161529541,0.0017215000000000008,-0.0152949,0.01349,1800.0
4575.799145698547,0.003377000000000005,-0.015015599999999962,0.01349,1800.0
4575.899188756943,0.004992699999999989,-0.014560599999999979,0.01349,1800.0
4575.999190568924,0.006438200000000005,-0.013976699999999953,0.01349,1800.0
4576.09907579422,0.006438200000000005,-0.013976699999999953,0.01349,1800.0
4576.1990513801575,0.007926600000000006,-0.013200099999999992,0.01349,1800.0
4576.299054384232,0.009312400000000012,-0.012252199999999991,0.01349,1800.0
4576.399171113968,0.010508400000000001,-0.011251999999999984,0.01349,1800.0
4576.499189376831,0.011666200000000002,-0.010036299999999998,0.01349,1800.0
4576.599154472351,0.012693400000000007,-0.008708299999999947,0.01349,1800.0
4576.699185371399,0.013507100000000008,-0.007378599999999957,0.01349,1800.0
4576.799073219299,0.013948100000000005,-0.006513999999999964,0.01349,1800.0
4576.899129152298,0.014539200000000002,-0.0050382999999999956,0.01349,1800.0
4576.999215126038,0.014979999999999993,-0.0035429000000000155,0.01349,1800.0
4577.099056005478,0.015272500000000008,-0.0018900000000000028,0.01349,1800.0
4577.1990666389465,0.015359000000000012,-0.0010344999999999938,0.01349,1800.0
4577.2991189956665,0.015359000000000012,-0.0010344999999999938,0.01349,1800.0
4577.399195194244,0.015371900000000008,0.0006912000000000029,0.01349,1800.0
4577.499147891998,0.015233200000000002,0.0022441000000000266,0.01349,1800.0
4577.599111557007,0.014888600000000002,0.0038873999999999853,0.01349,1800.0
4577.699172973633,0.014422599999999994,0.005375000000000019,0.01349,1800.0
4577.799209594727,0.0139098,0.00660299999999997,0.01349,1800.0
4577.899169683456,0.013398400000000005,0.007586599999999999,0.01349,1800.0
4577.999391794205,0.012485399999999994,0.008995500000000045,0.01349,1800.0
4578.099250555038,0.011437099999999992,0.010306900000000008,0.01349,1800.0
4578.199314832687,0.010241899999999998,0.011485899999999993,0.01349,1800.0
4578.299085855484,0.009029300000000004,0.012465800000000027,0.01349,1800.0
4578.399140834808,0.007722699999999999,0.013316100000000053,0.01349,1800.0
4578.499139547348,0.007722699999999999,0.013316100000000053,0.01349,1800.0
4578.599163532257,0.006115000000000009,0.014123000000000052,0.01349,1800.0
4578.699158668518,0.004657000000000008,0.014674600000000038,0.01349,1800.0
4578.799163818359,0.0030294999999999905,0.015087200000000023,0.01349,1800.0
4578.899078130722,0.0013693000000000038,0.015337000000000045,0.01349,1800.0
4578.999129533768,-0.00018899999999999473,0.015387399999999996,0.01349,1800.0
4579.099177122116,-0.001864599999999994,0.015282200000000024,0.01349,1800.0
4579.199157238007,-0.0035163,0.014981700000000042,0.01349,1800.0
4579.299156904221,-0.005128599999999997,0.014513600000000015,0.01349,1800.0
4579.399133205414,-0.006569599999999995,0.013919100000000018,0.01349,1800.0
4579.499047279358,-0.008045700000000003,0.0131193,0.01349,1800.0
4579.599091291428,-0.009335699999999988,0.012243800000000027,0.01349,1800.0
4579.699049711227,-0.009335699999999988,0.012243800000000027,0.01349,1800.0
4579.799194812775,-0.0106078,0.01114810000000005,0.01349,1800.0
4579.89914894104,-0.0116734,0.010036800000000012,0.01349,1800.0
4579.9990820884705,-0.012233899999999992,0.009337099999999987,0.01349,1800.0
4580.09904551506,-0.013180399999999995,0.00795079999999998,0.01349,1800.0
4580.199044704437,-0.013912599999999997,0.00657439999999998,0.01349,1800.0
4580.299045801163,-0.014555299999999993,0.005023300000000064,0.01349,1800.0
4580.399190664291,-0.01500689999999999,0.0034063000000000287,0.01349,1800.0
4580.499137639999,-0.0152693,0.0019294000000000255,0.01349,1800.0
4580.599204778671,-0.015367699999999998,0.0008468000000000364,0.01349,1800.0
4580.699361085892,-0.0153779,-0.0007119999999999904,0.01349,1800.0
4580.7990465164185,-0.0153779,-0.0007119999999999904,0.01349,1800.0
4580.899142980576,-0.015287700000000001,-0.001805100000000004,0.01349,1800.0
4580.999199390411,-0.015035900000000005,-0.0032779000000000003,0.01349,1800.0
4581.099140405655,-0.014628799999999997,-0.004782699999999973,0.01349,1800.0
4581.1990485191345,-0.014020699999999997,-0.006347199999999997,0.01349,1800.0
4581.299139261246,-0.013245599999999996,-0.007836399999999966,0.01349,1800.0
4581.399198770523,-0.0124745,-0.009027900000000033,0.01349,1800.0
4581.499122142792,-0.012437000000000004,-0.009077999999999975,0.01349,1800.0
4581.599145412445,-0.012437000000000004,-0.009077999999999975,0.01349,0.0
4581.699186563492,-0.010386300000000001,-0.004988500000000007,0.01349,0.0
4581.8995904922485,-0.010366999999999987,-0.00495000000000001,0.01349,0.0
4581.999181985855,-0.010366999999999987,-0.00495000000000001,0.01349,1800.0
4582.099201202393,-0.010674299999999998,-0.004206999999999961,0.01349,1800.0
4582.199196338654,-0.011152899999999993,-0.002724100000000007,0.01349,1800.0
4582.299090385437,-0.011430699999999988,-0.0010690999999999895,0.01349,1800.0
4582.399135828018,-0.011456899999999992,0.0006087000000000176,0.01349,1800.0
4582.499118804932,-0.011251300000000006,0.0022740000000000538,0.01349,1800.0
4582.599041461945,-0.010846099999999997,0.003779100000000035,0.01349,1800.0
4582.699149847031,-0.010170499999999999,0.005315300000000023,0.01349,1800.0
4582.7992374897,-0.009284100000000003,0.0067394000000000065,0.01349,1800.0
4582.899160385132,-0.008209099999999997,0.008027300000000015,0.01349,1800.0
4582.999260663986,-0.00704719999999999,0.009066299999999972,0.01349,1800.0
4583.099217176437,-0.005749900000000002,0.009929899999999992,0.01349,1800.0
4583.1991419792175,-0.005749900000000002,0.009929899999999992,0.01349,1800.0
4583.299058198929,-0.0042402999999999885,0.01066220000000001,0.01349,1800.0
4583.399138450623,-0.0026429000000000036,0.011176500000000034,0.01349,1800.0
4583.499161720276,-0.0009846000000000021,0.011435700000000049,0.01349,1800.0
4583.5992476940155,0.0006932000000000049,0.011451700000000009,0.01349,1800.0
4583.699127435684,0.00223870000000001,0.011255100000000018,0.01349,1800.0
4583.799309968948,0.0038587999999999956,0.010818300000000003,0.01349,1800.0
4583.899054765701,0.005388900000000002,0.01012940000000001,0.01349,1800.0
4583.999222040176,0.006710800000000003,0.00930510000000001,0.01349,1800.0
4584.099223613739,0.008003200000000002,0.008234800000000042,0.01349,1800.0
4584.199109792709,0.009116800000000008,0.006978800000000007,0.01349,1800.0
4584.29913520813,0.009116800000000008,0.006978800000000007,0.01349,1800.0
4584.399209499359,0.009971500000000008,0.005675800000000009,0.01349,1800.0
4584.499258995056,0.010693800000000003,0.00416150000000004,0.01349,1800.0
4584.599208116531,0.011195400000000008,0.0025601000000000096,0.01349,1800.0
4584.699291944504,0.011432499999999998,0.001019900000000018,0.01349,1800.0
4584.799268007278,0.011452599999999993,-0.0006509999999999572,0.01349,1800.0
4584.899160146713,0.011373500000000009,-0.00154979999999999,0.01349,1800.0
4584.999131202698,0.011052199999999998,-0.003074399999999977,0.01349,1800.0
4585.099142074585,0.010489299999999993,-0.004654700000000012,0.01349,1800.0
4585.199085950851,0.009705199999999997,-0.006138499999999991,0.01349,1800.0
4585.299157857895,0.008780200000000002,-0.00739289999999998,0.01349,1800.0
4585.3990433216095,0.007604899999999998,-0.008590399999999998,0.01349,1800.0
4585.499176740646,0.007604899999999998,-0.008590399999999998,0.01349,1800.0
4585.599125146866,0.0062752999999999975,-0.009614099999999959,0.01349,1800.0
4585.699206352234,0.004917300000000013,-0.010378900000000024,0.01349,1800.0
4585.79905796051,0.0033482999999999985,-0.010973299999999964,0.01349,1800.0
4585.8991522789,0.0017125000000000057,-0.011345600000000011,0.01349,1800.0
4585.999199390411,0.00016009999999999636,-0.011480499999999949,0.01349,1800.0
4586.09910774231,-0.0015150999999999915,-0.011380199999999951,0.01349,1800.0
4586.199127912521,-0.003156299999999987,-0.011030399999999996,0.01349,1800.0
4586.299201488495,-0.004733500000000002,-0.010457700000000014,0.01349,1800.0
4586.399104595184,-0.006108600000000006,-0.009723899999999952,0.01349,1800.0
4586.4990611076355,-0.0073659999999999975,-0.008802900000000002,0.01349,1800.0
4586.599130392075,-0.008566699999999997,-0.007630999999999999,0.01349,1800.0
4586.699135065079,-0.008566699999999997,-0.007630999999999999,0.01349,1800.0
4586.799061536789,-0.009592699999999996,-0.0063037999999999705,0.01349,1800.0
4586.899190664291,-0.010344900000000004,-0.004991599999999985,0.01349,1800.0
4586.999146699905,-0.010366999999999987,-0.00495000000000001,0.01349,1800.0
4587.099153518677,-0.010366999999999987,-0.00495000000000001,0.01349,0.0
4587.199193716049,-0.004544199999999998,-0.005666300000000013,0.01349,0.0
4587.699143648148,0.011613200000000004,-0.007245999999999975,0.01349,0.0
4587.799223661423,0.011613200000000004,-0.007245999999999975,0.01349,1800.0
4587.899145126343,0.012415800000000005,-0.0057718999999999965,0.01349,1800.0
4587.9991290569305,0.013027499999999997,-0.004208500000000004,0.01349,1800.0
4588.099082946777,0.013354599999999994,-0.003042299999999998,0.01349,1800.0
4588.199095249176,0.013568999999999998,-0.001826699999999959,0.01349,1800.0
4588.299159526825,0.013691300000000003,-0.00015219999999993572,0.01349,1800.0
4588.3990750312805,0.013615199999999994,0.001404599999999978,0.01349,1800.0
4588.499058485031,0.013349399999999997,0.003062100000000012,0.01349,1800.0
4588.599135160446,0.012906200000000007,0.004556799999999972,0.01349,1800.0
4588.699175357819,0.012254899999999999,0.006103599999999987,0.01349,1800.0
4588.799110174179,0.011418800000000007,0.0075596,0.01349,1800.0
4588.899156332016,0.01040350000000001,0.00889620000000002,0.01349,1800.0
4588.999156713486,0.01040350000000001,0.00889620000000002,0.01349,1800.0
4589.099199056625,0.009328900000000001,0.010025400000000018,0.01349,1800.0
4589.199107646942,0.008030099999999998,0.011089200000000021,0.01349,1800.0
4589.299104452133,0.0066112000000000115,0.011985300000000032,0.01349,1800.0
4589.399212837219,0.005208900000000002,0.012666599999999972,0.01349,1800.0
4589.499168872833,0.003618200000000002,0.01320300000000002,0.01349,1800.0
4589.599199295044,0.001975699999999997,0.013547600000000048,0.01349,1800.0
4589.69914150238,0.0004230999999999957,0.013687600000000022,0.01349,1800.0
4589.799200296402,-0.0011348999999999942,0.01364209999999999,0.01349,1800.0
4589.899116754532,-0.0027971999999999997,0.013379100000000033,0.01349,1800.0
4589.999112606049,-0.004414699999999994,0.01295780000000002,0.01349,1800.0
4590.099125385284,-0.004414699999999994,0.01295780000000002,0.01349,1800.0
4590.199210643768,-0.0059666000000000025,0.012319699999999989,0.01349,1800.0
4590.299132823944,-0.007354699999999992,0.011553200000000041,0.01349,1800.0
4590.39922952652,-0.008492,0.010738000000000025,0.01349,1800.0
4590.499224662781,-0.009746400000000002,0.009622300000000028,0.01349,1800.0
4590.599167108536,-0.0108452,0.008353100000000002,0.01349,1800.0
4590.699110984802,-0.011786199999999997,0.006963500000000011,0.01349,1800.0
4590.799237251282,-0.012503799999999995,0.005579600000000018,0.01349,1800.0
4590.899198293686,-0.013052999999999995,0.004121000000000041,0.01349,1800.0
4590.999084949493,-0.013466199999999998,0.0024939999999999962,0.01349,1800.0
4591.099070072174,-0.013664700000000002,0.0008269000000000193,0.01349,1800.0
4591.199072360992,-0.013671799999999998,-0.0007317000000000018,0.01349,1800.0
4591.299054145813,-0.013671799999999998,-0.0007317000000000018,0.01349,1800.0
4591.399086236954,-0.013480199999999998,-0.0023996000000000017,0.01349,1800.0
4591.499080657959,-0.013080999999999995,-0.004029700000000025,0.01349,1800.0
4591.599147558212,-0.012493299999999999,-0.005601699999999932,0.01349,1800.0
4591.699421644211,-0.011714699999999995,-0.007089100000000015,0.01349,1800.0
4591.799188613892,-0.010830099999999995,-0.008372400000000002,0.01349,1800.0
4591.899283885956,-0.009812699999999994,-0.009553599999999995,0.01349,1800.0
4591.999239206314,-0.008566099999999993,-0.010677800000000015,0.01349,1800.0
4592.099097490311,-0.007195900000000005,-0.011646699999999954,0.01349,1800.0
4592.19918346405,-0.005719000000000002,-0.01244519999999999,0.01349,1800.0
4592.299060344696,-0.004265000000000005,-0.013006600000000035,0.01349,1800.0
4592.3990483284,-0.002642500000000006,-0.013436599999999965,0.01349,1800.0
4592.499062299728,-0.002642500000000006,-0.013436599999999965,0.01349,1800.0
4592.599150657654,-0.0009780999999999956,-0.013656599999999963,0.01349,1800.0
4592.699090242386,0.0005803000000000058,-0.013678899999999938,0.01349,1800.0
4592.799138069153,0.0022509,-0.013511799999999963,0.01349,1800.0
4592.899116516113,0.0038851000000000024,-0.013127200000000006,0.01349,1800.0
4592.999141693115,0.005352399999999993,-0.012601899999999944,0.01349,1800.0
4593.099150896072,0.006855,-0.011852999999999947,0.01349,1800.0
4593.199074268341,0.008251500000000009,-0.01092209999999999,0.01349,1800.0
4593.299059152603,0.009528200000000014,-0.009832700000000028,0.01349,1800.0
4593.399226427078,0.010582900000000006,-0.00868469999999999,0.01349,1800.0
4593.499172210693,0.011378399999999997,-0.007625800000000016,0.01349,1800.0
4593.599291563034,0.011378399999999997,-0.007625800000000016,0.01349,1800.0
4593.699206352234,0.011379,-0.007624999999999937,0.01349,1800.0
4593.799099206924,0.011325799999999997,-0.007620599999999977,0.01349,0.0
4593.899144887924,0.004299299999999992,-0.007032499999999997,0.01349,0.0
4594.199127435684,-0.011907000000000001,-0.005676000000000014,0.01349,0.0
4594.299165248871,-0.011907000000000001,-0.005676000000000014,0.01349,1800.0
4594.399308681488,-0.012076500000000004,-0.005265599999999981,0.01349,1800.0
4594.499066352844,-0.012645900000000002,-0.0036874000000000073,0.01349,1800.0
4594.599194526672,-0.01299270000000001,-0.002168499999999962,0.01349,1800.0
4594.699133872986,-0.013165899999999994,-0.0004993999999999832,0.01349,1800.0
4594.799161672592,-0.013165899999999994,-0.0004993999999999832,0.01349,1800.0
4594.899123907089,-0.013127299999999995,0.0011785999999999741,0.01349,1800.0
4594.999228000641,-0.012878699999999993,0.0028390999999999833,0.01349,1800.0
4595.099195480347,-0.012408699999999995,0.004450999999999983,0.01349,1800.0
4595.1990604400635,-0.011795700000000006,0.005884400000000012,0.01349,1800.0
4595.299164056778,-0.010947700000000005,0.007332400000000017,0.01349,1800.0
4595.399155855179,-0.010005,0.008572799999999992,0.01349,1800.0
4595.499110221863,-0.0088318,0.009772300000000012,0.01349,1800.0
4595.599248886108,-0.007616499999999998,0.010747200000000012,0.01349,1800.0
4595.699451684952,-0.006189299999999995,0.011629400000000012,0.01349,1800.0
4595.799144029617,-0.0046630000000000005,0.012327200000000038,0.01349,1800.0
4595.89910531044,-0.0030596999999999985,0.01282549999999999,0.01349,1800.0
4595.999132156372,-0.0030596999999999985,0.01282549999999999,0.01349,1800.0
4596.099172830582,-0.0015240000000000115,0.013097000000000025,0.01349,1800.0
4596.199144601822,0.00015289999999999748,0.013181100000000001,0.01349,1800.0
4596.299603939056,0.0017076999999999926,0.013069300000000061,0.01349,1800.0
4596.399076700211,0.0033534000000000064,0.012740500000000043,0.01349,1800.0
4596.499105453491,0.0049445000000000044,0.01220880000000002,0.01349,1800.0
4596.599076986313,0.006456200000000009,0.011481700000000039,0.01349,1800.0
4596.699074983597,0.007767400000000008,0.010640299999999991,0.01349,1800.0
4596.799069881439,0.009060600000000002,0.009570599999999985,0.01349,1800.0
4596.899147510529,0.01020660000000001,0.008343800000000012,0.01349,1800.0
4596.999130964279,0.011120900000000003,0.007080799999999998,0.01349,1800.0
4597.099091529846,0.0119287,0.005609000000000031,0.01349,1800.0
4597.199071884155,0.0119287,0.005609000000000031,0.01349,1800.0
4597.299207448959,0.012541400000000008,0.004046300000000003,0.01349,1800.0
4597.399137496948,0.0129301,0.0025370000000000115,0.01349,1800.0
4597.499225139618,0.013141100000000003,0.0009165000000000423,0.01349,1800.0
4597.5991151332855,0.013223700000000005,0.0005430000000000157,0.01349,1800.0
4597.699234485626,0.013139500000000012,-0.0009460000000000024,0.01349,1800.0
4597.799059867859,0.012917799999999993,-0.002609000000000028,0.01349,1800.0
4597.899146318436,0.012520000000000003,-0.004116200000000014,0.01349,1800.0
4597.999112129211,0.0118983,-0.005675399999999997,0.01349,1800.0
4598.099177122116,0.011082700000000001,-0.007143099999999958,0.01349,1800.0
4598.199161529541,0.010080099999999995,-0.008489499999999983,0.01349,1800.0
4598.2992486953735,0.010080099999999995,-0.008489499999999983,0.01349,1800.0
4598.3991639614105,0.008916499999999994,-0.009698999999999958,0.01349,1800.0
4598.499186992645,0.007707900000000004,-0.010682599999999987,0.01349,1800.0
4598.599189519882,0.006287299999999996,-0.011575199999999952,0.01349,1800.0
4598.6991930007935,0.004766200000000012,-0.01228269999999998,0.01349,1800.0
4598.799389839172,0.003283300000000003,-0.012760799999999961,0.01349,1800.0
4598.899160385132,0.001635600000000001,-0.013080199999999986,0.01349,1800.0
4598.999109745026,7.990000000000774e-05,-0.013182899999999997,0.01349,1800.0
4599.099615812302,-0.0015967000000000064,-0.0130903,0.01349,1800.0
4599.199140071869,-0.0031301999999999858,-0.01280690000000001,0.01349,1800.0
4599.299135684967,-0.004730399999999996,-0.012299400000000016,0.01349,1800.0
4599.39918422699,-0.004730399999999996,-0.012299400000000016,0.01349,1800.0
4599.4995720386505,-0.006358199999999994,-0.0115363,0.01349,1800.0
4599.599152565002,-0.007675999999999988,-0.010705099999999967,0.01349,1800.0
4599.699093818665,-0.008975499999999997,-0.00964360000000003,0.01349,1800.0
4599.799140930176,-0.010053699999999999,-0.008518499999999984,0.01349,1800.0
4599.899149179459,-0.011059299999999994,-0.00717509999999999,0.01349,1800.0
4599.999172449112,-0.011814500000000006,-0.005849199999999943,0.01349,1800.0
4600.099132537842,-0.011907000000000001,-0.005676000000000014,0.01349,1800.0
4600.199155092239,-0.011907000000000001,-0.005676000000000014,0.01349,0.0
4600.299077749252,-0.011907000000000001,-0.005676000000000014,0.01349,0.0
4604.148437856879,0.006479899999999997,0.00019421185391454987,0.01349,0.0
