4391.928731629393,0.010017,-0.0072644,0.0497,0.0
4392.02932471945,0.0100687587530817,-0.0061900137617875,0.0497,0.0
4392.1299023123,0.0101622640151382,-0.0042513722713797,0.0497,0.0
4392.2304682226395,0.0102623557682215,-0.0021764996949744,0.0497,0.0
4392.3310496301865,0.0103628652326867,-9.306004715220471e-05,0.0497,0.0
4392.421547839186,0.0104521783511215,0.00175823531268,0.0497,0.0
4392.522097060225,0.0105499011735959,0.0037839072007347,0.0497,0.0
4392.622651764891,0.0106507895764267,0.005875294091886,0.0497,0.0
4392.723263213179,0.0107559819735005,0.008055901516686,0.0497,0.0
4392.823967406294,0.010854344726621,0.0100949324328447,0.0497,0.0
4392.924659678481,0.0109584955722655,0.0122539488031274,0.0497,0.0
4393.025230118773,0.011008709436287,0.0132947926842029,0.0497,0.0
4393.125822970412,0.0110119999999999,0.013363,0.0497,0.0
4393.226383873961,0.0108461458893433,0.0134937889645397,0.0497,1800.0
4393.326945015929,0.0099413099126343,0.0141459142851096,0.0497,1800.0
4393.41745466902,0.0087815448058865,0.0148950237568081,0.0497,1800.0
4393.518045374892,0.0074528265690664,0.0156028728354409,0.0497,1800.0
4393.618599841139,0.0060759155997117,0.0161949965737584,0.0497,1800.0
4393.719148346922,0.0046969962077689,0.0166458387028328,0.0497,1800.0
4393.819708535216,0.0032158460465333,0.0169977715399268,0.0497,1800.0
4393.9202663393235,0.001664349409094,0.0172283744503169,0.0497,1800.0
4394.020816275618,0.0001506670482312,0.0173096096396297,0.0497,1800.0
4394.121370503447,-0.0012851227447791,0.0172539523669628,0.0497,1800.0
4394.221930453322,-0.0028217958840179,0.0170664821014485,0.0497,1800.0
4394.322477051756,-0.0043080592802426,0.01675144809709,0.0497,1800.0
4394.423235365889,-0.0057177087601953,0.0163237416374359,0.0497,1800.0
4394.523792931578,-0.007119856705731,0.0157556900378054,0.0497,1800.0
4394.624380776427,-0.008461365739718,0.0150805134616171,0.0497,1800.0
4394.724938342116,-0.0097196504710539,0.0143029711781135,0.0497,1800.0
4394.825476119063,-0.0109341568849576,0.0133999541478123,0.0497,1800.0
4394.9253088922715,-0.0120652881927623,0.0123905152960847,0.0497,1800.0
4395.026114174864,-0.0130887540018978,0.0113061147220071,0.0497,1800.0
4395.126682469389,-0.0140268346964907,0.0101351639047283,0.0497,1800.0
4395.227202603362,-0.0148463153610169,0.0088947874883484,0.0497,1800.0
4395.31771440222,-0.0154942506310093,0.0076809367027855,0.0497,1800.0
4395.418260285399,-0.0161043807382514,0.00630553860517,0.0497,1800.0
4395.5188254804825,-0.0165895418863193,0.0048832550353088,0.0497,1800.0
4395.619396636031,-0.0169486897224659,0.0033612901861738,0.0497,1800.0
4395.719953486464,-0.0171797040834862,0.001833307020408,0.0497,1800.0
4395.820522496245,-0.017288547855874,0.0003488182478667,0.0497,1800.0
4395.921088883421,-0.0172551676802488,-0.0011350808156376,0.0497,1800.0
4396.021659085295,-0.017093676893774,-0.0026241858973835,0.0497,1800.0
4396.122204968474,-0.016805599834966,-0.0040766032660485,0.0497,1800.0
4396.222787091277,-0.016405973115265,-0.0054981224097852,0.0497,1800.0
4396.3194288702225,-0.0158614475978524,-0.0069359371398894,0.0497,1800.0
4396.419999072096,-0.0152289977246197,-0.0082133215576984,0.0497,1800.0
4396.520557353041,-0.0144084215406969,-0.0095623394010069,0.0497,1800.0
4396.621122786543,-0.0135136811347804,-0.0108023717718491,0.0497,1800.0
4396.721696564696,-0.0125444832639156,-0.0119102872378326,0.0497,1800.0
4396.822279164336,-0.0114482341451361,-0.0129567912155938,0.0497,1800.0
4396.922845313094,-0.0103074767051077,-0.0138830061837355,0.0497,1800.0
4397.023541399977,-0.0090688287560695,-0.0147183274793902,0.0497,1800.0
4397.124096343062,-0.0077180904629758,-0.0154786273205874,0.0497,1800.0
4397.226089188597,-0.0063400140430592,-0.0160907547908825,0.0497,1800.0
4397.326991984389,-0.0049477715436458,-0.0165711989143588,0.0497,1800.0
4397.417507597945,-0.0035722267009028,-0.016941533694198,0.0497,1800.0
4397.518046566985,-0.0021382217702782,-0.0171773817986499,0.0497,1800.0
4397.618622967741,-0.0005910020222979,-0.0172890855775114,0.0497,1800.0
4397.719814011595,0.0009481364181659,-0.0172709348095808,0.0497,1800.0
4397.820384213469,0.0024438900559701,-0.0171254461283885,0.0497,1800.0
4397.9209477396225,0.0039080579550634,-0.0168448681998574,0.0497,1800.0
4398.02151221945,0.0053187846115006,-0.0164535028855297,0.0497,1800.0
4398.122102686903,0.006733582851149,-0.015925108763977,0.0497,1800.0
4398.222666213057,0.0081119071784704,-0.015272849131538,0.0497,1800.0
4398.323232361815,0.0093958251120601,-0.0145228385731807,0.0497,1800.0
4398.423794934294,0.0106360030529328,-0.0136353725819284,0.0497,1800.0
4398.524339148543,0.0118023622958589,-0.0126460602020595,0.0497,1800.0
4398.624910304091,0.0128457746213665,-0.011601544770351,0.0497,1800.0
4398.7254890890335,0.0138156977841395,-0.0104216823166018,0.0497,1800.0
4398.8273467512345,0.0146564396212977,-0.0091933372870327,0.0497,1800.0
4398.917815634749,0.0153268125410721,-0.0080098857704649,0.0497,1800.0
4399.018331715605,0.0159645140820235,-0.0066602534388339,0.0497,1800.0
4399.121223399184,0.016482167322364,-0.0052230880521118,0.0497,1800.0
4399.223096081755,0.0168761770337478,-0.003751039941813,0.0497,1800.0
4399.323673436186,0.017107019387226,-0.0025679626798674,0.0497,1800.0
4399.424225041411,0.017228803961819,-0.0013941950059191,0.0497,1800.0
4399.5175640077805,0.0173004928793877,1.2103062097923443e-05,0.0497,1800.0
4399.618121811888,0.0172397115257982,0.0014611551281484,0.0497,1800.0
4399.719375082991,0.0170752536607695,0.0028288091347133,0.0497,1800.0
4399.819931456587,0.0168772741469963,0.0038597913194745,0.0497,1800.0
4399.922662207625,0.0164672520756391,0.0053223297874926,0.0497,1800.0
4400.0232364626145,0.0159292288418491,0.0067419039573293,0.0497,1800.0
4400.123803326628,0.0152842763550803,0.0080986426946071,0.0497,1800.0
4400.224328944228,0.0144875968107769,0.0094444631522705,0.0497,1800.0
4400.3249053449845,0.0135915179634231,0.0106844184802694,0.0497,1800.0
4400.425464341185,0.0126217484280345,0.0118176652870229,0.0497,1800.0
4400.526049086592,0.0116396607182122,0.0127938185981013,0.0497,1800.0
4400.626615712187,0.0110277315202981,0.0133491038237366,0.0497,1800.0
4400.727171847365,0.0110119999999999,0.013363,0.0497,1800.0
4400.817684123061,0.0108192064619008,0.0128384619040921,0.0497,1800.0
4400.918257901213,0.0093348580901147,0.0087999589735622,0.0497,1800.0
4401.023150393507,0.008018,0.0052169999999999,0.0497,1800.0
4401.12371749594,0.0084628425180598,0.0044325163172741,0.0497,1800.0
4401.224286744139,0.009008643785489,0.0030860261550203,0.0497,1800.0
4401.324849555037,0.0093947073969168,0.0016061546900417,0.0497,1800.0
4401.425574490569,0.0095225604823432,0.0001147669424234,0.0497,1800.0
4401.526150891325,0.0094332703578249,-0.0013533184893794,0.0497,1800.0
4401.616702982924,0.0091650449083404,-0.0026648056212539,0.0497,1800.0
4401.717230031035,0.0086526675386461,-0.004115603236417,0.0497,1800.0
4401.817791173003,0.0078952955482821,-0.0053790311888344,0.0497,1800.0
4401.918372342131,0.0069428035899055,-0.0065616610754202,0.0497,1800.0
4402.022941061995,0.0057976216297064,-0.0075972870799447,0.0497,1800.0
4402.123496243498,0.0045589583711252,-0.0083892465808322,0.0497,1800.0
4402.224050471327,0.0031623955426183,-0.0089975419707524,0.0497,1800.0
4402.324620434782,0.0016947529088724,-0.0093789612861752,0.0497,1800.0
4402.425199696562,0.0001564047809839,-0.0095241621279401,0.0497,1800.0
4402.525765606902,-0.0013032831884997,-0.0094405628961964,0.0497,1800.0
4402.626341292403,-0.0027439855881807,-0.0091205757359435,0.0497,1800.0
4402.717221686385,-0.0040498845108477,-0.0086249618015666,0.0497,1800.0
4402.81778497412,-0.0053715791305433,-0.0078833738178487,0.0497,1800.0
4402.918322035811,-0.0064930421171857,-0.0069889548012556,0.0497,1800.0
4403.018893668196,-0.00756439540546,-0.0058399980981387,0.0497,1800.0
4403.119446703932,-0.0083974478570113,-0.0045588402104152,0.0497,1800.0
4403.224537560484,-0.00902953885593,-0.0031563111590729,0.0497,1800.0
4403.325077483199,-0.0093892791344085,-0.0017116224230108,0.0497,1800.0
4403.425614068053,-0.0095372920700031,-0.0001875829722676,0.0497,1800.0
4403.526186892531,-0.0094461525363836,0.0013037016085825,0.0497,1800.0
4403.6166986913895,-0.0091573204013126,0.002616536878627,0.0497,1800.0
4403.717257210753,-0.0086347999797449,0.0040168921346814,0.0497,1800.0
4403.817821452162,-0.0079007597533985,0.0053197651072512,0.0497,1800.0
4403.918338486693,-0.0069791935862569,0.0064951007700368,0.0497,1800.0
4404.020058581374,-0.0058660972401273,0.007516639211669,0.0497,1800.0
4404.120630929015,-0.0045918795628768,0.0083664338099451,0.0497,1800.0
4404.221196124098,-0.0032406727264008,0.0089826082287837,0.0497,1800.0
4404.321771571181,-0.001795495852073,0.0093877946614126,0.0497,1800.0
4404.425363490126,-0.000294667470172,0.0095518336602488,0.0497,1800.0
4404.5259174795365,0.0012875767212712,0.0094470805487998,0.0497,1800.0
4404.616435715697,0.0025880481195331,0.0091760460483594,0.0497,1800.0
4404.716965624831,0.0040037670501681,0.008641718995852,0.0497,1800.0
4404.8175255747055,0.0053341905550318,0.0078904035290202,0.0497,1800.0
4404.918080756209,0.0065011905053868,0.0069696302175655,0.0497,1800.0
4405.018638083479,0.0074449334552277,0.0059582879275084,0.0497,1800.0
4405.119207808516,0.0080105317067542,0.0052274702542562,0.0497,1800.0
4405.217020699522,0.0080179999999999,0.005217,0.0497,1800.0
4405.317583987257,0.0076479733511709,0.0051795983845523,0.0497,1800.0
4405.418150374434,0.0029952395340379,0.004709311904308,0.0497,1800.0
4405.518716284773,-0.0048671079225411,0.0039146621498015,0.0497,1800.0
4405.616414496443,-0.0125657896408015,0.0031365249192827,0.0497,1800.0
4405.71695561125,-0.0150966686851837,0.0028807859347636,0.0497,1800.0
4405.817506501219,-0.0153519999999999,0.0028549999999999,0.0497,1800.0
4405.918083617232,-0.0153526383411984,0.0028510538907732,0.0497,1800.0
4406.0186521501755,-0.0154438365168649,0.0021775515418356,0.0497,1800.0
4406.119221636794,-0.0155657196270562,0.0010361414519475,0.0497,1800.0
4406.219786116621,-0.015597079801735,1.8120547627953345e-06,0.0497,1800.0
4406.320317694685,-0.0155565164461976,-0.0011581657042161,0.0497,1800.0
4406.4168862791275,-0.0154091771317935,-0.0023870865325268,0.0497,1800.0
4406.517446229002,-0.0151023799120713,-0.0039363035341753,0.0497,1800.0
4406.618023345015,-0.0147158083237863,-0.0052096612545498,0.0497,1800.0
4406.718586394331,-0.0142454751939658,-0.006370705499215,0.0497,1800.0
4406.8191620798325,-0.0135860492581204,-0.0076537188148511,0.0497,1800.0
4406.91968292906,-0.0127806016779215,-0.0089392698542915,0.0497,1800.0
4407.02026385977,-0.0118863547609161,-0.0100908888405054,0.0497,1800.0
4407.120832869551,-0.0108390358928721,-0.0111999551228929,0.0497,1800.0
4407.221388289473,-0.0096880752944001,-0.0122121661694687,0.0497,1800.0
4407.321957776091,-0.0084761582542275,-0.0130848890642006,0.0497,1800.0
4407.422534892104,-0.0071916554047907,-0.0138370243143566,0.0497,1800.0
4407.519148299239,-0.0058873490935382,-0.014440905498881,0.0497,1800.0
4407.619708010695,-0.0044687514971805,-0.014944684151614,0.0497,1800.0
4407.720400282881,-0.0029436943700945,-0.0153273368876231,0.0497,1800.0
4407.820969531081,-0.0015266817729992,-0.0155323644505293,0.0497,1800.0
4407.921537348769,1.8117837953010585e-05,-0.015606145649526,0.0497,1800.0
4408.022102782271,0.0015216496966654,-0.0155226683245541,0.0497,1800.0
4408.122690150282,0.0029928906891103,-0.0153056227151827,0.0497,1800.0
4408.223239371321,0.0044628268866558,-0.0149345154620801,0.0497,1800.0
4408.323821970961,0.0058872104693534,-0.0144363530310192,0.0497,1800.0
4408.4243730993485,0.0072366596292107,-0.0138098298759755,0.0497,1800.0
4408.524937340758,0.00853066946171,-0.0130470017539794,0.0497,1800.0
4408.625507065794,0.0097561235147189,-0.0121584168538932,0.0497,1800.0
4408.726094195387,0.0108782215523744,-0.0111762608176828,0.0497,1800.0
4408.816620299361,0.0117946991395012,-0.0102141982631312,0.0497,1800.0
4408.917191693327,0.0126915162819327,-0.0090822853151824,0.0497,1800.0
4409.037034222624,0.0134992432214132,-0.0078275106874551,0.0497,1800.0
4409.118595549605,0.013906371131611,-0.0070758790314263,0.0497,1800.0
4409.219167658827,0.0144211888720104,-0.0059553782508156,0.0497,1800.0
4409.319716879866,0.0148278733273907,-0.0048560645163424,0.0497,1800.0
4409.420285651228,0.01517672916383,-0.0035553978866625,0.0497,1800.0
4409.520850607893,0.015437011830786,-0.002182037187359,0.0497,1800.0
4409.621419379256,0.0155662259597672,-0.000927606140153,0.0497,1800.0
4409.721987435362,0.015587380311311,0.0003447188052257,0.0497,1800.0
4409.822545716307,0.0155157764972216,0.0016410377217944,0.0497,1800.0
4409.923117348692,0.0153457897122328,0.0027751757910319,0.0497,1800.0
4410.0236930341935,0.0149977627934146,0.004282281140264,0.0497,1800.0
4410.124273726485,0.0145370037413413,0.0056792335777408,0.0497,1800.0
4410.2208878488755,0.0139502155065378,0.0069839554283183,0.0497,1800.0
4410.321460434935,0.0131788163451868,0.0083474144336992,0.0497,1800.0
4410.422048518202,0.0123200455959512,0.0095565600239513,0.0497,1800.0
4410.522628495238,0.0113322805996824,0.0107048859141337,0.0497,1800.0
4410.623183676741,0.0102225617371639,0.0117742816205585,0.0497,1800.0
4410.723750779173,0.0090253622517483,0.0127086598056333,0.0497,1800.0
4410.8243298025345,0.0077812699254792,0.0135111097083904,0.0497,1800.0
4410.924844214461,0.0064590540147836,0.014190389078477,0.0497,1800.0
4411.018689820311,0.0051395149594745,0.0147228606026777,0.0497,1800.0
4411.120140978835,0.0036846048453043,0.0151612868345528,0.0497,1800.0
4411.220646092436,0.0022470816506806,0.0154430811795249,0.0497,1800.0
4411.321188876173,0.000748342655015,0.0155891793079397,0.0497,1800.0
4411.421766230605,-0.0008053625105096,0.0155854845186189,0.0497,1800.0
4411.522333809874,-0.002258690591227,0.0154342805451211,0.0497,1800.0
4411.622922369978,-0.0037312742410411,0.0151417089797712,0.0497,1800.0
4411.72350640013,-0.0052135567599445,0.0146921711728113,0.0497,1800.0
4411.824052521727,-0.0065737783097944,0.0141366719049594,0.0497,1800.0
4411.924619624159,-0.0079172958562506,0.0134285672447132,0.0497,1800.0
4412.025201746962,-0.0092096138653398,0.012576772239179,0.0497,1800.0
4412.125771471999,-0.0103785934190543,0.0116333523497553,0.0497,1800.0
4412.226341673872,-0.0114665939885326,0.0105737647042803,0.0497,1800.0
4412.316846081755,-0.0123396086293242,0.009540804680807,0.0497,1800.0
4412.417405793211,-0.0132085945703968,0.0083180612826793,0.0497,1800.0
4412.517952868483,-0.013939770788105,0.0070027695689248,0.0497,1800.0
4412.618527361891,-0.0144124068962645,0.0059659979096008,0.0497,1800.0
4412.71907825186,-0.014786694943161,0.0049671642204471,0.0497,1800.0
4412.819643208525,-0.0151590819724543,0.0036333701150114,0.0497,1800.0
4412.920220801375,-0.0153304206535192,0.0029532313944004,0.0497,1800.0
4413.02078408911,-0.0153519999999999,0.0028549999999999,0.0497,1800.0
4413.121358105681,-0.0144328100741008,0.003006723530854,0.0497,1800.0
4413.2219323606705,-0.0100449262495588,0.0037310440496106,0.0497,1800.0
4413.322680184386,-0.0021350113722229,0.0050368008317216,0.0497,1800.0
4413.425470540068,0.0050997119411216,0.0062311465591716,0.0497,1800.0
4413.526034781477,0.0089329999999999,0.006864,0.0497,1800.0
4413.626602360747,0.0093962549287372,0.0061969943402663,0.0497,1800.0
4413.727153489134,0.0100617418517634,0.0050130288155815,0.0497,1800.0
4413.827706286452,0.0106251718953336,0.0036513780765757,0.0497,1800.0
4413.928276965163,0.0110126162319655,0.0021954941557467,0.0497,1800.0
4414.028840491316,0.0112119709581857,0.0006775816505594,0.0497,1800.0
4414.1294149847245,0.0112063353253622,-0.000813046978638,0.0497,1800.0
4414.229997584364,0.0109973613275726,-0.0022701132403487,0.0497,1800.0
4414.33123535826,0.01059057164549,-0.0037515832039881,0.0497,1800.0
4414.431801983855,0.0099888359006514,-0.0051628075534828,0.0497,1800.0
4414.532391259215,0.0092301871274416,-0.0064342604028456,0.0497,1800.0
4414.63297290518,0.0082560522778937,-0.0076564449957358,0.0497,1800.0
4414.734516331694,0.0071984164838011,-0.0086611100917082,0.0497,1800.0
4414.835077950499,0.005955447145705,-0.0095395270147704,0.0497,1800.0
4414.925603100798,0.0047338302644536,-0.0101831800144031,0.0497,1800.0
4415.026174256346,0.0033514520024629,-0.0107209666071367,0.0497,1800.0
4415.1267384977555,0.0018810532533962,-0.0110738777802737,0.0497,1800.0
4415.22730178549,0.0003561887438774,-0.0112256821447415,0.0497,1800.0
4415.327865311644,-0.0011335086086129,-0.0111758728182294,0.0497,1800.0
4415.428448864958,-0.0025870877812599,-0.0109331706844597,0.0497,1800.0
4415.529023596785,-0.004028656284291,-0.0104989497973095,0.0497,1800.0
4415.62959022238,-0.0053739345191403,-0.0098678126613918,0.0497,1800.0
4415.730157563231,-0.0066125676536552,-0.0090403995684522,0.0497,1800.0
4415.8363754244065,-0.0078542273501405,-0.0080750704917504,0.0497,1800.0
4415.926888415358,-0.0087872404931965,-0.00701385773415,0.0497,1800.0
4416.027471491835,-0.0094953746399259,-0.0060390390163829,0.0497,1800.0
4416.12804312422,-0.0101557457735866,-0.0047983256834694,0.0497,1800.0
4416.228626439116,-0.0106978270214795,-0.0034262706635183,0.0497,1800.0
4416.329162547133,-0.0110589575770667,-0.0019600317335552,0.0497,1800.0
4416.429742762587,-0.011222257417072,-0.00043613149806,0.0497,1800.0
4416.530301997206,-0.0111785244906561,0.0010784580123216,0.0497,1800.0
4416.630858132384,-0.0109467604497452,0.0025575833308955,0.0497,1800.0
4416.731410691283,-0.0105105706844143,0.0039930216660997,0.0497,1800.0
4416.831984707854,-0.0098805154418754,0.0053792737452282,0.0497,1800.0
4416.932552287123,-0.0090814798116307,0.0066435913146343,0.0497,1800.0
4417.03491062834,-0.0081101714051202,0.0078121176522672,0.0497,1800.0
4417.12660522177,-0.0070822489966854,0.0087375693289926,0.0497,1800.0
4417.227156111739,-0.0058547249807586,0.0095880358792786,0.0497,1800.0
4417.327700087569,-0.0045441675671494,0.0102755639105351,0.0497,1800.0
4417.428325125716,-0.0031397894063254,0.0107841293811052,0.0497,1800.0
4417.528877923033,-0.0016839960598886,0.0111081919464289,0.0497,1800.0
4417.629456231139,-0.0001679929692,0.011224276981806,0.0497,1800.0
4417.729979702971,0.0013683909325371,0.0111562003477999,0.0497,1800.0
4417.834267804167,0.0028934600888276,0.0108626838745554,0.0497,1800.0
4417.934819886229,0.0043232063376134,0.0103762642729738,0.0497,1800.0
4418.025303313277,0.0054890831165123,0.0098231647176093,0.0497,1800.0
4418.125877091429,0.0067660431876982,0.0089930998216881,0.0497,1800.0
4418.226439187071,0.0079571796276708,0.0079561910729952,0.0497,1800.0
4418.3285510034775,0.0087772148848383,0.0070452062772597,0.0497,1800.0
4418.429086396239,0.00893214158135,0.0068650351519014,0.0497,1800.0
4418.529647299788,0.0089329999999999,0.006864,0.0497,1800.0
4418.630217978499,0.0060042505662184,0.0063047136569582,0.0497,1800.0
4418.730782696745,-0.0006060889994622,0.005042450360163,0.0497,1800.0
4418.831351706526,-0.0082745382790577,0.0035781490414842,0.0497,1800.0
4418.931934306166,-0.0131760583551536,0.0026421840634328,0.0497,1800.0
4419.032500693343,-0.0136799999999999,0.002546,0.0497,1800.0
4419.1338293047165,-0.0136940901562263,0.0024508232672965,0.0497,1800.0
4419.234373518965,-0.0138048609802995,0.0016958004142965,0.0497,1800.0
4419.324881264708,-0.0138892510693313,0.0004608358514044,0.0497,1800.0
4419.425462910674,-0.0138533950450937,-0.0010304138027887,0.0497,1800.0
4419.52602762892,-0.0137398222733678,-0.0021222879885465,0.0497,1800.0
4419.626599976561,-0.0135145901822553,-0.0032298933978844,0.0497,1800.0
4419.727153727553,-0.0131551926755579,-0.0044514988639981,0.0497,1800.0
4419.827727028868,-0.012632162846893,-0.0057561627414516,0.0497,1800.0
4419.928284356139,-0.0120186468625078,-0.0069986690315117,0.0497,1800.0
4420.028844544432,-0.0113960495750706,-0.0080200896792989,0.0497,1800.0
4420.13017744734,-0.0105524045606621,-0.0090608736048211,0.0497,1800.0
4420.230709979079,-0.0099299995662809,-0.0097266981275879,0.0497,1800.0
4420.331284949324,-0.0088152294278071,-0.0107545860429093,0.0497,1800.0
4420.431798169157,-0.0075812910838638,-0.0116577010263149,0.0497,1800.0
4420.541057536147,-0.0061936415360837,-0.0124491993063644,0.0497,1800.0
4420.631574103377,-0.0049145031132036,-0.0129962772513817,0.0497,1800.0
4420.733024785063,-0.0034600259385303,-0.013453918441135,0.0497,1800.0
4420.833603570006,-0.0019910579167225,-0.0137464979729006,0.0497,1800.0
4420.9341804476,-0.0004969372133468,-0.013876558824328,0.0497,1800.0
4421.024717280409,0.0008574275424787,-0.013861199858664,0.0497,1800.0
4421.12528962805,0.0023539479980428,-0.0136913028422125,0.0497,1800.0
4421.225886055968,0.0038166116420836,-0.0133601981166478,0.0497,1800.0
4421.326466271422,0.0052439930809634,-0.0128755157000191,0.0497,1800.0
4421.427033373854,0.0065956509874518,-0.0122364049002219,0.0497,1800.0
4421.527609536192,0.0079629178020155,-0.0114055670577265,0.0497,1800.0
4421.6281733007645,0.0091301571813222,-0.0104831080962355,0.0497,1800.0
4421.728747317336,0.0102025837295273,-0.0094324843547676,0.0497,1800.0
4421.829313227675,0.0111305250658691,-0.0083123403268954,0.0497,1800.0
4421.929883429549,0.0119735167425649,-0.0070312497629372,0.0497,1800.0
4422.032694766066,0.012631435114176,-0.0057777598843883,0.0497,1800.0
4422.134529301665,0.0130739291420499,-0.0046561769060579,0.0497,1800.0
4422.2250563593125,0.0133995458985141,-0.0035550561917022,0.0497,1800.0
4422.3256394357895,0.0137323317479234,-0.0020907662469635,0.0497,1800.0
4422.42620844557,0.0138813353549659,-0.0006016709660559,0.0497,1800.0
4422.526774832747,0.0138656744264641,0.0008693490559353,0.0497,1800.0
4422.627323576949,0.0136934592256481,0.0024017804550146,0.0497,1800.0
4422.727893063567,0.0133512092498715,0.003891906613518,0.0497,1800.0
4422.828429886839,0.0129683326059631,0.0050071027502877,0.0497,1800.0
4422.928997466109,0.0124918310977562,0.0060928823123419,0.0497,1800.0
4423.029567191145,0.0117907535195675,0.0073433955580495,0.0497,1800.0
4423.130155274413,0.0109475231619453,0.0085471338067531,0.0497,1800.0
4423.230729052565,0.0099363813555713,0.0096903319444903,0.0497,1800.0
4423.331309268019,0.0088292897062928,0.0107214690519325,0.0497,1800.0
4423.434291550658,0.0076135246902982,0.0116168677927308,0.0497,1800.0
4423.524821469328,0.0064384490461737,0.0123084238455767,0.0497,1800.0
4423.625359961531,0.0050631171970174,0.0129443971212245,0.0497,1800.0
4423.725918242476,0.0035759960212316,0.0134311229342617,0.0497,1800.0
4423.82648343756,0.002085525097363,0.013753929590312,0.0497,1800.0
4423.927070328734,0.0006796557756124,0.013886386654816,0.0497,1800.0
4424.027654120467,-0.0008748697033856,0.0138673125127389,0.0497,1800.0
4424.128165432951,-0.0023871358876854,0.0136868639688322,0.0497,1800.0
4424.228752800963,-0.0038049091339969,0.0133596371642186,0.0497,1800.0
4424.329322049162,-0.0052316177690092,0.0128633582136291,0.0497,1800.0
4424.429893919966,-0.006619473237127,0.0122072579952841,0.0497,1800.0
4424.530471989653,-0.0078943016232435,0.0114268384157598,0.0497,1800.0
4424.631055781386,-0.0090716283057285,0.0105140919294136,0.0497,1800.0
4424.731593558333,-0.0101600931424301,0.0094759489479269,0.0497,1800.0
4424.832160899184,-0.011074659915759,0.0083924197375738,0.0497,1800.0
4424.9327282400345,-0.011824931428456,0.0073132334155494,0.0497,1800.0
4425.027585694334,-0.012454535226482,0.0061820351058687,0.0497,1800.0
4425.129148432753,-0.013045823508464,0.0048080654845564,0.0497,1800.0
4425.229740092299,-0.0133998975327315,0.0037101425425671,0.0497,1800.0
4425.33032412245,-0.013620025974073,0.0028123192005531,0.0497,1800.0
4425.430890748045,-0.0136799999999999,0.002546,0.0497,1800.0
4425.531419703505,-0.0136505273517517,0.0025514393964752,0.0497,1800.0
4425.632001111052,-0.0102569453106836,0.0031806620453436,0.0497,1800.0
4425.732570120833,-0.0031968070402471,0.004489736319482,0.0497,1800.0
4425.83314485266,0.0046544681598948,0.0059454654156717,0.0497,1800.0
4425.933712431929,0.0102654269750655,0.0069858206840757,0.0497,1800.0
4426.034284302733,0.0108539999999999,0.007095,0.0497,1800.0
4426.13485736563,0.010958096442818,0.0069261584513114,0.0497,1800.0
4426.235428044341,0.0115919559228513,0.0057757295536842,0.0497,1800.0
4426.335996577284,0.0121759602782406,0.0043861215928021,0.0497,1800.0
4426.437638947508,0.0126076672474962,0.0028931589631075,0.0497,1800.0
4426.539389798186,0.0128548665557848,0.0013935645871684,0.0497,1800.0
4426.6399464102005,0.012932152363074,-9.868195844708882e-05,0.0497,1800.0
4426.740448662779,0.012837729498802,-0.0015727545387895,0.0497,1800.0
4426.841030070326,0.0125657158557786,-0.0030508854995306,0.0497,1800.0
4426.941636034987,0.0121245605643423,-0.0045346019087832,0.0497,1800.0
4427.042212197325,0.011532664837445,-0.0058848907494016,0.0497,1800.0
4427.142785260222,0.0107991639882721,-0.0071472473100399,0.0497,1800.0
4427.2433731050705,0.0098895461282076,-0.0083741377602338,0.0497,1800.0
4427.34395069792,0.0088512026351077,-0.0094600123218541,0.0497,1800.0
4427.434474417708,0.0077627943431781,-0.0103528542773338,0.0497,1800.0
4427.5350532026505,0.0065308571495176,-0.011168663424476,0.0497,1800.0
4427.635576674483,0.0051727295954374,-0.0118542421777732,0.0497,1800.0
4427.736150452635,0.0037939530185851,-0.0123689970787451,0.0497,1800.0
4427.838436076186,0.002336938437096,-0.012724097646703,0.0497,1800.0
4427.939003178618,0.0008096803144136,-0.0129154787985667,0.0497,1800.0
4428.039579579375,-0.0007278466734496,-0.0129215924981044,0.0497,1800.0
4428.1401481123185,-0.0022089013678952,-0.0127547078668435,0.0497,1800.0
4428.240744540236,-0.0036634520616752,-0.0124143789099397,0.0497,1800.0
4428.341296383879,-0.0050615308431067,-0.0119214723173522,0.0497,1800.0
4428.44201130583,-0.0064588135457807,-0.0112344429090655,0.0497,1800.0
4428.542570063612,-0.0076569656900926,-0.0104494910440223,0.0497,1800.0
4428.64312786772,-0.0088513321500639,-0.0094575935794335,0.0497,1800.0
4428.743687579176,-0.0098964428177534,-0.0083557852275427,0.0497,1800.0
4428.834189602873,-0.0106935128752569,-0.0073003864808239,0.0497,1800.0
4428.934726664565,-0.0114548382381238,-0.006013980975896,0.0497,1800.0
4429.035286852858,-0.0120770362631873,-0.004639775767864,0.0497,1800.0
4429.135818907759,-0.0125270475723874,-0.0032192531888852,0.0497,1800.0
4429.237674185774,-0.0128218649731534,-0.0017162989435746,0.0497,1800.0
4429.338235804579,-0.0129424355304753,-0.0001932500242244,0.0497,1800.0
4429.438798853896,-0.0128837286656974,0.0012902205774655,0.0497,1800.0
4429.539359757445,-0.0126607042463334,0.0027816284590178,0.0497,1800.0
4429.639945456526,-0.0122536746740695,0.0042248551056363,0.0497,1800.0
4429.7405142278885,-0.0116671551856577,0.0056152685005954,0.0497,1800.0
4429.841184088728,-0.0109376579689168,0.0069224282466111,0.0497,1800.0
4429.941776225111,-0.0100510500689091,0.0081413220515934,0.0497,1800.0
4430.042445132277,-0.0090448597244075,0.0092471508253768,0.0497,1800.0
4430.143680045149,-0.0078510922286238,0.0102717838699283,0.0497,1800.0
4430.234187790892,-0.0067108393807305,0.0110629109879177,0.0497,1800.0
4430.33476729109,-0.0054036155366535,0.0117568528384419,0.0497,1800.0
4430.435335585616,-0.0040140231575338,0.0123089292605623,0.0497,1800.0
4430.535901495955,-0.0025842892783613,0.0126875890736059,0.0497,1800.0
4430.636448809645,-0.001126255683722,0.0129085432927006,0.0497,1800.0
4430.737001606963,0.0004735531318838,0.0129514571280642,0.0497,1800.0
4430.842914292357,0.0019688013485318,0.0128027520168051,0.0497,1800.0
4430.943478295348,0.0035175640638153,0.0124531015522946,0.0497,1800.0
4431.0343343706345,0.0048167609571388,0.0120084009165348,0.0497,1800.0
4431.134913393996,0.0061446748873157,0.0113862873378444,0.0497,1800.0
4431.2354762048935,0.0074300984440097,0.0105892605392783,0.0497,1800.0
4431.337147900603,0.0086349098946451,0.0096351407668694,0.0497,1800.0
4431.437661358855,0.00967672064149,0.0085966797636923,0.0497,1800.0
4431.538227269194,0.010473535710313,0.0076294380883852,0.0497,1800.0
4431.6387874574875,0.0108539999999999,0.0070949999999999,0.0497,1800.0
4431.7393507452225,0.0108539999999999,0.007095,0.0497,0.0
