4138.83024705325,0.008347,-0.0053463999999999,0.04757,0.0
4138.9335233059965,0.0082507161387491,-0.0053232426639606,0.04757,0.0
4139.024032243832,0.007513556545647,-0.0051457812667221,0.04757,0.0
4139.124568351849,0.004978815557082,-0.0045354016401996,0.04757,0.0
4139.225135215863,0.0024390332474193,-0.0039237733468457,0.04757,0.0
4139.326060899838,-6.228180716844056e-05,-0.0033215009499251,0.04757,0.0
4139.426571258648,-0.0025053700150069,-0.0027331611016996,0.04757,0.0
4139.52713001643,-0.0051129913177956,-0.0021052611675929,0.04757,0.0
4139.627701410397,-0.0075665994995967,-0.0015144039455604,0.04757,0.0
4139.728230365857,-0.0100751908618609,-0.0009103589254569,0.04757,0.0
4139.828794368847,-0.0126187172273155,-0.0002978633966279,0.04757,0.0
4139.929352411374,-0.0151760795173877,0.0003179880848565,0.04757,0.0
4140.029894479855,-0.0168352817536938,0.0007175456046347,0.04757,0.0
4140.131422409161,-0.0171069999999999,0.0007829999999999,0.04757,0.0
4140.231987604245,-0.0171071082405434,0.000781527928609,0.04757,0.0
4140.3325516072355,-0.0171090744041829,0.0005768504417921,0.04757,1800.0
4140.433082470044,-0.0171143850786909,-0.0006067868490709,0.04757,1800.0
4140.533088335141,-0.0170529268724842,-0.0015161305162043,0.04757,1800.0
4140.63428343211,-0.0168465186400408,-0.0030467746738597,0.04757,1800.0
4140.724821695431,-0.0165338852229079,-0.0043833046213636,0.04757,1800.0
4140.825422414883,-0.0160901565219176,-0.0057987672377063,0.04757,1800.0
4140.926016458615,-0.0155275646744851,-0.0071739133948777,0.04757,1800.0
4141.0265878525815,-0.0150208234960028,-0.008209623749196,0.04757,1800.0
4141.127146133526,-0.014421951037374,-0.0091948350688972,0.04757,1800.0
4141.22771132861,-0.0135610866481296,-0.0104307308528954,0.04757,1800.0
4141.328283676251,-0.0125800721077032,-0.0115947368121256,0.04757,1800.0
4141.428874382123,-0.0115369067637368,-0.0126336633545159,0.04757,1800.0
4141.529447206601,-0.0103711447186187,-0.0136192177388448,0.04757,1800.0
4141.6300100174985,-0.0091336082728444,-0.0144835603025698,0.04757,1800.0
4141.730575451001,-0.0077782948265517,-0.0152439644402624,0.04757,1800.0
4141.83122027789,-0.0063893562840448,-0.0158736783948512,0.04757,1800.0
4141.931744464978,-0.0049684881176255,-0.0163780609942966,0.04757,1800.0
4142.028110393628,-0.0035646673967283,-0.0167289028147409,0.04757,1800.0
4142.128680357083,-0.0020788032564498,-0.0169737349802152,0.04757,1800.0
4142.229249605282,-0.0005979443418623,-0.0170966283797857,0.04757,1800.0
4142.329829343899,0.0009008812874399,-0.017079671943579,0.04757,1800.0
4142.430399784192,0.0024291106369996,-0.0169332950921689,0.04757,1800.0
4142.53097761546,0.0039126749200012,-0.0166551919046725,0.04757,1800.0
4142.631545194729,0.0053246961316751,-0.0162650884345249,0.04757,1800.0
4142.732121118649,0.0067359974835282,-0.0157392352574448,0.04757,1800.0
4142.832686552151,0.008114340609434,-0.015071953738842,0.04757,1800.0
4142.933263191327,0.0093800247082565,-0.0143158547911669,0.04757,1800.0
4143.033835300549,0.0106162984295814,-0.0134258202910801,0.04757,1800.0
4143.124349006756,0.0116245424220377,-0.012552296476751,0.04757,1800.0
4143.225013860806,0.0126846663585931,-0.0114680995899507,0.04757,1800.0
4143.325578340634,0.0136361036314706,-0.0103249109306551,0.04757,1800.0
4143.428345092877,0.0144187222752602,-0.0092140016163573,0.04757,1800.0
4143.528912195309,0.015044050257181,-0.0081613368953087,0.04757,1800.0
4143.629491933926,0.0155925967219492,-0.0070596168352956,0.04757,1800.0
4143.73006714259,0.016060808614499,-0.0059258588260399,0.04757,1800.0
4143.830635198697,0.0164653465406648,-0.0046912744855916,0.04757,1800.0
4143.931206354245,0.0167271465848423,-0.0036806258957779,0.04757,1800.0
4144.031778225049,0.016962244585044,-0.0022993089894546,0.04757,1800.0
4144.132339605435,0.0170918929175676,-0.0008149375426548,0.04757,1800.0
4144.232899793728,0.0170939982042041,0.0007285744602832,0.04757,1800.0
4144.333473333462,0.016960702034022,0.0022361797961073,0.04757,1800.0
4144.423976072415,0.0167813291853149,0.0033612432396599,0.04757,1800.0
4144.524541982754,0.0165008308333894,0.0045302427495695,0.04757,1800.0
4144.625112661465,0.0161360128111953,0.0056916183569297,0.04757,1800.0
4144.731275686368,0.0156348049730598,0.0069360024575201,0.04757,1800.0
4144.831840643033,0.0150710722268973,0.0081098416837075,0.04757,1800.0
4144.932503828152,0.0145691229573237,0.0089729490985373,0.04757,1800.0
4145.033067592724,0.0137377291861288,0.0102007205654358,0.04757,1800.0
4145.131979831799,0.012807216573386,0.0113649936921573,0.04757,1800.0
4145.232541212185,0.0117926627283576,0.0124157983300973,0.04757,1800.0
4145.333119997128,0.0106254479441149,0.013412141779874,0.04757,1800.0
4145.433700212582,0.0094227092320482,0.0142796751634919,0.04757,1800.0
4145.524215349301,0.0082793694774771,0.0149684684579222,0.04757,1800.0
4145.624818929776,0.0069229736923759,0.0156410085754493,0.04757,1800.0
4145.72539246951,0.0055199406274951,0.0161885266641694,0.04757,1800.0
4145.826047309979,0.0040890964312735,0.0166065962148685,0.04757,1800.0
4145.926615842923,0.002608912543668,0.0169084319741735,0.04757,1800.0
4146.027159103497,0.0011116084939971,0.0170775364403233,0.04757,1800.0
4146.1277238217435,-0.0004028729683197,0.0171096385414952,0.04757,1800.0
4146.228230604275,-0.0018979974411419,0.01701328331144,0.04757,1800.0
4146.328794607266,-0.0033926118868257,0.0167838275298167,0.04757,1800.0
4146.4293655243955,-0.0048368804570262,0.0164187596452303,0.04757,1800.0
4146.530134805783,-0.0062548860603712,0.0159229783192655,0.04757,1800.0
4146.6279407826505,-0.0076252266825254,0.0153146237542031,0.04757,1800.0
4146.728510984524,-0.0089676246387959,0.0145655535516536,0.04757,1800.0
4146.829082378491,-0.0102327313059861,0.0137006969347116,0.04757,1800.0
4146.929658540829,-0.0113987336553548,0.0127516368949787,0.04757,1800.0
4147.030258068188,-0.0124587496268082,0.011720291091431,0.04757,1800.0
4147.130852588757,-0.0134267360665196,0.0105795056643127,0.04757,1800.0
4147.232570537671,-0.0142912360706072,0.0093236804442854,0.04757,1800.0
4147.33334458743,-0.0150568415640308,0.0081410980526077,0.04757,1800.0
4147.43388689433,-0.015486072494543,0.0072866828797286,0.04757,1800.0
4147.524396309002,-0.0159992509322674,0.0060778663036709,0.04757,1800.0
4147.624957212552,-0.01648154136931,0.0046176229797993,0.04757,1800.0
4147.725537189587,-0.0168165549979718,0.0031351221908085,0.04757,1800.0
4147.826108345135,-0.0170209349289416,0.0016810199650291,0.04757,1800.0
4147.926606067761,-0.0170953544208207,0.0009442850105683,0.04757,1800.0
4148.0281099167905,-0.017107,0.000783,0.04757,1800.0
4148.128757843121,-0.0168352079576943,0.0008536047455871,0.04757,1800.0
4148.229331621274,-0.0137404047380806,0.0016576731796262,0.04757,1800.0
4148.329899200543,-0.0063402368915852,0.0035803844557448,0.04757,1800.0
4148.430470356091,0.0008122080986713,0.0054387638245089,0.04757,1800.0
4148.531043895825,0.006668399085311,0.0069603384513599,0.04757,1800.0
4148.631617673977,0.006794,0.006993,0.04757,1800.0
4148.732180723294,0.006980738259139,0.0068050050903957,0.04757,1800.0
4148.823478588208,0.0077018065907401,0.0059266963647015,0.04757,1800.0
4148.924054750546,0.0085063893117611,0.0046878544168303,0.04757,1800.0
4149.024625190838,0.0091261190563471,0.0033309612891872,0.04757,1800.0
4149.125352748974,0.0095304667615285,0.0018614216115092,0.04757,1800.0
4149.225893148526,0.0097042087350849,0.0003522458408456,0.04757,1800.0
4149.327801355465,0.009658283755619,-0.0011551948626452,0.04757,1800.0
4149.4283543912015,0.0093829681283194,-0.0025662710284121,0.04757,1800.0
4149.5289131489835,0.0088814425340384,-0.0039749958158515,0.04757,1800.0
4149.6308087197385,0.008160277705895,-0.0053136622256548,0.04757,1800.0
4149.731373437985,0.007190962396841,-0.0065677486322372,0.04757,1800.0
4149.831935772046,0.006116862018905,-0.0075797467104521,0.04757,1800.0
4149.932509073361,0.0048322598712879,-0.0084384841495661,0.04757,1800.0
4150.033025631054,0.0034661631995181,-0.0090801152809013,0.04757,1800.0
4150.123534807309,0.0021858299498727,-0.0094654188366787,0.04757,1800.0
4150.22412384425,0.0007115633603098,-0.009684899080377,0.04757,1800.0
4150.325957187756,-0.0008065089148722,-0.0096798993449005,0.04757,1800.0
4150.426528343304,-0.0022875851973937,-0.0094455815901458,0.04757,1800.0
4150.527098306759,-0.0037095397761971,-0.0089850380049025,0.04757,1800.0
4150.628570207699,-0.0050649488479861,-0.0083017135929341,0.04757,1800.0
4150.7291385022245,-0.0062744224670133,-0.0074411612156629,0.04757,1800.0
4150.829697736844,-0.0073401817148813,-0.0063994897497244,0.04757,1800.0
4150.929533609494,-0.0082323776266614,-0.0052269812788479,0.04757,1800.0
4151.030109533413,-0.0089147418697004,-0.0038909546959306,0.04757,1800.0
4151.130675443753,-0.0094197913242582,-0.0024287663730797,0.04757,1800.0
4151.231419452771,-0.0096715830833593,-0.0009808019594948,0.04757,1800.0
4151.3319903699,-0.0097015582953114,0.0005088448903537,0.04757,1800.0
4151.432542928799,-0.0094998201325183,0.0020137995416079,0.04757,1800.0
4151.533104070767,-0.0090744511134463,0.0034560138850605,0.04757,1800.0
4151.623604663952,-0.0085248035526369,0.0046764715448027,0.04757,1800.0
4151.724136480435,-0.0076869501227005,0.0059461435256178,0.04757,1800.0
4151.824695953473,-0.0066588109429623,0.0071011001299819,0.04757,1800.0
4151.925441631421,-0.0055350475733115,0.0080049846984308,0.04757,1800.0
4152.025930532559,-0.0042267650240985,0.0087864841270435,0.04757,1800.0
4152.126482137784,-0.0027526578493028,0.0093284911394916,0.04757,1800.0
4152.227151521786,-0.0013596443566216,0.0096407655070604,0.04757,1800.0
4152.327693590268,0.0002020236500037,0.0097102749634363,0.04757,1800.0
4152.428038486584,0.0016908263160194,0.0095727062122411,0.04757,1800.0
4152.528600820645,0.0031035482325336,0.0092013851438421,0.04757,1800.0
4152.629169830426,0.0044870784513528,0.0086106852005795,0.04757,1800.0
4152.729739078625,0.0057905263032287,0.0078037428634772,0.04757,1800.0
4152.830302127942,0.006622269366864,0.0071468092023843,0.04757,1800.0
4152.9308711377225,0.006794,0.006993,0.04757,1800.0
4153.031444915875,0.0070922117269226,0.0073208558381133,0.04757,1800.0
4153.13201988612,0.0086307405429865,0.0090123304722257,0.04757,1800.0
4153.232602247342,0.01060114281444,0.0111786654468131,0.04757,1800.0
4153.333173641308,0.0106159999999999,0.011195,0.04757,1800.0
4153.433874734982,0.0102314676203948,0.0115345180619657,0.04757,1800.0
4153.53470099841,0.0092528463110732,0.0123105849112655,0.04757,1800.0
4153.63528026019,0.0080170948179609,0.0131510840507716,0.04757,1800.0
4153.737542995556,0.0066909789706696,0.0138714754948703,0.04757,1800.0
4153.839720138653,0.0052382948959729,0.0144855585611764,0.04757,1800.0
4153.94028652583,0.0037885048599328,0.014931490669919,0.04757,1800.0
4154.04113925372,0.0023434606012619,0.0152278908114643,0.04757,1800.0
4154.141707309826,0.000847076132802,0.0153887435852991,0.04757,1800.0
4154.242340454205,-0.0006964336526254,0.015402889616929,0.04757,1800.0
4154.332848676785,-0.0020280736014384,0.0152850666219089,0.04757,1800.0
4154.4334043351255,-0.0035032685609076,0.0150048349389342,0.04757,1800.0
4154.533976205929,-0.0049434896824429,0.0145917835225705,0.04757,1800.0
4154.634722837552,-0.0063414713232887,0.0140351984445734,0.04757,1800.0
4154.735303053006,-0.0076830161345915,0.0133516085680456,0.04757,1800.0
4154.835863002881,-0.0089484050209955,0.0125340434035637,0.04757,1800.0
4154.936445364102,-0.0101249231631964,0.0116062734249006,0.04757,1800.0
4155.036994346722,-0.0111992989776278,0.0105735094686385,0.04757,1800.0
4155.137549766644,-0.0121813982699756,0.0094317823037775,0.04757,1800.0
4155.239014515027,-0.0130033313478475,0.008283188468442,0.04757,1800.0
4155.3395654049955,-0.0134751463708349,0.0074781575955698,0.04757,1800.0
4155.4401286927305,-0.0141646330600043,0.0061041196308093,0.04757,1800.0
4155.543858894452,-0.0146843321247849,0.0046846713015878,0.04757,1800.0
4155.63436735545,-0.0150298394016476,0.0033928395979315,0.04757,1800.0
4155.734930881604,-0.0152859059862195,0.0018917423939395,0.04757,1800.0
4155.835632213696,-0.015393852491302,0.0003916486962767,0.04757,1800.0
4155.936859258755,-0.0153626319664514,-0.0011158167940005,0.04757,1800.0
4156.037402042492,-0.0151708832118188,-0.0026400475508672,0.04757,1800.0
4156.137950309857,-0.0148370709622261,-0.0041267767002853,0.04757,1800.0
4156.238517650708,-0.0143798349967764,-0.0055347718853083,0.04757,1800.0
4156.339095005139,-0.013781646804629,-0.0068828346776312,0.04757,1800.0
4156.439663538083,-0.0131374175900513,-0.008076363388529,0.04757,1800.0
4156.540256866559,-0.0126174567291861,-0.0088533814521905,0.04757,1800.0
4156.640813001736,-0.0116749767415959,-0.0100799719129484,0.04757,1800.0
4156.742138513669,-0.0106402473520345,-0.0111503479915665,0.04757,1800.0
4156.842689880475,-0.00946976877715,-0.0121604277477869,0.04757,1800.0
4156.933216461285,-0.0083863003269721,-0.0129209484323732,0.04757,1800.0
4157.036634573086,-0.0070466046114444,-0.0136952803251417,0.04757,1800.0
4157.137212404355,-0.0056804202422559,-0.0143193619688435,0.04757,1800.0
4157.23777736102,-0.0042704223314269,-0.0147960163632039,0.04757,1800.0
4157.338351377591,-0.0027898832700153,-0.0151471158204861,0.04757,1800.0
4157.438923486813,-0.0012797136850409,-0.0153525442896215,0.04757,1800.0
4157.539454349621,0.0002072166471994,-0.0154013553050235,0.04757,1800.0
4157.640034803494,0.00178142670706,-0.0153121848426219,0.04757,1800.0
4157.740611204251,0.0032860012285984,-0.0150649665180947,0.04757,1800.0
4157.841176160916,0.0046993598362903,-0.0146905029177686,0.04757,1800.0
4157.941741594418,0.0061378598098691,-0.0141350060468433,0.04757,1800.0
4158.042309650525,0.0074301391863615,-0.013500555267751,0.04757,1800.0
4158.132821687802,0.0086062391677941,-0.0127714555206487,0.04757,1800.0
4158.234763273343,0.0098499994883503,-0.0118370177022488,0.04757,1800.0
4158.335328468426,0.0109576263638621,-0.0108258260629534,0.04757,1800.0
4158.435899862393,0.0119534157062455,-0.0097089434593174,0.04757,1800.0
4158.536472210034,0.012850729121803,-0.0084889804257211,0.04757,1800.0
4158.6370357361875,0.0136349360538459,-0.0071778088297148,0.04757,1800.0
4158.737590202435,0.0142538872456633,-0.0058513080479962,0.04757,1800.0
4158.838146337613,0.0147210730448165,-0.0045909660829958,0.04757,1800.0
4158.93882168208,0.0149977525928002,-0.0035974472007802,0.04757,1800.0
4159.039394506558,0.0152637085042711,-0.0021216133786166,0.04757,1800.0
4159.139977583035,0.0153786485129309,-0.00106982994645,0.04757,1800.0
4159.240548500165,0.0153987534429265,0.0003148052903013,0.04757,1800.0
4159.341116079434,0.0153016979718083,0.0018007389369654,0.04757,1800.0
4159.441685089215,0.0150470111315042,0.0032801465251465,0.04757,1800.0
4159.542256244763,0.0147689957018572,0.0044082878314979,0.04757,1800.0
4159.642826446637,0.0143851485775852,0.0054974008527123,0.04757,1800.0
4159.73334420596,0.0139088527521341,0.0066378426783652,0.04757,1800.0
4159.835155376538,0.0133081624076305,0.0077637681726244,0.04757,1800.0
4159.935680994137,0.0125153306747638,0.008997572382034,0.04757,1800.0
4160.0364452687345,0.0115952392760763,0.0101614644530774,0.04757,1800.0
4160.136993536099,0.0106722189812833,0.0111361628302436,0.04757,1800.0
4160.237513193234,0.0106185069723955,0.011192432618631,0.04757,1800.0
4160.338085540875,0.010616,0.011195,0.04757,1800.0
4160.438667902096,0.0087639136080877,0.0091406993079623,0.04757,1800.0
4160.53922809039,0.0079607012038066,0.0082497711895205,0.04757,1800.0
4160.639793047055,0.0079509999999999,0.0082389999999999,0.04757,1800.0
4160.740360387906,0.0081422975499994,0.0080427375512204,0.04757,1800.0
4160.840928444012,0.0087761282967829,0.0072991188953614,0.04757,1800.0
4160.9414626446805,0.009676845482137,0.0060615445298096,0.04757,1800.0
4161.042027362927,0.0104061379403526,0.0047259618412536,0.04757,1800.0
4161.1426102009855,0.0109354386779792,0.0033399957236248,0.04757,1800.0
4161.233613857373,0.0112614968414391,0.001993312741513,0.04757,1800.0
4161.3341671315275,0.0114227533047422,0.0005259797833604,0.04757,1800.0
4161.434721597775,0.0113935472098986,-0.0009937885713094,0.04757,1800.0
4161.535282978161,0.0111607578892348,-0.0024664240826106,0.04757,1800.0
4161.635854372128,0.0107308805438614,-0.0038965346389511,0.04757,1800.0
4161.736425527676,0.0101216519749157,-0.0052831672688354,0.04757,1800.0
4161.8370848980985,0.0093288027953807,-0.0065877547792464,0.04757,1800.0
4161.9376272049985,0.0083929442294291,-0.0077471507019309,0.04757,1800.0
4162.038461574658,0.0073166558428754,-0.0087633243505289,0.04757,1800.0
4162.139032730206,0.0060767857240563,-0.009674454111362,0.04757,1800.0
4162.239576229199,0.0047430885141073,-0.0104115069254417,0.04757,1800.0
4162.340142854794,0.0033849692414278,-0.0109241435046039,0.04757,1800.0
4162.4407013741575,0.0019130256488003,-0.011280280730787,0.04757,1800.0
4162.541258701428,0.0003360302354985,-0.0114354934610961,0.04757,1800.0
4162.641833194836,-0.0011748470520238,-0.0113749907714348,0.04757,1800.0
4162.74239672099,-0.0026490494824887,-0.0111177631217984,0.04757,1800.0
4162.832892307385,-0.0039304964889159,-0.0107169993341489,0.04757,1800.0
4162.933628687008,-0.0052709748050303,-0.0101318151888879,0.04757,1800.0
4163.034193882092,-0.0065577841231506,-0.009348460872156,0.04757,1800.0
4163.135929712399,-0.0077555552134191,-0.0083786049582514,0.04757,1800.0
4163.2364887086,-0.0087735142052442,-0.0073090371996299,0.04757,1800.0
4163.338934549435,-0.0097075710407534,-0.0060305333099801,0.04757,1800.0
4163.440002807721,-0.0104308542459618,-0.0047041569633807,0.04757,1800.0
4163.540604957684,-0.0109526102390305,-0.0032948714852205,0.04757,1800.0
4163.641169199093,-0.0112933629224894,-0.0018237667279212,0.04757,1800.0
4163.741731533154,-0.0114370328548567,-0.0003454403569748,0.04757,1800.0
4163.842289337262,-0.0113742239461338,0.001154175950102,0.04757,1800.0
4163.9328044739805,-0.0111532661877989,0.002465939694165,0.04757,1800.0
4164.0333904114805,-0.0107294838635277,0.0038919744464036,0.04757,1800.0
4164.133917459591,-0.01011349787403,0.0053026346066299,0.04757,1800.0
4164.234697469815,-0.0093195065551073,0.0066043634801919,0.04757,1800.0
4164.335227617367,-0.0083918825130926,0.0077473292770388,0.04757,1800.0
4164.43580139552,-0.0072938487322544,0.0087870030709803,0.04757,1800.0
4164.536377796277,-0.0060657844954247,0.0096898959305476,0.04757,1800.0
4164.636947759732,-0.0047607073459349,0.0104099174764677,0.04757,1800.0
4164.737514385327,-0.00335107886194,0.0109405676680027,0.04757,1800.0
4164.838082203015,-0.0019293285109823,0.0112750309931308,0.04757,1800.0
4164.938614019497,-0.0004003884281611,0.0114304013373335,0.04757,1800.0
4165.039174684628,0.0011297901835347,0.0113738305334205,0.04757,1800.0
4165.140962728604,0.0026005311805438,0.0111172082235477,0.04757,1800.0
4165.241512903317,0.0040237414674655,0.0106847041990247,0.04757,1800.0
4165.342073806866,0.005415653474471,0.0100523987880548,0.04757,1800.0
4165.442634948834,0.0066917697754772,0.0092527763161067,0.04757,1800.0
4165.533161768063,0.0075605770796236,0.0085884102696751,0.04757,1800.0
4165.633723386868,0.007951,0.0082389999999999,0.04757,1800.0
4165.734261402234,0.0078853440156274,0.0083101985226241,0.04757,1800.0
4165.834830173596,0.0072106367253461,0.0090418626634262,0.04757,1800.0
4165.935463317975,0.0032760396244567,0.0133085985940125,0.04757,1800.0
4166.036033758267,0.003252041643781,0.0133347676532284,0.04757,1800.0
4166.136584648236,0.00325,0.013337,0.04757,1800.0
4166.237136491879,0.0028559601539016,0.0134185922296096,0.04757,1800.0
4166.3376966801725,0.0016577498220393,0.0135986053940918,0.04757,1800.0
4166.43826282893,0.0001645120632271,0.0137005004473981,0.04757,1800.0
4166.538815626248,-0.001361312909838,0.0136276670988267,0.04757,1800.0
4166.639395603283,-0.0028504401807314,0.0133992711640312,0.04757,1800.0
4166.739986785992,-0.0042837908176727,0.0130186875464383,0.04757,1800.0
4166.840525993451,-0.0057037756982017,0.0124613022722195,0.04757,1800.0
4166.941105732068,-0.0070891470725608,0.011733049027311,0.04757,1800.0
4167.041872390851,-0.0083351345478681,0.0108913183852299,0.04757,1800.0
4167.1424068299375,-0.0094690673285749,0.0099269390163249,0.04757,1800.0
4167.232930788144,-0.0103787177517363,0.0089623669761532,0.04757,1800.0
4167.334376939877,-0.0113131908667008,0.0077357309911688,0.04757,1800.0
4167.43492711459,-0.0121044816865855,0.0064136602066651,0.04757,1800.0
4167.53545607005,-0.0127344427044624,0.0050482866406093,0.04757,1800.0
4167.63600839053,-0.0132086117871782,0.0036387434507541,0.04757,1800.0
4167.736562856778,-0.0134883888862694,0.0024430612154979,0.04757,1800.0
4167.837106594189,-0.0136382382617274,0.0013118260088894,0.04757,1800.0
4167.937624105557,-0.0137088920435397,-9.7667844403293e-05,0.04757,1800.0
4168.038182386502,-0.0136495986295385,-0.001270844852084,0.04757,1800.0
4168.138737806424,-0.0134962962240491,-0.0024522383567639,0.04757,1800.0
4168.239336380108,-0.0132934022480243,-0.0034027090973651,0.04757,1800.0
4168.339899191006,-0.0128481736527316,-0.0048012994309708,0.04757,1800.0
4168.440489181622,-0.012240326414042,-0.0061834123652582,0.04757,1800.0
4168.541041740521,-0.0114944037257049,-0.0074696857947506,0.04757,1800.0
4168.6415628281675,-0.0105675993403691,-0.0087106070164172,0.04757,1800.0
4168.7421323147855,-0.0095475869320378,-0.0098288305571731,0.04757,1800.0
4168.842701086148,-0.0084041597567574,-0.010815615009915,0.04757,1800.0
4168.933172115429,-0.0072912842124619,-0.011595378347204,0.04757,1800.0
4169.03376139079,-0.0059922660254165,-0.0123267866042955,0.04757,1800.0
4169.134338983639,-0.0046202120808129,-0.0129053355293478,0.04757,1800.0
4169.234903940304,-0.0031955951684729,-0.0133310500995751,0.04757,1800.0
4169.335450777157,-0.0016856786819827,-0.0136155377039874,0.04757,1800.0
4169.436002382382,-0.0002120505384468,-0.0137146066209151,0.04757,1800.0
4169.536572345837,0.0013537961338704,-0.013644964423202,0.04757,1800.0
4169.637148985013,0.0027742615149053,-0.0134247326711605,0.04757,1800.0
4169.737725862607,0.0042763707025505,-0.0130166134522988,0.04757,1800.0
4169.838294157132,0.0056813585521455,-0.0124670513371074,0.04757,1800.0
4169.938857683285,0.0069767126819049,-0.0117915500633487,0.04757,1800.0
4170.039433368786,0.0082179497138191,-0.0109548540174557,0.04757,1800.0
4170.139962562665,0.0093792079260295,-0.0099842838755789,0.04757,1800.0
4170.240538009747,0.0104283199476738,-0.0088901577651621,0.04757,1800.0
4170.341108450039,0.0113663838003277,-0.0076551295518723,0.04757,1800.0
4170.441784032925,0.0121249538403675,-0.0063955605072804,0.04757,1800.0
4170.542353281125,0.0127742017293217,-0.0049889488468554,0.04757,1800.0
4170.632849582776,0.0131780910945368,-0.0037906680041753,0.04757,1800.0
4170.733438858136,0.013522655165107,-0.0022753180303535,0.04757,1800.0
4170.834000238522,0.0136806333419954,-0.0007571617489309,0.04757,1800.0
4170.93457139407,0.0136832607102454,0.0006973276581402,0.04757,1800.0
4171.0351423112,0.0135201068499003,0.0022011424574293,0.04757,1800.0
4171.135665306195,0.0131882604167465,0.0036937274839726,0.04757,1800.0
4171.236227878674,0.0127126795863475,0.0051077722369131,0.04757,1800.0
4171.336797842129,0.0120811972581548,0.0064613812329198,0.04757,1800.0
4171.437369712933,0.0112986456493218,0.0077538079929586,0.04757,1800.0
4171.537939199551,0.0104027220550895,0.0089396185085708,0.04757,1800.0
4171.638499626263,0.0093845704525302,0.0100776794575316,0.04757,1800.0
4171.739064821347,0.008193189281957,0.0110014208295072,0.04757,1800.0
4171.839626201733,0.0069580153309919,0.0118291629033814,0.04757,1800.0
4171.940163263424,0.0056176793096043,0.0125063174807517,0.04757,1800.0
4172.040766367062,0.0041335724120582,0.0130609689932019,0.04757,1800.0
4172.141364940747,0.0034133725429833,0.0132916803289154,0.04757,1800.0
4172.241942533597,0.00325,0.013337,0.04757,1800.0
4172.342526563748,0.0037777923050364,0.0129899453149031,0.04757,1800.0
4172.433038124188,0.0060103189922439,0.0115220448656812,0.04757,1800.0
4172.533589729413,0.0091069999999999,0.009486,0.04757,1800.0
4172.634272464856,0.0091595605429542,0.0094334932824867,0.04757,1800.0
4172.734830030545,0.0095389148116494,0.0090469592284215,0.04757,1800.0
4172.835381635769,0.0104853718485409,0.0079280943443251,0.04757,1800.0
4172.935943254574,0.0113495668992902,0.0065988113192764,0.04757,1800.0
4173.036518701657,0.0120278873988398,0.0052607239737597,0.04757,1800.0
4173.137045988186,0.0125492387045889,0.0038360281131201,0.04757,1800.0
4173.238676199063,0.0129086533704543,0.0023609400247359,0.04757,1800.0
4173.339228757962,0.0130997443832142,0.0008736028718426,0.04757,1800.0
4173.439811357602,0.013116472839151,-0.0006059596458313,0.04757,1800.0
4173.540374645337,0.012961195248099,-0.0020957768064412,0.04757,1800.0
4173.640927442654,0.0126293836191444,-0.0035927514283349,0.04757,1800.0
4173.741485962018,0.0121314619555511,-0.0050158954174405,0.04757,1800.0
4173.842055448636,0.0114980996870085,-0.0063440260023671,0.04757,1800.0
4173.932535537823,0.0107873811946664,-0.007503460529715,0.04757,1800.0
4174.033095726117,0.0098285829673434,-0.0087164702032407,0.04757,1800.0
4174.133656391247,0.008780577857318,-0.0097599123023492,0.04757,1800.0
4174.234210380658,0.0076465014382286,-0.0106710990065235,0.04757,1800.0
4174.334757217511,0.006356795397,-0.0114851741979498,0.04757,1800.0
4174.441428312405,0.0048816368954859,-0.0121931571595688,0.04757,1800.0
4174.541977771863,0.0034649326548006,-0.012671954706303,0.04757,1800.0
4174.633096346005,0.0021473076561076,-0.0129514113891349,0.04757,1800.0
4174.733673223599,0.0006450842515459,-0.0131084853894095,0.04757,1800.0
4174.834282287701,-0.0008805017016079,-0.0130959635382154,0.04757,1800.0
4174.934847959622,-0.0023844635563029,-0.0129124738729854,0.04757,1800.0
4175.035408386334,-0.003811840677003,-0.0125698726806722,0.04757,1800.0
4175.135968336209,-0.005250024960089,-0.0120502018344175,0.04757,1800.0
4175.236712345227,-0.0065283252249766,-0.0114009991384065,0.04757,1800.0
4175.337280162915,-0.0078458647416816,-0.0105359967007204,0.04757,1800.0
4175.4378396359525,-0.0090087502818562,-0.009566710264189,0.04757,1800.0
4175.538582452878,-0.0100270699966897,-0.0084884151943356,0.04757,1800.0
4175.639152654751,-0.0109297552859025,-0.0072697526847998,0.04757,1800.0
4175.739716180905,-0.0116846299329338,-0.0059659392463201,0.04757,1800.0
4175.8402751771055,-0.0122830332563822,-0.0046142461246779,0.04757,1800.0
4175.940822967633,-0.0127252403174356,-0.0031880290161467,0.04757,1800.0
4176.0413943615995,-0.0130130680822362,-0.0016869028606944,0.04757,1800.0
4176.141952404126,-0.0131300846637443,-0.0001761576680737,0.04757,1800.0
4176.232475647076,-0.0130912539344433,0.0011608588779689,0.04757,1800.0
4176.334375986203,-0.0128759122347115,0.0026688860023448,0.04757,1800.0
4176.434939750775,-0.0124799429814229,0.0041220812194422,0.04757,1800.0
4176.53550637637,-0.0119270681831409,0.0055149635895982,0.04757,1800.0
4176.636071333035,-0.0112133816832043,0.0068260789126101,0.04757,1800.0
4176.7366286603055,-0.0103615510431413,0.008057208636432,0.04757,1800.0
4176.8371993390165,-0.0093668368704612,0.0091838161394948,0.04757,1800.0
4176.937775978192,-0.0082277227324204,0.010213978917285,0.04757,1800.0
4177.038367876156,-0.0069985851462134,0.0110945012071339,0.04757,1800.0
4177.138959535702,-0.0057181140118761,0.0118152375206413,0.04757,1800.0
4177.239509233578,-0.0043055779140472,0.0124023838775507,0.04757,1800.0
4177.340114482983,-0.0028105531791768,0.0128342252263084,0.04757,1800.0
4177.440678009137,-0.0013371696071118,0.0130782573740726,0.04757,1800.0
4177.541238674267,8.455516505256888e-05,0.0131513068164445,0.04757,1800.0
4177.641813644513,0.0016799700089064,0.0130259926719462,0.04757,1800.0
4177.735388645276,0.0030651830229993,0.0127645693472986,0.04757,1800.0
4177.835942634686,0.0044538695856954,0.0123440058446999,0.04757,1800.0
4177.9365028229795,0.0058319608083294,0.0117485256664158,0.04757,1800.0
4178.037036785229,0.0071278378099318,0.0110138278713803,0.04757,1800.0
4178.137598165616,0.0083160781298001,0.0101437971465215,0.04757,1800.0
4178.238163599118,0.0090593813364304,0.009528475847904,0.04757,1800.0
4178.338745245083,0.0091069999999999,0.009486,0.04757,1800.0
4178.439268716916,0.0091069999999999,0.009486,0.04757,0.0
