5071.102002968591,0.0123429999999999,-0.0134743999999998,0.05538,0.0
5071.202579369347,0.0123430410393281,-0.013472963623516,0.05538,0.0
5071.303147425454,0.0123691095356248,-0.0127860348368294,0.05538,0.0
5071.40374075393,0.0124474601795522,-0.0107234851854484,0.05538,0.0
5071.504310955804,0.0125420503755709,-0.0082345948667976,0.05538,0.0
5071.604889740746,0.0126354665560682,-0.0057748686375276,0.05538,0.0
5071.705443014901,0.0127337726588158,-0.0031884527442621,0.05538,0.0
5071.806026568215,0.0128308386594376,-0.0006347510809551,0.05538,0.0
5071.911477436822,0.0129277735139898,0.0019178506221773,0.05538,0.0
5072.001983275216,0.0130141791537676,0.0041913600836478,0.05538,0.0
5072.102549423974,0.0131114704894241,0.0067509480217612,0.05538,0.0
5072.203130831521,0.0132067503503136,0.0092591109637565,0.05538,0.0
5072.303710331719,0.0132776905216367,0.0111261277238948,0.05538,0.0
5072.404306759637,0.0133049999999999,0.011844,0.05538,0.0
5072.50485526542,0.0131843007141313,0.0119712640371039,0.05538,1800.0
5072.5978690288475,0.0125370349436915,0.0126360834165596,0.05538,1800.0
5072.698437561791,0.011446833252712,0.0136473067993808,0.05538,1800.0
5072.7990182540825,0.0101992367196647,0.0145887831832038,0.05538,1800.0
5072.899613728326,0.0089640507984386,0.0153751379939542,0.05538,1800.0
5073.011846651833,0.0074098776903905,0.0161820021127604,0.05538,1800.0
5073.102331509393,0.006220546260187,0.0166772035562983,0.05538,1800.0
5073.202891697686,0.0047923025585722,0.0171318813677811,0.05538,1800.0
5073.303446640771,0.0033332042550862,0.0174717769087992,0.05538,1800.0
5073.404008736413,0.0018604864766328,0.0176918397971451,0.05538,1800.0
5073.504570832055,0.0003287097271601,0.0177881327343646,0.05538,1800.0
5073.605134835046,-0.0012281605126834,0.017749849792467,0.05538,1800.0
5073.705713143151,-0.0027184808565465,0.0175835452136955,0.05538,1800.0
5073.797293057244,-0.0040524555578688,0.0173406429791296,0.05538,1800.0
5073.898857703011,-0.0054834028160844,0.0169437445015758,0.05538,1800.0
5073.999420037072,-0.0069288025781826,0.0163963812574852,0.05538,1800.0
5074.102426638406,-0.0083542350899151,0.0157150671553924,0.05538,1800.0
5074.202986111443,-0.0096459742334263,0.0149535590873036,0.05538,1800.0
5074.303545584481,-0.0108687129930039,0.014089957671001,0.05538,1800.0
5074.404107441705,-0.012022023865965,0.0131054833196856,0.05538,1800.0
5074.504620661538,-0.0130938168325737,0.0120425855907149,0.05538,1800.0
5074.605177035134,-0.0140608697992948,0.0109023918515796,0.05538,1800.0
5074.705728640359,-0.0149276731035961,0.0096757949011045,0.05538,1800.0
5074.7962392471245,-0.0155983475929523,0.0085684790117133,0.05538,1800.0
5074.896811117928,-0.0161474553238606,0.0074876238316878,0.05538,1800.0
5075.0048650405815,-0.0167024780247294,0.0061514744482917,0.05538,1800.0
5075.105437626641,-0.0170606215191667,0.0050868278348779,0.05538,1800.0
5075.20599185447,-0.0174133788973614,0.0036928057814261,0.05538,1800.0
5075.2965134284905,-0.0176402044302279,0.0023211789285081,0.05538,1800.0
5075.397089113992,-0.0177603463113577,0.0012086971167963,0.05538,1800.0
5075.497615923684,-0.0177875506127272,-6.586689770110565e-05,0.05538,1800.0
5075.598194708627,-0.017753930139068,-0.0012979844558561,0.05538,1800.0
5075.698754181664,-0.0176135354984188,-0.0025250936311243,0.05538,1800.0
5075.799318184655,-0.0173392502785574,-0.0039722537314467,0.05538,1800.0
5075.89987980346,-0.0169906884975681,-0.005290093631973,0.05538,1800.0
5076.000456204217,-0.0166033618822965,-0.0064015010473181,0.05538,1800.0
5076.103049626153,-0.0160384808955147,-0.0077148575596033,0.05538,1800.0
5076.203629126351,-0.0155163009720605,-0.0087261532245116,0.05538,1800.0
5076.304327359002,-0.0147207786548627,-0.0100179987199439,0.05538,1800.0
5076.404909243386,-0.013830861809177,-0.0112112318451054,0.05538,1800.0
5076.514144053262,-0.0126956492435117,-0.0124745060562881,0.05538,1800.0
5076.604622235101,-0.0117192205020339,-0.0133834849660438,0.05538,1800.0
5076.705175032418,-0.0105921317413104,-0.0142950427022079,0.05538,1800.0
5076.805719723504,-0.0093617985337125,-0.0151321879092195,0.05538,1800.0
5076.896141161721,-0.0081752978504945,-0.015800976837979,0.05538,1800.0
5076.996723522942,-0.0067893015548859,-0.0164426782679968,0.05538,1800.0
5077.097396721642,-0.0053247776407243,-0.0169779349430931,0.05538,1800.0
5077.198437561791,-0.0038671033123785,-0.0173754359896199,0.05538,1800.0
5077.298994889062,-0.002465293298391,-0.0176317497303418,0.05538,1800.0
5077.399551024239,-0.0009015933042975,-0.0177831328806107,0.05538,1800.0
5077.500107636254,0.0006158226881009,-0.0177931350619717,0.05538,1800.0
5077.600856890481,0.0020550083030981,-0.0176812898095617,0.05538,1800.0
5077.70141111831,0.0035732608241291,-0.0174295403358658,0.05538,1800.0
5077.801972975533,0.0050556779738711,-0.0170554390948912,0.05538,1800.0
5077.902523627084,0.0064573256200374,-0.0165800521308495,0.05538,1800.0
5078.005431046288,0.0078637146839441,-0.0159581051899123,0.05538,1800.0
5078.105951657098,0.0091819488726859,-0.0152375201256241,0.05538,1800.0
5078.196452250283,0.010320625563195,-0.0144871386868337,0.05538,1800.0
5078.297019591134,0.0115600754284093,-0.0135340029490729,0.05538,1800.0
5078.397553314965,0.0126199786548615,-0.0125558103332802,0.05538,1800.0
5078.498125662606,0.0136449644199822,-0.0114369698263278,0.05538,1800.0
5078.6002396247795,0.0145643687786223,-0.0102374306657405,0.05538,1800.0
5078.700803150933,0.0153732507073461,-0.0089721950177167,0.05538,1800.0
5078.80139290313,0.0160726556469555,-0.0076342726085162,0.05538,1800.0
5078.901958336633,0.0166557048933349,-0.0062512969444365,0.05538,1800.0
5079.002526869576,0.01711966162453,-0.0048192021210263,0.05538,1800.0
5079.103090634148,0.017417636893743,-0.0036424897162294,0.05538,1800.0
5079.203650584023,0.0176224837726262,-0.0023908705634188,0.05538,1800.0
5079.30421029548,0.0177675475912597,-0.0009257865697231,0.05538,1800.0
5079.39709602813,0.0177877136250151,0.0004442927203497,0.05538,1800.0
5079.497659315865,0.0176863976585268,0.0019666124805441,0.05538,1800.0
5079.598230709832,0.0174809456673214,0.0033533656697716,0.05538,1800.0
5079.69879518966,0.0172832114546447,0.0042675087434905,0.05538,1800.0
5079.799362530511,0.0168557767471583,0.0057111208245753,0.05538,1800.0
5079.900109162133,0.0163022207838013,0.0071396150174299,0.05538,1800.0
5080.001858105462,0.015643306667578,0.0084875444069869,0.05538,1800.0
5080.1024051807335,0.0148584727856424,0.0097808102352638,0.05538,1800.0
5080.202973952096,0.0139980081880248,0.0109763909513118,0.05538,1800.0
5080.303534378808,0.0134552888182742,0.0116645161031305,0.05538,1800.0
5080.40409480552,0.013305,0.0118439999999999,0.05538,1800.0
5080.504624237817,0.0129437295560107,0.0109860164789645,0.05538,1800.0
5080.605194678109,0.0114938779913959,0.0075426727295653,0.05538,1800.0
5080.700676789086,0.0092476151392798,0.0022077581133275,0.05538,1800.0
5080.80124031524,0.00894,0.001477,0.05538,1800.0
5080.901803841393,0.0089405867792305,0.0014735295736669,0.05538,1800.0
5081.002376665871,0.0089720182567366,0.001287632354494,0.05538,1800.0
5081.1029251716545,0.0090421212903442,2.8711435611727957e-05,0.05538,1800.0
5081.197098126214,0.0089299444616516,-0.0013613992628165,0.05538,1800.0
5081.298096766274,0.0085748992882596,-0.0028198747468118,0.05538,1800.0
5081.398670306008,0.007968531169083,-0.004237547498373,0.05538,1800.0
5081.499238123696,0.0071613615263844,-0.0055026397089438,0.05538,1800.0
5081.599803795617,0.0061761453058571,-0.0065835382985172,0.05538,1800.0
5081.700363030236,0.0049807881101038,-0.0075334198319201,0.05538,1800.0
5081.800927986901,0.00362539831402,-0.0082827592359665,0.05538,1800.0
5081.901489844125,0.0022046209251172,-0.0087708623874672,0.05538,1800.0
5082.003488888543,0.0007695680702328,-0.0090271297184928,0.05538,1800.0
5082.104050030511,-0.0007914695187472,-0.0090260423413343,0.05538,1800.0
5082.20461927871,-0.0022781182301182,-0.0087607848097675,0.05538,1800.0
5082.305186619561,-0.003668616904081,-0.0082683223672433,0.05538,1800.0
5082.405768742364,-0.0049878755437758,-0.0075343451755356,0.05538,1800.0
5082.496283402245,-0.0060437638339462,-0.0067117344729066,0.05538,1800.0
5082.600040068429,-0.0070810505841596,-0.0055938728873952,0.05538,1800.0
5082.700613846581,-0.0079132096360138,-0.0043369158420726,0.05538,1800.0
5082.801185955804,-0.0085337789958447,-0.0029554289605442,0.05538,1800.0
5082.9017578266075,-0.0089026904904002,-0.0015164477946697,0.05538,1800.0
5083.002326359551,-0.0090409716190189,-2.923659619102903e-05,0.05538,1800.0
5083.102902045052,-0.0089311677791289,0.0014605814384592,0.05538,1800.0
5083.20492636184,-0.0085677939605042,0.0029592233497511,0.05538,1800.0
5083.305518259805,-0.0079575602989363,0.0043247832083124,0.05538,1800.0
5083.396040310662,-0.0072078793040439,0.0054575447799517,0.05538,1800.0
5083.496822228234,-0.0061486277172004,0.006616094311896,0.05538,1800.0
5083.597585549157,-0.004940074019235,0.0075563928207592,0.05538,1800.0
5083.69813405494,-0.0036403874077923,0.0082639612067863,0.05538,1800.0
5083.798695912164,-0.0022422665892017,0.0087418777949717,0.05538,1800.0
5083.899268498223,-0.0007840087039772,0.0089976845700953,0.05538,1800.0
5083.999684920113,0.0007213529193442,0.0089986408289274,0.05538,1800.0
5084.100252260964,0.0022468897608113,0.0087488297937938,0.05538,1800.0
5084.200817694466,0.0036510144956088,0.0082705868097235,0.05538,1800.0
5084.3013871810845,0.0049204845860243,0.0075966541939248,0.05538,1800.0
5084.401964535516,0.0061786123135436,0.0066220482078183,0.05538,1800.0
5084.502547850411,0.0071798984760033,0.005521061651246,0.05538,1800.0
5084.603119959634,0.0079790047737612,0.0042751065579263,0.05538,1800.0
5084.7037008903435,0.0085698652913354,0.0028712756783113,0.05538,1800.0
5084.80426393966,0.0088694799003297,0.0017883836701672,0.05538,1800.0
5084.904825320046,0.00894,0.001477,0.05538,1800.0
5085.005398144524,0.0089123788543843,0.0014699389552561,0.05538,1800.0
5085.096741547387,0.0065110151019966,0.000856951644478,0.05538,1800.0
5085.197318186562,3.5241284195741684e-05,-0.0007960680773481,0.05538,1800.0
5085.2978819511345,-0.0077520810503648,-0.0027838732894734,0.05538,1800.0
5085.398439278405,-0.0142380161846448,-0.0044394756396926,0.05538,1800.0
5085.498999943536,-0.015392,-0.0047339999999999,0.05538,1800.0
5085.599505772393,-0.0150580285186964,-0.0056902063775615,0.05538,1800.0
5085.700054993432,-0.0145151117060467,-0.0069534777540999,0.05538,1800.0
5085.800609698098,-0.0137810019063679,-0.0082986862850848,0.05538,1800.0
5085.901174893182,-0.0129402076897696,-0.0095541555269807,0.05538,1800.0
5086.001740326684,-0.012001889107225,-0.0107145887305884,0.05538,1800.0
5086.102308144372,-0.0109333539708562,-0.011798072077397,0.05538,1800.0
5086.202880492013,-0.0097642494417652,-0.0127829003386234,0.05538,1800.0
5086.303448309701,-0.0085286423154434,-0.0136503280364267,0.05538,1800.0
5086.404018749993,-0.0072484490560321,-0.014375070840041,0.05538,1800.0
5086.504557003777,-0.0059113445843183,-0.0149809275057658,0.05538,1800.0
5086.595034231942,-0.0046316766095686,-0.0154215457827858,0.05538,1800.0
5086.695602764886,-0.0030878978428854,-0.0157957318792886,0.05538,1800.0
5086.79622494201,-0.0016102195283797,-0.0160148286357907,0.05538,1800.0
5086.89864980201,-6.7147488093805e-05,-0.0160877399804476,0.05538,1800.0
5086.9992271564415,0.0014055790883149,-0.0160287612016529,0.05538,1800.0
5087.099799027245,0.002869758736377,-0.0158278588144467,0.05538,1800.0
5087.200379957955,0.004326096231759,-0.0154958248952689,0.05538,1800.0
5087.30094825248,0.0057452666553737,-0.0150237602883314,0.05538,1800.0
5087.401468148034,0.0071358417352254,-0.0144243948016988,0.05538,1800.0
5087.502029290002,0.008454244680771,-0.0136967245747164,0.05538,1800.0
5087.602590193551,0.0096916270613696,-0.0128551813465271,0.05538,1800.0
5087.703139891427,0.0108589757489279,-0.0118883268418278,0.05538,1800.0
5087.80370007972,0.0119233160693022,-0.0108262251642273,0.05538,1800.0
5087.90426599006,0.0129191077659277,-0.0096018305190088,0.05538,1800.0
5088.004824747842,0.0137606547470591,-0.0083415639783133,0.05538,1800.0
5088.0953506133965,0.0144051628678654,-0.0071673357437615,0.05538,1800.0
5088.1959224842,0.0149435911182634,-0.0059679506199188,0.05538,1800.0
5088.298877110284,0.015384295793943,-0.0046991987228667,0.05538,1800.0
5088.399410834115,0.0157408403370515,-0.0033193966349699,0.05538,1800.0
5088.4999714992455,0.0159764816823793,-0.0018936302995363,0.05538,1800.0
5088.600539555352,0.0160844252541717,-0.000394795474121,0.05538,1800.0
5088.701117625039,0.0160517544321709,0.0011211556215836,0.05538,1800.0
5088.801690449517,0.0158722922357258,0.0026797901301602,0.05538,1800.0
5088.902248015206,0.015552334663732,0.0041733032097044,0.05538,1800.0
5089.002807011407,0.0151264534380067,0.0055238798415099,0.05538,1800.0
5089.10336386184,0.0145027545874959,0.0069657344500142,0.05538,1800.0
5089.203999151986,0.0137771553479663,0.0083147422886037,0.05538,1800.0
5089.304575552743,0.0129704297833804,0.0095229328925183,0.05538,1800.0
5089.395078530114,0.0121039648179522,0.0105890489189043,0.05538,1800.0
5089.495632996362,0.0110570180389367,0.0116900996262926,0.05538,1800.0
5089.59618388633,0.0099350475174001,0.0126567240744651,0.05538,1800.0
5089.699058165353,0.0086605873431121,0.013561017227161,0.05538,1800.0
5089.799621453088,0.0073943326643784,0.0142950022549303,0.05538,1800.0
5089.9001859329155,0.0059550480372001,0.0149546572499795,0.05538,1800.0
5090.000748028558,0.0045498311562704,0.0154493629001241,0.05538,1800.0
5090.1013051174095,0.0031555037509721,0.0157941222790402,0.05538,1800.0
5090.2018757961205,0.0015970176788296,0.0160179674272665,0.05538,1800.0
5090.302446236413,0.0001341229831757,0.0160917799452746,0.05538,1800.0
5090.403009285729,-0.0013851966504436,0.0160328913565491,0.05538,1800.0
5090.503592362206,-0.0029141348313952,0.0158226563136734,0.05538,1800.0
5090.6041985652855,-0.0043710874052944,0.0154820013752965,0.05538,1800.0
5090.704767336648,-0.0057829627823541,0.015010548639837,0.05538,1800.0
5090.795281996529,-0.0070203715345494,0.0144802129993266,0.05538,1800.0
5090.89584099273,-0.0083164243107419,0.0137815385954043,0.05538,1800.0
5090.99661313514,-0.0095583037999765,0.012949339760937,0.05538,1800.0
5091.097183098595,-0.0107338269434942,0.0120035182212537,0.05538,1800.0
5091.198559393685,-0.0118723455729841,0.0108837077730551,0.05538,1800.0
5091.299141278069,-0.0127874470978992,0.0097796998629967,0.05538,1800.0
5091.39971028785,-0.0136606361689672,0.0085186735666943,0.05538,1800.0
5091.495740046304,-0.014357601806965,0.0072582469727515,0.05538,1800.0
5091.596325030129,-0.0149676443671634,0.0059001051971241,0.05538,1800.0
5091.697735419076,-0.0154505708645406,0.0044555616823201,0.05538,1800.0
5091.798302759927,-0.0158053497813934,0.0029858388859071,0.05538,1800.0
5091.89886294822,-0.0160176507029701,0.0015071688460538,0.05538,1800.0
5091.999387373727,-0.0160882549805138,7.782135473533014e-06,0.05538,1800.0
5092.099953999322,-0.0160169093984492,-0.0015024677469892,0.05538,1800.0
5092.200513233941,-0.0158149224161059,-0.0030037733855648,0.05538,1800.0
5092.301089634698,-0.0154798989592946,-0.0044377445359345,0.05538,1800.0
5092.402683367532,-0.0153945324576944,-0.0047254645812017,0.05538,1800.0
5092.503246178429,-0.0153919999999999,-0.004734,0.05538,1800.0
5092.6038128040245,-0.0136312405018593,-0.0042933713355391,0.05538,1800.0
5092.704353680413,-0.0070695330245904,-0.0026510492436401,0.05538,1800.0
5092.804930558007,0.0002084036119441,-0.0008294808473639,0.05538,1800.0
5092.89962636451,0.00686721995395,0.0008371730813555,0.05538,1800.0
5093.000191798013,0.0104988172188726,0.0017461630304296,0.05538,1800.0
5093.100781073373,0.0106139999999999,0.001775,0.05538,1800.0
5093.201368202966,0.0106349105480688,0.0016508199251364,0.05538,1800.0
5093.30190311889,0.0107008449555798,0.0010485803587582,0.05538,1800.0
5093.402474274438,0.0107382228931469,-0.0004624197459986,0.05538,1800.0
5093.50427304725,0.0105767269946065,-0.0019486016407848,0.05538,1800.0
5093.60483538131,0.0102028494839399,-0.0034136226953455,0.05538,1800.0
5093.695353379052,0.0096421966407885,-0.0047367378192,0.05538,1800.0
5093.79593287925,0.0088763795600693,-0.0060477077779738,0.05538,1800.0
5093.896503081124,0.0079672640715949,-0.0071993449147327,0.05538,1800.0
5093.997060885232,0.0068738465273461,-0.0082390465603105,0.05538,1800.0
5094.097634186547,0.0056754091855291,-0.009112237085035,0.05538,1800.0
5094.198201527398,0.0043514830804274,-0.0098130274759404,0.05538,1800.0
5094.2991026542595,0.0028820474638887,-0.0103422952577872,0.05538,1800.0
5094.399584164422,0.0014292692675037,-0.0106438225613044,0.05538,1800.0
5094.50015031318,-3.300565347788553e-05,-0.010743033301094,0.05538,1800.0
5094.600729336541,-0.0015890170159857,-0.0106380391460519,0.05538,1800.0
5094.701297631066,-0.0030341464779701,-0.0103279659689863,0.05538,1800.0
5094.801872362893,-0.0044412826565031,-0.0098013318350763,0.05538,1800.0
5094.902438034814,-0.0057905385524878,-0.0090533066594252,0.05538,1800.0
5095.003016342919,-0.0069734347868121,-0.0081665893753463,0.05538,1800.0
5095.103582730096,-0.0080462254186765,-0.0071143451876276,0.05538,1800.0
5095.204151739877,-0.0089465255599919,-0.005941351453735,0.05538,1800.0
5095.294928660195,-0.009610052301029,-0.0047817815704997,0.05538,1800.0
5095.395494808953,-0.0101786900025153,-0.0033985915738761,0.05538,1800.0
5095.496066679757,-0.0105616946815127,-0.001939389641858,0.05538,1800.0
5095.604421486657,-0.0107400351711373,-0.000302519496602,0.05538,1800.0
5095.694935431283,-0.010705821496481,0.0010131881299665,0.05538,1800.0
5095.795503964227,-0.0104553350840762,0.0025326789638653,0.05538,1800.0
5095.89712463836,-0.0099940335832556,0.0039711508505739,0.05538,1800.0
5095.997694840234,-0.009348852937967,0.0053130793172254,0.05538,1800.0
5096.098269333642,-0.0084934253037102,0.006567363752384,0.05538,1800.0
5096.198625435632,-0.0074979455933436,0.0076857998031475,0.05538,1800.0
5096.29919325332,-0.0063558654979548,0.0086503450948315,0.05538,1800.0
5096.399744858544,-0.0050827242890507,0.0094524760042231,0.05538,1800.0
5096.500316014092,-0.0037131751441915,0.010071897975437,0.05538,1800.0
5096.600897898476,-0.0022869900325643,0.0104933393823689,0.05538,1800.0
5096.701461901467,-0.0008226034170249,0.0107045247192977,0.05538,1800.0
5096.801980604928,0.0006978001370099,0.0107141000032995,0.05538,1800.0
5096.902541985314,0.002252422869265,0.010510711096173,0.05538,1800.0
5097.003101935189,0.0036371789308076,0.0101294126907804,0.05538,1800.0
5097.1036726139,0.0050123675353763,0.0095206080367438,0.05538,1800.0
5097.204243292611,0.0063035913146519,0.008704168184198,0.05538,1800.0
5097.304824461739,0.0074492680767095,0.0077396060944512,0.05538,1800.0
5097.395292629998,0.0083579489048355,0.006744658782416,0.05538,1800.0
5097.495863547128,0.0092304587854261,0.0054806613097893,0.05538,1800.0
5097.599366535943,0.0099193239991142,0.004107859519321,0.05538,1800.0
5097.699928154748,0.010374865705556,0.0027445792736187,0.05538,1800.0
5097.8004814289025,0.0106008981223152,0.0018448124560949,0.05538,1800.0
5097.901051153939,0.0106139999999999,0.001775,0.05538,1800.0
5098.001541008752,0.0102771097021084,0.0024544729227979,0.05538,1800.0
5098.102098812859,0.0082864421919431,0.0064695223488864,0.05538,1800.0
5098.202684750359,0.0050315216874734,0.013034968558771,0.05538,1800.0
5098.30324541549,0.0047695246289179,0.0135635720541114,0.05538,1800.0
5098.403802265923,0.004748,0.0136069999999999,0.05538,1800.0
5098.504367937844,0.0047263827452054,0.013613765112112,0.05538,1800.0
5098.604951491158,0.0037815385071873,0.0138885574654452,0.05538,1800.0
5098.695487608712,0.0025299328272298,0.0141592157814792,0.05538,1800.0
5098.79604875068,0.0010225150947472,0.0143471091344102,0.05538,1800.0
5098.896615853112,-0.0004930372254668,0.0143789463622098,0.05538,1800.0
5099.000763764184,-0.0020413673515989,0.0142401758333711,0.05538,1800.0
5099.101316561501,-0.0035808424418293,0.013941485667235,0.05538,1800.0
5099.201874365609,-0.0050074672555637,0.0134947646373636,0.05538,1800.0
5099.302441944878,-0.0063262878543775,0.0129313183614391,0.05538,1800.0
5099.403003802102,-0.0076136923477977,0.012162802389332,0.05538,1800.0
5099.5036698482445,-0.008936216948062,0.0112781112579664,0.05538,1800.0
5099.604231943887,-0.0100521199788167,0.0103030126340767,0.05538,1800.0
5099.70479547004,-0.0110651752313101,0.0092019110407568,0.05538,1800.0
5099.798514714043,-0.0118922495605297,0.0080926633844941,0.05538,1800.0
5099.899089684289,-0.0126621053164183,0.0068280273969747,0.05538,1800.0
5099.999647965234,-0.0133072034342077,0.0054594893374637,0.05538,1800.0
5100.100197901528,-0.0137744187342645,0.0041897479845139,0.05538,1800.0
5100.200755228799,-0.0140540874662378,0.0031037407265905,0.05538,1800.0
5100.301313271325,-0.0142638858064288,0.0019324736700105,0.05538,1800.0
5100.401867022317,-0.0143783724657408,0.0005621377394927,0.05538,1800.0
5100.502429356377,-0.0143699288705276,-0.000916025890595,0.05538,1800.0
5100.602991213601,-0.014226667536174,-0.0022394310731836,0.05538,1800.0
5100.703519930642,-0.0139937341681456,-0.0034087098161008,0.05538,1800.0
5100.804074158471,-0.0135538175036122,-0.0048351153375115,0.05538,1800.0
5100.904624571603,-0.0129738720043085,-0.006218866014633,0.05538,1800.0
5100.995072474282,-0.0123401975948179,-0.0073934107750752,0.05538,1800.0
5101.095649351876,-0.0114802871333826,-0.0086535592442736,0.05538,1800.0
5101.198625435632,-0.0104701773325633,-0.0098653285800033,0.05538,1800.0
5101.299172749322,-0.0093911849055314,-0.0108985251705469,0.05538,1800.0
5101.399729122918,-0.0082212310900852,-0.0118126733464439,0.05538,1800.0
5101.500285973351,-0.0069530985264656,-0.0126035121170258,0.05538,1800.0
5101.60084187011,-0.0055763604100456,-0.0132741931114736,0.05538,1800.0
5101.701406349938,-0.0041767961378702,-0.0137874525171696,0.05538,1800.0
5101.801995863717,-0.0027124749393184,-0.0141448283890756,0.05538,1800.0
5101.902566304009,-0.0012668811569285,-0.0143440254929106,0.05538,1800.0
5102.003147949975,0.0002645318306817,-0.0143903030851968,0.05538,1800.0
5102.103723158639,0.0017926588954597,-0.0142737305033864,0.05538,1800.0
5102.204275955956,0.003251969756026,-0.0140112158358319,0.05538,1800.0
5102.304838290017,0.0046852377744545,-0.0136016495724931,0.05538,1800.0
5102.395345558923,0.0059613179412885,-0.0130900650205076,0.05538,1800.0
5102.495909561913,0.00731067500139,-0.0123925120408506,0.05538,1800.0
5102.598544945519,0.0085815812493036,-0.0115531379488973,0.05538,1800.0
5102.699143519204,0.009776836666426,-0.0105666091951112,0.05538,1800.0
5102.799707283776,0.0107950323130529,-0.0095385708967154,0.05538,1800.0
5102.900272717278,0.011747084700948,-0.0083303411941678,0.05538,1800.0
5103.000843157571,0.01254683211231,-0.0070749547490727,0.05538,1800.0
5103.101411928933,0.0130975284946053,-0.0059743785241936,0.05538,1800.0
5103.201989521783,0.0136054114076917,-0.0046858765696695,0.05538,1800.0
5103.302567829888,0.0140032160244878,-0.0032919174309404,0.05538,1800.0
5103.403136124413,0.0142676246848515,-0.0017787201916123,0.05538,1800.0
5103.503683914941,0.0143809707406867,-0.0002809469562642,0.05538,1800.0
5103.604261984628,0.0143296257376256,0.0011954493621259,0.05538,1800.0
5103.704794039529,0.0141233985225388,0.00272812738637,0.05538,1800.0
5103.7953034542015,0.0138078571132465,0.0040690179113356,0.05538,1800.0
5103.895871987145,0.0133465013463512,0.0054113082278491,0.05538,1800.0
5103.9965997837,0.0126748352224583,0.0068473687384864,0.05538,1800.0
5104.097168555062,0.0118777139914927,0.0081320757939847,0.05538,1800.0
5104.19773804168,0.0109727186122203,0.0093214914538978,0.05538,1800.0
5104.298308243554,0.0099554255692756,0.0103858046987111,0.05538,1800.0
5104.398835291665,0.0088236106880888,0.0113674193510195,0.05538,1800.0
5104.499357332986,0.0075641703409222,0.0122359589954308,0.05538,1800.0
5104.599922051232,0.0062289238063544,0.012963344084888,0.05538,1800.0
5104.70049654464,0.0051729693809525,0.013441967200113,0.05538,1800.0
5104.80108415107,0.004748,0.0136069999999999,0.05538,1800.0
5104.9016462467125,0.0047645587575959,0.0135043267883653,0.05538,1800.0
5105.002204766076,0.0050358785344044,0.0118230047130664,0.05538,1800.0
5105.102766146462,0.0062072126732299,0.0045656288197741,0.05538,1800.0
5105.203297962945,0.0074426619574606,-0.0030889609286087,0.05538,1800.0
5105.303873410027,0.0083622265643037,-0.0087863762589547,0.05538,1800.0
5105.4044388435295,0.0084269392706377,-0.009186708499061,0.05538,1800.0
5105.494939198296,0.0084269999999999,-0.009187,0.05538,1800.0
5105.5955239437035,0.0081184151272641,-0.0094588339946807,0.05538,1800.0
5105.696130146783,0.0071445812720137,-0.0101766210888776,0.05538,1800.0
5105.798718561929,0.0058248255549869,-0.0109890786229881,0.05538,1800.0
5105.899296154778,0.0044643452758367,-0.0116036924106613,0.05538,1800.0
5105.999926676553,0.0030153450136754,-0.012063915712573,0.05538,1800.0
5106.100520005029,0.0015395156125694,-0.0123480107207076,0.05538,1800.0
5106.201073517602,4.331247860363263e-05,-0.0124475282624768,0.05538,1800.0
5106.301645388406,-0.001421915128709,-0.0123704547317045,0.05538,1800.0
5106.402983774941,-0.0029531416512297,-0.0121055753976922,0.05538,1800.0
5106.503509154122,-0.0044098084638444,-0.0116547845330176,0.05538,1800.0
5106.604083885949,-0.0058028276353939,-0.0110157241683657,0.05538,1800.0
5106.704645266335,-0.0070583716524688,-0.0102541478361231,0.05538,1800.0
5106.795158257287,-0.0081098761285131,-0.0094353828298619,0.05538,1800.0
5106.896737208169,-0.0092205971330644,-0.0083593672742323,0.05538,1800.0
5106.997289051812,-0.0101676698545844,-0.0071759454819936,0.05538,1800.0
5107.097846617501,-0.0109356163982761,-0.0059411644191066,0.05538,1800.0
5107.198403229516,-0.0115579371909017,-0.0046120101426539,0.05538,1800.0
5107.298965086739,-0.0120471249256416,-0.0031467881999339,0.05538,1800.0
5107.399488558572,-0.0123392538060475,-0.0016942083715622,0.05538,1800.0
5107.500090708535,-0.012458029943495,-0.0001341404983778,0.05538,1800.0
5107.600676646035,-0.0123784424307299,0.0014006437811591,0.05538,1800.0
5107.701443781655,-0.0121082471444877,0.002888890777453,0.05538,1800.0
5107.801991810601,-0.0116820670208919,0.0042879745571081,0.05538,1800.0
5107.902518143456,-0.011078438926275,0.0056511385894629,0.05538,1800.0
5108.003066172402,-0.0102942552924092,0.006975981395859,0.05538,1800.0
5108.103706469338,-0.0093877242518045,0.0081635794114605,0.05538,1800.0
5108.1955131195,-0.0084499532019339,0.0091330436987572,0.05538,1800.0
5108.296073546212,-0.0072971730352139,0.0100901054014482,0.05538,1800.0
5108.396814455788,-0.006042204015519,0.0108852631024674,0.05538,1800.0
5108.497359146874,-0.0046739917072241,0.0115426893150805,0.05538,1800.0
5108.597932686608,-0.0032662312898514,0.012019053972794,0.05538,1800.0
5108.698494305413,-0.0017047776467981,0.0123527381253943,0.05538,1800.0
5108.799078335564,-0.0002715289270087,0.0124577667865814,0.05538,1800.0
5108.900636305611,0.0012211882336898,0.0123961392470127,0.05538,1800.0
5109.001333107751,0.0027848078851011,0.0121224339859818,0.05538,1800.0
5109.102050652306,0.0041877507749557,0.0117115623430112,0.05538,1800.0
5109.202725281518,0.0055361205335811,0.0111306428217202,0.05538,1800.0
5109.30342995147,0.006840077955256,0.0103850946662285,0.05538,1800.0
5109.404047121804,0.0080430807960462,0.0094810673092403,0.05538,1800.0
5109.504612555306,0.0091568883449739,0.0084158294909432,0.05538,1800.0
5109.595076193612,0.0100614965900717,0.0073280474100085,0.05538,1800.0
5109.696637024682,0.0108855563737144,0.0060586640370509,0.05538,1800.0
5109.79720818023,0.0115249153949404,0.0047324965579205,0.05538,1800.0
5109.897779335778,0.0120117270283019,0.0033084671695592,0.05538,1800.0
5109.99834143142,0.0123261721295355,0.0018013864903855,0.05538,1800.0
5110.098906626504,0.0124561176954582,0.0003361148188899,0.05538,1800.0
5110.19947301368,0.0123938759938752,-0.0011552867282064,0.05538,1800.0
5110.300033678811,0.0121537285078609,-0.0026463492791714,0.05538,1800.0
5110.400595297616,0.011750902642836,-0.0040817780327686,0.05538,1800.0
5110.501963009637,0.0111662135071953,-0.005476819359256,0.05538,1800.0
5110.602513422768,0.0104309728483475,-0.0067837799676879,0.05538,1800.0
5110.703085055154,0.0095432293105617,-0.0079796372397029,0.05538,1800.0
5110.8037067554405,0.0087028684176553,-0.0089187800136033,0.05538,1800.0
5110.904240240853,0.008427,-0.009187,0.05538,1800.0
5111.004808773797,0.008427,-0.009187,0.05538,0.0
