7399.099178791046,-0.0055831999999999965,0.015141600000000033,0.019880000000000002,1800.0
7399.199189424515,-0.007012299999999999,0.014527500000000027,0.019880000000000002,1800.0
7399.299193143845,-0.008485099999999995,0.013721100000000042,0.019880000000000002,1800.0
7399.399183750153,-0.008485099999999995,0.013721100000000042,0.019880000000000002,1800.0
7399.499183893204,-0.009867200000000007,0.01276759999999999,0.019880000000000002,1800.0
7399.599305868149,-0.011049799999999999,0.01175130000000002,0.019880000000000002,1800.0
7399.6991856098175,-0.012215199999999996,0.01054250000000001,0.019880000000000002,1800.0
7399.799226284027,-0.0132409,0.009213200000000032,0.019880000000000002,1800.0
7399.899202108383,-0.014065800000000003,0.007890300000000017,0.019880000000000002,1800.0
7399.999186515808,-0.0148181,0.006389199999999984,0.019880000000000002,1800.0
7400.099182844162,-0.015429700000000005,0.004697500000000021,0.019880000000000002,1800.0
7400.199151515961,-0.015815199999999988,0.003186800000000045,0.019880000000000002,1800.0
7400.2991762161255,-0.016052499999999997,0.001645500000000022,0.019880000000000002,1800.0
7400.399174690247,-0.016052499999999997,0.001645500000000022,0.019880000000000002,1800.0
7400.499187231064,-0.016130000000000005,-0.00015179999999997973,0.019880000000000002,1800.0
7400.599301338196,-0.016045699999999996,-0.0017087999999999548,0.019880000000000002,1800.0
7400.69909954071,-0.015801400000000007,-0.003248899999999999,0.019880000000000002,1800.0
7400.799041986465,-0.01537630000000001,-0.0048731999999999664,0.019880000000000002,1800.0
7400.899151802063,-0.014840799999999987,-0.006337599999999999,0.019880000000000002,1800.0
7400.999175071716,-0.0140937,-0.007841299999999995,0.019880000000000002,1800.0
7401.099080562592,-0.013205500000000009,-0.009265999999999996,0.019880000000000002,1800.0
7401.199150323868,-0.012172299999999997,-0.01058950000000003,0.019880000000000002,1800.0
7401.299195051193,-0.011091000000000004,-0.011712799999999968,0.019880000000000002,1800.0
7401.399186849594,-0.00981689999999999,-0.012806499999999998,0.019880000000000002,1800.0
7401.499173164368,-0.00843039999999999,-0.01375369999999998,0.019880000000000002,1800.0
7401.5991814136505,-0.007062799999999994,-0.014502399999999971,0.019880000000000002,1800.0
7401.699182271957,-0.007062799999999994,-0.014502399999999971,0.019880000000000002,1800.0
7401.79918885231,-0.005519300000000005,-0.015162999999999982,0.019880000000000002,1800.0
7401.899174690247,-0.004027599999999992,-0.015616699999999983,0.019880000000000002,1800.0
7401.999186992645,-0.0023827000000000015,-0.015952599999999983,0.019880000000000002,1800.0
7402.099209547043,-0.0011395000000000016,-0.01609239999999995,0.019880000000000002,1800.0
7402.199140071869,0.00018019999999999148,-0.01613300000000001,0.019880000000000002,1800.0
7402.299190044403,0.0018557000000000018,-0.016025200000000017,0.019880000000000002,1800.0
7402.39919090271,0.0035115000000000146,-0.015746499999999997,0.019880000000000002,1800.0
7402.4991800785065,0.004901900000000015,-0.015374099999999946,0.019880000000000002,1800.0
7402.599174022675,0.006470800000000013,-0.014775599999999944,0.019880000000000002,1800.0
7402.699193239212,0.00797210000000001,-0.014023699999999972,0.019880000000000002,1800.0
7402.7991325855255,0.00797210000000001,-0.014023699999999972,0.019880000000000002,1800.0
7402.89918756485,0.0093868,-0.013119999999999965,0.019880000000000002,1800.0
7402.999190092087,0.010606000000000004,-0.012148299999999945,0.019880000000000002,1800.0
7403.099177122116,0.011815999999999993,-0.010984500000000008,0.019880000000000002,1800.0
7403.19907283783,0.012821700000000005,-0.009792999999999996,0.019880000000000002,1800.0
7403.299152612686,0.013766799999999996,-0.008405200000000002,0.019880000000000002,1800.0
7403.3991503715515,0.014570299999999994,-0.0069310000000000205,0.019880000000000002,1800.0
7403.499165058136,0.01520740000000001,-0.005377599999999982,0.019880000000000002,1800.0
7403.59920835495,0.015656299999999998,-0.00388440000000001,0.019880000000000002,1800.0
7403.699088096619,0.015963199999999997,-0.002355800000000019,0.019880000000000002,1800.0
7403.799143791199,0.0161173,-0.0005634999999999946,0.019880000000000002,1800.0
7403.899173974991,0.016100599999999993,0.0009953999999999796,0.019880000000000002,1800.0
7403.99916934967,0.016100599999999993,0.0009953999999999796,0.019880000000000002,1800.0
7404.099148273468,0.015888600000000003,0.002781300000000042,0.019880000000000002,1800.0
7404.199182510376,0.015545900000000001,0.004302300000000037,0.019880000000000002,1800.0
7404.29918718338,0.0150623,0.0057847000000000315,0.019880000000000002,1800.0
7404.3991730213165,0.014376100000000003,0.007317100000000021,0.019880000000000002,1800.0
7404.4991726875305,0.013602500000000003,0.008670699999999976,0.019880000000000002,1800.0
7404.599175453186,0.012629600000000005,0.01003900000000002,0.019880000000000002,1800.0
7404.69918012619,0.011513800000000005,0.011293500000000012,0.019880000000000002,1800.0
7404.799145936966,0.010281200000000004,0.012433500000000042,0.019880000000000002,1800.0
7404.899188041687,0.009032000000000012,0.013366500000000003,0.019880000000000002,1800.0
7404.999170064926,0.007592500000000002,0.014230500000000035,0.019880000000000002,1800.0
7405.099189043045,0.007592500000000002,0.014230500000000035,0.019880000000000002,1800.0
7405.19921207428,0.005963300000000005,0.01499320000000004,0.019880000000000002,1800.0
7405.299204587936,0.004601999999999995,0.015460800000000052,0.019880000000000002,1800.0
7405.399172544479,0.002970400000000012,0.01585740000000002,0.019880000000000002,1800.0
7405.499200105667,0.001306400000000013,0.016081899999999982,0.019880000000000002,1800.0
7405.599423408508,-0.0002521000000000051,0.0161269,0.019880000000000002,1800.0
7405.699133872986,-0.0012560999999999961,0.016080600000000056,0.019880000000000002,1800.0
7405.799082994461,-0.0028105999999999964,0.01588120000000004,0.019880000000000002,1800.0
7405.899082660675,-0.004448699999999986,0.015512300000000034,0.019880000000000002,1800.0
7405.999136924744,-0.005281999999999995,0.015241999999999978,0.019880000000000002,1800.0
7406.099226951599,-0.005281999999999995,0.015241999999999978,0.019880000000000002,1800.0
7406.199188947678,-0.005530499999999994,0.014461000000000002,0.019880000000000002,1800.0
7406.29917383194,-0.005530499999999994,0.014461000000000002,0.019880000000000002,0.0
7406.399088144302,-0.008075800000000008,0.006460299999999974,0.019880000000000002,0.0
7406.599045991898,-0.01062500000000001,-0.001552999999999971,0.019880000000000002,0.0
7406.6990423202515,-0.01062500000000001,-0.001552999999999971,0.019880000000000002,1800.0
7406.7990345954895,-0.01063660000000001,-0.0014745999999999926,0.019880000000000002,1800.0
7406.899039983749,-0.010743100000000005,8.230000000003512e-05,0.019880000000000002,1800.0
7406.9990956783295,-0.010611099999999998,0.0016351000000000004,0.019880000000000002,1800.0
7407.099121570587,-0.01023049999999999,0.003269199999999972,0.019880000000000002,1800.0
7407.199120759964,-0.00965089999999999,0.004716100000000001,0.019880000000000002,1800.0
7407.299119710922,-0.008793200000000001,0.006157899999999994,0.019880000000000002,1800.0
7407.399131774902,-0.007729499999999986,0.007455299999999998,0.019880000000000002,1800.0
7407.499163866043,-0.007729499999999986,0.007455299999999998,0.019880000000000002,1800.0
7407.599151134491,-0.0065699999999999925,0.008495900000000056,0.019880000000000002,1800.0
7407.699179172516,-0.0051644999999999885,0.009412299999999985,0.019880000000000002,1800.0
7407.799174308777,-0.0036367999999999956,0.010106300000000012,0.019880000000000002,1800.0
7407.89918422699,-0.002135999999999999,0.010525900000000032,0.019880000000000002,1800.0
7407.999188899994,-0.0004698999999999953,0.010723700000000003,0.019880000000000002,1800.0
7408.099175453186,0.0012071999999999916,0.010675800000000013,0.019880000000000002,1800.0
7408.199187755585,0.002853500000000009,0.010350499999999985,0.019880000000000002,1800.0
7408.299197435379,0.004432800000000001,0.009783600000000003,0.019880000000000002,1800.0
7408.399198055267,0.005903100000000008,0.008974499999999996,0.019880000000000002,1800.0
7408.499153852463,0.0071339000000000125,0.008019200000000004,0.019880000000000002,1800.0
7408.599138498306,0.008223599999999998,0.006905600000000012,0.019880000000000002,1800.0
7408.699184417725,0.008223599999999998,0.006905600000000012,0.019880000000000002,1800.0
7408.7994384765625,0.009200399999999997,0.005541700000000038,0.019880000000000002,1800.0
7408.89919257164,0.009901000000000007,0.00414990000000004,0.019880000000000002,1800.0
7408.999187707901,0.010431200000000002,0.002557900000000002,0.019880000000000002,1800.0
7409.099190235138,0.010699300000000009,0.000901900000000011,0.019880000000000002,1800.0
7409.199172973633,0.010713199999999992,-0.0006559999999999899,0.019880000000000002,1800.0
7409.299131631851,0.010432799999999992,-0.002551799999999993,0.019880000000000002,1800.0
7409.399186372757,0.009995500000000004,-0.0039223999999999926,0.019880000000000002,1800.0
7409.499189376831,0.009322299999999992,-0.005327699999999935,0.019880000000000002,1800.0
7409.599169492722,0.00838520000000001,-0.006719899999999945,0.019880000000000002,1800.0
7409.699213981628,0.007228100000000015,-0.007934899999999967,0.019880000000000002,1800.0
7409.799199104309,0.0060061,-0.008901300000000001,0.019880000000000002,1800.0
7409.899151563644,0.0060061,-0.008901300000000001,0.019880000000000002,1800.0
7409.9994695186615,0.004547400000000007,-0.00973029999999997,0.019880000000000002,1800.0
7410.099164962769,0.0029749000000000025,-0.010315500000000033,0.019880000000000002,1800.0
7410.199186563492,0.0014510000000000078,-0.010657499999999986,0.019880000000000002,1800.0
7410.299189090729,-0.00022379999999999622,-0.010736199999999974,0.019880000000000002,1800.0
7410.405324459076,-0.0018930000000000058,-0.010567300000000002,0.019880000000000002,1800.0
7410.499633312225,-0.0034047999999999995,-0.010189499999999962,0.019880000000000002,1800.0
7410.599143028259,-0.0049485999999999974,-0.00953130000000002,0.019880000000000002,1800.0
7410.699172258377,-0.0063711000000000045,-0.008641600000000027,0.019880000000000002,1800.0
7410.799144029617,-0.0076444999999999985,-0.007548999999999972,0.019880000000000002,1800.0
7410.89915060997,-0.008650399999999989,-0.006358799999999998,0.019880000000000002,1800.0
7410.999171495438,-0.008650399999999989,-0.006358799999999998,0.019880000000000002,1800.0
7411.099076509476,-0.009538599999999994,-0.004935399999999979,0.019880000000000002,1800.0
7411.199148416519,-0.010194599999999998,-0.003390599999999966,0.019880000000000002,1800.0
7411.299082517624,-0.010569399999999993,-0.0018803999999999488,0.019880000000000002,1800.0
7411.399124860764,-0.01062500000000001,-0.001552999999999971,0.019880000000000002,1800.0
7411.499169111252,-0.01062500000000001,-0.001552999999999971,0.019880000000000002,0.0
7411.599189043045,-0.009352600000000003,0.0025028000000000272,0.019880000000000002,0.0
7411.999159574509,-0.006020999999999999,0.013121999999999967,0.019880000000000002,0.0
7412.099171876907,-0.006410699999999991,0.01292800000000005,0.019880000000000002,1800.0
7412.19908118248,-0.006410699999999991,0.01292800000000005,0.019880000000000002,1800.0
7412.299195766449,-0.007872099999999993,0.012101399999999984,0.019880000000000002,1800.0
7412.399188518524,-0.0091276,0.011176900000000045,0.019880000000000002,1800.0
7412.499134063721,-0.010367200000000007,0.010044700000000018,0.019880000000000002,1800.0
7412.599187612534,-0.011458900000000008,0.008769199999999977,0.019880000000000002,1800.0
7412.699087142944,-0.012305299999999991,0.007543500000000036,0.019880000000000002,1800.0
7412.799153327942,-0.012810199999999994,0.006652500000000006,0.019880000000000002,1800.0
7412.899188041687,-0.013490500000000002,0.0051175000000000526,0.019880000000000002,1800.0
7412.99920964241,-0.013971499999999998,0.0036345000000000405,0.019880000000000002,1800.0
7413.099152088165,-0.014274999999999996,0.001986400000000055,0.019880000000000002,1800.0
7413.199159145355,-0.014429999999999998,0.0003134000000000192,0.019880000000000002,1800.0
7413.2990798950195,-0.014429999999999998,0.0003134000000000192,0.019880000000000002,1800.0
7413.399143457413,-0.014378099999999991,-0.0012448999999999932,0.019880000000000002,1800.0
7413.499165773392,-0.014135599999999998,-0.002905999999999964,0.019880000000000002,1800.0
7413.599180221558,-0.013703800000000002,-0.004528399999999988,0.019880000000000002,1800.0
7413.699181556702,-0.013079599999999997,-0.006086499999999939,0.019880000000000002,1800.0
7413.799162864685,-0.012430799999999992,-0.007326600000000016,0.019880000000000002,1800.0
7413.899177074432,-0.011896599999999993,-0.008165499999999992,0.019880000000000002,1800.0
7413.9991636276245,-0.010789999999999994,-0.009583000000000008,0.019880000000000002,1800.0
7414.099174499512,-0.009694999999999995,-0.010692800000000002,0.019880000000000002,1800.0
7414.199070453644,-0.008386199999999996,-0.01174409999999998,0.019880000000000002,1800.0
7414.299137592316,-0.007071999999999995,-0.012582899999999952,0.019880000000000002,1800.0
7414.3991894721985,-0.005561099999999999,-0.013314499999999951,0.019880000000000002,1800.0
7414.499158382416,-0.005561099999999999,-0.013314499999999951,0.019880000000000002,1800.0
7414.599180221558,-0.003979200000000002,-0.013877100000000031,0.019880000000000002,1800.0
7414.699175357819,-0.0024575000000000014,-0.01421610000000001,0.019880000000000002,1800.0
7414.799187421799,-0.0006704000000000016,-0.014418699999999951,0.019880000000000002,1800.0
7414.89919257164,0.0008886999999999923,-0.014403999999999972,0.019880000000000002,1800.0
7414.999203681946,0.002437800000000004,-0.014228499999999977,0.019880000000000002,1800.0
7415.0991423130035,0.003956500000000002,-0.013876200000000005,0.019880000000000002,1800.0
7415.19916677475,0.005542900000000003,-0.01332709999999998,0.019880000000000002,1800.0
7415.299182891846,0.007050899999999999,-0.01258910000000002,0.019880000000000002,1800.0
7415.399186849594,0.008465700000000007,-0.011685999999999974,0.019880000000000002,1800.0
7415.599160432816,0.010855000000000004,-0.009508699999999981,0.019880000000000002,1800.0
7415.699175357819,0.010855000000000004,-0.009508699999999981,0.019880000000000002,1800.0
7415.7991778850555,0.011888600000000013,-0.00818559999999996,0.019880000000000002,1800.0
7415.899218559265,0.01275599999999999,-0.006748199999999982,0.019880000000000002,1800.0
7415.999181985855,0.013414399999999993,-0.005334799999999973,0.019880000000000002,1800.0
7416.09916472435,0.013936199999999996,-0.003739099999999995,0.019880000000000002,1800.0
7416.199184417725,0.014282000000000003,-0.0020962999999999954,0.019880000000000002,1800.0
7416.299169778824,0.014406000000000002,-0.0008347999999999689,0.019880000000000002,1800.0
7416.3991594314575,0.014423600000000009,0.00035370000000006785,0.019880000000000002,1800.0
7416.499195575714,0.0142761,0.002146500000000051,0.019880000000000002,1800.0
7416.599181890488,0.013985300000000006,0.0035561000000000065,0.019880000000000002,1800.0
7416.699182510376,0.013482099999999997,0.005157899999999993,0.019880000000000002,1800.0
7416.79931640625,0.013482099999999997,0.005157899999999993,0.019880000000000002,1800.0
7416.899206876755,0.012788000000000008,0.0066866000000000425,0.019880000000000002,1800.0
7416.999170064926,0.011927900000000005,0.008128299999999977,0.019880000000000002,1800.0
7417.099098682404,0.011054599999999998,0.009272400000000014,0.019880000000000002,1800.0
7417.199158668518,0.009907800000000008,0.010498400000000019,0.019880000000000002,1800.0
7417.2991280555725,0.008616399999999996,0.011571200000000004,0.019880000000000002,1800.0
7417.39915394783,0.007111900000000004,0.012555800000000006,0.019880000000000002,1800.0
7417.49907207489,0.005716500000000013,0.013251300000000021,0.019880000000000002,1800.0
7417.599115848541,0.004254100000000011,0.013791600000000015,0.019880000000000002,1800.0
7417.699169874191,0.0026238999999999985,0.014193500000000026,0.019880000000000002,1800.0
7417.799185752869,0.0009579000000000115,0.014400099999999971,0.019880000000000002,1800.0
7417.89918756485,-0.0007209999999999994,0.01441760000000003,0.019880000000000002,1800.0
7417.999181509018,-0.0007209999999999994,0.01441760000000003,0.019880000000000002,1800.0
7418.099186420441,-0.0022708000000000034,0.014247500000000024,0.019880000000000002,1800.0
7418.19916677475,-0.003911999999999999,0.01389410000000002,0.019880000000000002,1800.0
7418.299196481705,-0.005385899999999999,0.013386499999999968,0.019880000000000002,1800.0
7418.399148225784,-0.006020999999999999,0.013121999999999967,0.019880000000000002,1800.0
7418.499181509018,-0.006020999999999999,0.013121999999999967,0.019880000000000002,0.0
7418.599321365356,-0.006722699999999998,0.011453500000000005,0.019880000000000002,0.0
7418.999128103256,-0.012303999999999995,-0.0018189999999999595,0.019880000000000002,0.0
7419.099179029465,-0.012303999999999995,-0.0018189999999999595,0.019880000000000002,1800.0
7419.199164390564,-0.01240899999999999,-0.000783900000000004,0.019880000000000002,1800.0
7419.299179315567,-0.012416399999999994,0.0006542999999999966,0.019880000000000002,1800.0
7419.399163722992,-0.012218899999999991,0.002320500000000003,0.019880000000000002,1800.0
7419.499145030975,-0.011800900000000003,0.003946000000000005,0.019880000000000002,1800.0
7419.599107265472,-0.011212600000000003,0.005389900000000003,0.019880000000000002,1800.0
7419.699182033539,-0.010317099999999996,0.006948900000000036,0.019880000000000002,1800.0
7419.7991445064545,-0.009363400000000008,0.008181099999999997,0.019880000000000002,1800.0
7419.899142503738,-0.008176699999999995,0.009367300000000023,0.019880000000000002,1800.0
7419.9991726875305,-0.006944099999999995,0.01032050000000001,0.019880000000000002,1800.0
7420.099165916443,-0.005493100000000001,0.011164000000000007,0.019880000000000002,1800.0
7420.199154615402,-0.003940399999999997,0.011802900000000005,0.019880000000000002,1800.0
7420.299082517624,-0.003940399999999997,0.011802900000000005,0.019880000000000002,1800.0
7420.39914560318,-0.002314699999999989,0.012219800000000003,0.019880000000000002,1800.0
7420.499171257019,-0.0008879999999999999,0.01240979999999997,0.019880000000000002,1800.0
7420.599194526672,0.0007897999999999933,0.012408599999999992,0.019880000000000002,1800.0
7420.699082136154,0.0024544000000000094,0.012196100000000043,0.019880000000000002,1800.0
7420.799147844315,0.004073800000000002,0.011755100000000018,0.019880000000000002,1800.0
7420.899039506912,0.005512700000000009,0.011154700000000017,0.019880000000000002,1800.0
7420.999162435532,0.006961700000000001,0.010307899999999981,0.019880000000000002,1800.0
7421.0991904735565,0.008192900000000003,0.00935280000000005,0.019880000000000002,1800.0
7421.199153184891,0.009457900000000005,0.008075500000000013,0.019880000000000002,1800.0
7421.299145698547,0.010399099999999994,0.006833299999999987,0.019880000000000002,1800.0
7421.399181365967,0.011221800000000004,0.005370199999999992,0.019880000000000002,1800.0
7421.499166965485,0.011221800000000004,0.005370199999999992,0.019880000000000002,1800.0
7421.599128007889,0.01184310000000001,0.0038107000000000557,0.019880000000000002,1800.0
7421.6991629600525,0.012222400000000008,0.0022989999999999955,0.019880000000000002,1800.0
7421.799181938171,0.012417499999999998,0.0006325000000000358,0.019880000000000002,1800.0
7421.899179697037,0.012400800000000003,-0.000925499999999968,0.019880000000000002,1800.0
7421.999202251434,0.012173300000000012,-0.002588299999999988,0.019880000000000002,1800.0
7422.099196910858,0.011669100000000002,-0.0043148000000000075,0.019880000000000002,1800.0
7422.199064254761,0.011036400000000002,-0.0057395000000000085,0.019880000000000002,1800.0
7422.299079656601,0.010229200000000008,-0.007072500000000037,0.019880000000000002,1800.0
7422.3991549015045,0.009101899999999996,-0.0084727,0.019880000000000002,1800.0
7422.499203920364,0.00797429999999999,-0.009548500000000015,0.019880000000000002,1800.0
7422.5991044044495,0.006721100000000008,-0.010475499999999971,0.019880000000000002,1800.0
7422.69912815094,0.006721100000000008,-0.010475499999999971,0.019880000000000002,1800.0
7422.7991824150085,0.005355899999999997,-0.011228599999999977,0.019880000000000002,1800.0
7422.899112224579,0.00379560000000001,-0.011847599999999958,0.019880000000000002,1800.0
7422.999183177948,0.0020469000000000043,-0.012265299999999979,0.019880000000000002,1800.0
7423.099212646484,0.0004969999999999974,-0.012425299999999972,0.019880000000000002,1800.0
7423.199192762375,-0.0011807999999999957,-0.01238640000000002,0.019880000000000002,1800.0
7423.299154281616,-0.002953399999999995,-0.012084899999999954,0.019880000000000002,1800.0
7423.399152755737,-0.004329600000000003,-0.01166389999999995,0.019880000000000002,1800.0
7423.499170541763,-0.005858399999999986,-0.010971100000000011,0.019880000000000002,1800.0
7423.599125862122,-0.007183200000000001,-0.010150700000000012,0.019880000000000002,1800.0
7423.69912981987,-0.0085731,-0.00901059999999998,0.019880000000000002,1800.0
7423.799192905426,-0.0085731,-0.00901059999999998,0.019880000000000002,1800.0
7423.899161577225,-0.009638999999999995,-0.007873199999999969,0.019880000000000002,1800.0
7423.999086141586,-0.01054540000000001,-0.006604799999999966,0.019880000000000002,1800.0
7424.099086046219,-0.011337200000000006,-0.005124399999999973,0.019880000000000002,1800.0
7424.199152946472,-0.01188539999999999,-0.0036652999999999825,0.019880000000000002,1800.0
7424.299167871475,-0.012278799999999992,-0.0019679999999999698,0.019880000000000002,1800.0
7424.399183511734,-0.012303999999999995,-0.0018189999999999595,0.019880000000000002,1800.0
7424.4991664886475,-0.012303999999999995,-0.0018189999999999595,0.019880000000000002,0.0
7424.599105596542,-0.012303999999999995,-0.0018189999999999595,0.019880000000000002,0.0
7428.393230323768,-0.005281999999999995,-0.000386749466956271,0.019880000000000002,0.0
