4986.999853462049,0.012058,-0.0119813999999999,0.05467,0.0
4987.100424856016,0.0120584134239683,-0.0119622171278707,0.05467,0.0
4987.201003164121,0.0120996460517779,-0.0103604257463815,0.05467,0.0
4987.301570981809,0.012159423162736,-0.0080345353529696,0.05467,0.0
4987.402101129362,0.0122217277287141,-0.0056108081503563,0.05467,0.0
4987.502662032911,0.0122838752252751,-0.0031925655839017,0.05467,0.0
4987.603229135343,0.0123473300926582,-0.0007241396980183,0.05467,0.0
4987.70379385359,0.0124104280833999,0.0017289555645432,0.05467,0.0
4987.804359287092,0.0124716027783133,0.0041086779822167,0.05467,0.0
4987.904919236967,0.0125342445398987,0.0065464054003124,0.05467,0.0
4988.0054400861945,0.012597714172623,0.0090140698175972,0.05467,0.0
4988.106201738187,0.0126593480527133,0.0114133407726515,0.05467,0.0
4988.207293123075,0.0126844482209936,0.0123866046620935,0.05467,0.0
4988.297802537748,0.012685,0.0124079999999999,0.05467,0.0
4988.398362010786,0.0124278119370463,0.0126667707587256,0.05467,1800.0
4988.499048560926,0.0115467879973968,0.0134454349621737,0.05467,1800.0
4988.599716752836,0.0103850869718256,0.0144008868522832,0.05467,1800.0
4988.701281398603,0.0091490383345873,0.0152214550512868,0.05467,1800.0
4988.8020437658515,0.0078128719424323,0.0159145662852333,0.05467,1800.0
4988.9028030336585,0.006442004854082,0.0165190881997894,0.05467,1800.0
4989.003462880918,0.0049832571013852,0.0170212287745946,0.05467,1800.0
4989.1040216387,0.003569831323172,0.0173786189148079,0.05467,1800.0
4989.204598993131,0.0020507575549129,0.0176295276335837,0.05467,1800.0
4989.305179208585,0.0005666364546978,0.0177328513126486,0.05467,1800.0
4989.4057491720405,-0.0010253327863395,0.0177059134109555,0.05467,1800.0
4989.506332010099,-0.0024882936441254,0.0175599081357067,0.05467,1800.0
4989.596862167188,-0.0038479949317118,0.0173048718427082,0.05467,1800.0
4989.697434276411,-0.0053117351306324,0.0169107519964322,0.05467,1800.0
4989.798011392423,-0.0067171424022879,0.0164077188351355,0.05467,1800.0
4989.89926227934,-0.0080693175174848,0.0157891409011035,0.05467,1800.0
4989.999786466428,-0.0093535360098447,0.0150586972902461,0.05467,1800.0
4990.100356191465,-0.0106505447479832,0.01417763060537,0.05467,1800.0
4990.200934737989,-0.011824988021994,0.0132252654851772,0.05467,1800.0
4990.301490634748,-0.0128823281760323,0.0122067372832307,0.05467,1800.0
4990.402064651319,-0.0138658348925516,0.0110719440640528,0.05467,1800.0
4990.502641767332,-0.0147372786581171,0.0098627462172463,0.05467,1800.0
4990.603180497953,-0.0155529837279009,0.0085186837074975,0.05467,1800.0
4990.703743070432,-0.0162036881679578,0.0072080158159966,0.05467,1800.0
4990.80430254347,-0.0167446376792776,0.0058152840632247,0.05467,1800.0
4990.904861062833,-0.0171779024394336,0.0043569609427688,0.05467,1800.0
4991.005431264707,-0.0174901793178265,0.002885344705907,0.05467,1800.0
4991.1060079038825,-0.0176675900442683,0.0013943019619035,0.05467,1800.0
4991.206571430036,-0.0177271217300465,-0.0001200030745564,0.05467,1800.0
4991.297258704969,-0.0176705255649659,-0.001472516760293,0.05467,1800.0
4991.3978267610755,-0.0174887717242351,-0.0029530118250627,0.05467,1800.0
4991.499821037122,-0.0171807009700959,-0.0044609646095439,0.05467,1800.0
4991.600384086439,-0.0167269179902579,-0.0058981534655851,0.05467,1800.0
4991.701956600019,-0.0161689771673639,-0.0072809597079564,0.05467,1800.0
4991.802530139753,-0.0154535707167551,-0.0086869277922967,0.05467,1800.0
4991.903065055677,-0.0146533923914546,-0.0099857218867591,0.05467,1800.0
4992.003628820249,-0.0137675481462333,-0.0111642618859421,0.05467,1800.0
4992.104173034498,-0.0127953896816084,-0.0122679327794515,0.05467,1800.0
4992.2047098577705,-0.0117050679475217,-0.0133123607723215,0.05467,1800.0
4992.305246204206,-0.0105229960498332,-0.0142684219498738,0.05467,1800.0
4992.4058230818,-0.0092898497737713,-0.0151037543396678,0.05467,1800.0
4992.506386369535,-0.0079591929313876,-0.0158445393102581,0.05467,1800.0
4992.596897214719,-0.0066830111278886,-0.0164364405206695,0.05467,1800.0
4992.697459310361,-0.0053333160343098,-0.016925958175005,0.05467,1800.0
4992.79821166403,-0.0038532867704585,-0.0173132731727589,0.05467,1800.0
4992.898788303205,-0.0024017776551648,-0.0175674502703828,0.05467,1800.0
4992.999357312986,-0.000913126514009,-0.0177089044975599,0.05467,1800.0
4993.09992584593,0.0006219926410816,-0.017718308411822,0.05467,1800.0
4993.200499147245,0.0021224439224392,-0.017598448009468,0.05467,1800.0
4993.301070541212,0.0036226028232252,-0.0173522295022287,0.05467,1800.0
4993.401619523832,0.0050885558870859,-0.016986152685017,0.05467,1800.0
4993.502169460126,0.0064852736660688,-0.0164990857927432,0.05467,1800.0
4993.602907270261,0.007912979087726,-0.0158713246610148,0.05467,1800.0
4993.70346483595,0.009183961738712,-0.0151697636058676,0.05467,1800.0
4993.803975910017,0.0104338441953996,-0.0143545442301411,0.05467,1800.0
4993.904546350309,0.0116532865518621,-0.0133810343626352,0.05467,1800.0
4994.005114167997,0.0127106032620488,-0.0123719634243908,0.05467,1800.0
4994.105685085126,0.0137476371836516,-0.0111990927217305,0.05467,1800.0
4994.206243366071,0.0146653408006084,-0.0099719290305835,0.05467,1800.0
4994.29675850279,0.0153574783216349,-0.0088568102925258,0.05467,1800.0
4994.397324413129,0.0160481684141028,-0.0075135750076363,0.05467,1800.0
4994.49788674719,0.0166491059750522,-0.0060860058915562,0.05467,1800.0
4994.598456949064,0.0171118980630108,-0.0046566975834878,0.05467,1800.0
4994.698975175687,0.0174356105930004,-0.003219190870331,0.05467,1800.0
4994.799518436262,0.017642341305342,-0.0017378659048163,0.05467,1800.0
4994.900101751157,0.0177351792495246,-0.000254285197663,0.05467,1800.0
4995.000674098798,0.0177026042262745,0.0012242480814499,0.05467,1800.0
4995.101229757139,0.0175237730777099,0.0027575987573424,0.05467,1800.0
4995.201900571653,0.0172115346017074,0.004260514367938,0.05467,1800.0
4995.302467197248,0.0167857347552047,0.0057074785864412,0.05467,1800.0
4995.403048843214,0.0162486297070192,0.0071030246491146,0.05467,1800.0
4995.503628343412,0.0155757215209428,0.0084544154339671,0.05467,1800.0
4995.604193061658,0.0148022130792329,0.0097509615164934,0.05467,1800.0
4995.704745620557,0.0139274186829385,0.0109683187894484,0.05467,1800.0
4995.805930942365,0.0131167345559923,0.0119417855775207,0.05467,1800.0
4995.906493276426,0.012685,0.0124079999999999,0.05467,1800.0
4995.997125953504,0.0126825960991926,0.0124009279432679,0.05467,1800.0
4996.097685426542,0.0125610173724148,0.0120424503069828,0.05467,1800.0
4996.198236554929,0.0104730472297789,0.0058830232231104,0.05467,1800.0
4996.298769801923,0.0091453903878137,0.0019666278588558,0.05467,1800.0
4996.399263233015,0.008995,0.0015229999999999,0.05467,1800.0
4996.499823421308,0.0090604310058291,0.0009561193029458,0.05467,1800.0
4996.60043081648,0.0090849770118994,-0.0002610924852172,0.05467,1800.0
4996.700991481611,0.0089280855302779,-0.0017432341037533,0.05467,1800.0
4996.801551908323,0.0085229085209993,-0.0031703316671097,0.05467,1800.0
4996.9021097124305,0.0078931160379519,-0.0045148953487317,0.05467,1800.0
4997.002630561658,0.0070283405965768,-0.0057802675464851,0.05467,1800.0
4997.103150218793,0.0059776572554046,-0.0068700703574452,0.05467,1800.0
4997.203675121137,0.0048101088834042,-0.007752896904392,0.05467,1800.0
4997.304465144941,0.003460719509868,-0.0084386736446632,0.05467,1800.0
4997.40507301695,0.0019910336998172,-0.0088975601725826,0.05467,1800.0
4997.5056208074775,0.0005212673559865,-0.0090852618836852,0.05467,1800.0
4997.596137374708,-0.000861719551539,-0.0090486282553045,0.05467,1800.0
4997.697716087171,-0.0023385778093182,-0.008787115564907,0.05467,1800.0
4997.798289626905,-0.0037337361772965,-0.0082849705447936,0.05467,1800.0
4997.898891776868,-0.0050552768040032,-0.0075585837200514,0.05467,1800.0
4997.999451726743,-0.0062181718540353,-0.00662894114231,0.05467,1800.0
4998.100015729734,-0.0072347903361236,-0.0055118813137746,0.05467,1800.0
4998.200584262678,-0.0080764720398909,-0.0041926220335375,0.05467,1800.0
4998.301165908643,-0.0086663065586474,-0.0028398920500024,0.05467,1800.0
4998.401736110517,-0.0090124158214683,-0.0014314308069957,0.05467,1800.0
4998.502338975736,-0.0091190786261071,0.000148311404009,0.05467,1800.0
4998.603725999662,-0.0089770015983553,0.0015880380791581,0.05467,1800.0
4998.704305261442,-0.0085542559259948,0.0030868592730435,0.05467,1800.0
4998.804883569547,-0.0079311995398111,0.0044660421175499,0.05467,1800.0
4998.905466407606,-0.0070845459403581,0.0056931274067043,0.05467,1800.0
4999.006049007246,-0.0060645481069974,0.0067756967847816,0.05467,1800.0
4999.096556991407,-0.0050029278351929,0.0075919133056207,0.05467,1800.0
4999.197118610212,-0.0037016628788294,0.0083113683313635,0.05467,1800.0
4999.297690004179,-0.0023024726381126,0.0088049433849248,0.05467,1800.0
4999.398995012113,-0.00077404081484,0.0090721930684373,0.05467,1800.0
4999.4996152818885,0.000765727649917,0.0090839251461318,0.05467,1800.0
4999.600183576414,0.0021567177769396,0.008865446915285,0.05467,1800.0
4999.700712293455,0.0036138275695644,0.0083490406949171,0.05467,1800.0
4999.801270335981,0.0049846907967585,0.0076157760739087,0.05467,1800.0
4999.901818841764,0.0061764796513248,0.0066817374529303,0.05467,1800.0
5000.002383083173,0.0071867702744325,0.0055705838271856,0.05467,1800.0
5000.10292419798,0.0080000061089688,0.0043237227620211,0.05467,1800.0
5000.2034891546455,0.0085954334312545,0.0029556322813366,0.05467,1800.0
5000.304055541822,0.0089238236479482,0.0018962791179856,0.05467,1800.0
5000.404602617094,0.008995,0.0015229999999999,0.05467,1800.0
5000.505174964735,0.00908541557346,0.0016731070117001,0.05467,1800.0
5000.605730623075,0.0100460330433438,0.0032679843315262,0.05467,1800.0
5000.696242898771,0.0131661192028459,0.0084482785082176,0.05467,1800.0
5000.796819299528,0.0133904487018326,0.0088207969372233,0.05467,1800.0
5000.897420257398,0.0133989999999999,0.008835,0.05467,1800.0
5000.997998803922,0.0133060738959817,0.0089668762920447,0.05467,1800.0
5001.098806470701,0.0126464686402383,0.0098465996448441,0.05467,1800.0
5001.199377149412,0.011681358831785,0.0109708501934971,0.05467,1800.0
5001.30127558119,0.0105935115249726,0.0120273898765303,0.05467,1800.0
5001.401829809019,0.0094020078696234,0.0129747566370898,0.05467,1800.0
5001.502396196195,0.0081475816273144,0.013799625581,0.05467,1800.0
5001.602981656858,0.0068453654524695,0.0144950032916874,0.05467,1800.0
5001.703560203382,0.0054429679958804,0.0150772429454044,0.05467,1800.0
5001.804140895673,0.0039779749396847,0.0155356430142138,0.05467,1800.0
5001.904709190198,0.0025287746512078,0.0158414294834979,0.05467,1800.0
5002.00528988249,0.0009774836563032,0.0160134956167415,0.05467,1800.0
5002.105945915052,-0.0004755086534003,0.0160306074442895,0.05467,1800.0
5002.196467489072,-0.0018444131550789,0.0159214221507633,0.05467,1800.0
5002.297049135038,-0.0033271417683602,0.0156810142323778,0.05467,1800.0
5002.397616952726,-0.0047640587304101,0.0152994546944332,0.05467,1800.0
5002.49820885069,-0.0061947826306329,0.014777306209401,0.05467,1800.0
5002.598885625669,-0.0075602853466641,0.0141319949314626,0.05467,1800.0
5002.699436277219,-0.0088139294109769,0.0133848858102425,0.05467,1800.0
5002.799993366071,-0.0100267171361719,0.0125132674179009,0.05467,1800.0
5002.900556415388,-0.0111646187330232,0.0115065133201659,0.05467,1800.0
5003.001278489896,-0.0122186639685078,0.010385610681664,0.05467,1800.0
5003.101268619367,-0.0131192862397695,0.0092341237905141,0.05467,1800.0
5003.202337592908,-0.0139219954672904,0.0079496607126883,0.05467,1800.0
5003.302880853483,-0.0146340885513507,0.0065527255779017,0.05467,1800.0
5003.403452009031,-0.0151859243584041,0.0051321180016879,0.05467,1800.0
5003.504011005231,-0.0155917717995341,0.0036947946222051,0.05467,1800.0
5003.604574292966,-0.0158680076362858,0.0022464541267823,0.05467,1800.0
5003.705130666563,-0.0160018669679468,0.0007630295693877,0.05467,1800.0
5003.805691093275,-0.0160063197554132,-0.0007317871017853,0.05467,1800.0
5003.896201938459,-0.0158864996115965,-0.0020953933628048,0.05467,1800.0
5003.996769756147,-0.0156126378660613,-0.0036389225985363,0.05467,1800.0
5004.097329706022,-0.0152388947941088,-0.004997895580225,0.05467,1800.0
5004.1988686025825,-0.0147008966731088,-0.0064194890668997,0.05467,1800.0
5004.299432128736,-0.0139802497316279,-0.0078570279331158,0.05467,1800.0
5004.399996608564,-0.0131690023382265,-0.0091480495833843,0.05467,1800.0
5004.504405111143,-0.0122226768971787,-0.0103749633045935,0.05467,1800.0
5004.604927390882,-0.0112005313042154,-0.011464566329641,0.05467,1800.0
5004.705479711362,-0.0100939043788717,-0.0124513885506008,0.05467,1800.0
5004.806040138074,-0.0088887969872163,-0.0133324723178472,0.05467,1800.0
5004.896572202512,-0.0077412220006965,-0.0140348364563494,0.05467,1800.0
5004.997159570524,-0.0063792682798403,-0.0147005189760666,0.05467,1800.0
5005.097733348676,-0.0049336031926052,-0.0152549309724393,0.05467,1800.0
5005.199164003202,-0.0035048481951024,-0.015651962917443,0.05467,1800.0
5005.299719661542,-0.0020859523517397,-0.0159156927007689,0.05467,1800.0
5005.400273889371,-0.0004894669469299,-0.016036724925757,0.05467,1800.0
5005.500864595243,0.0010211939833142,-0.0160094252787054,0.05467,1800.0
5005.601421684095,0.0024751246839604,-0.0158436748219827,0.05467,1800.0
5005.701999515363,0.0039728126278588,-0.0155317544204398,0.05467,1800.0
5005.802541822263,0.0054363543711509,-0.0150758417280744,0.05467,1800.0
5005.905984968015,0.0068466290277204,-0.0144897937291426,0.05467,1800.0
5005.996484607526,0.0080338743769469,-0.0138700201044613,0.05467,1800.0
5006.097062438795,0.0093140675724157,-0.013039679807751,0.05467,1800.0
5006.197777122327,0.0105095873385183,-0.0120997876182369,0.05467,1800.0
5006.29835256941,0.0115778600982011,-0.0110905890069245,0.05467,1800.0
5006.398882001707,0.0125447854267752,-0.0099850642488409,0.05467,1800.0
5006.499440997907,0.0134572940641515,-0.0087376910633313,0.05467,1800.0
5006.599998086759,0.0141377493860079,-0.0075807523013315,0.05467,1800.0
5006.70087251074,0.0146011021666079,-0.0066449438679018,0.05467,1800.0
5006.801436990568,0.015129177682011,-0.0052950085593921,0.05467,1800.0
5006.902003616163,0.0155669164460796,-0.0038174088524952,0.05467,1800.0
5007.002540677854,0.0158507686777888,-0.0023563286245926,0.05467,1800.0
5007.103118509122,0.0159958660003183,-0.0008939758092657,0.05467,1800.0
5007.205259412595,0.0160125408729445,0.000624054426693,0.05467,1800.0
5007.305825561353,0.0158762722330018,0.002142042410907,0.05467,1800.0
5007.396324962446,0.0156371553857959,0.0034946103175782,0.05467,1800.0
5007.49690684683,0.0152523257336879,0.0049545987919606,0.05467,1800.0
5007.597552865812,0.0147322322472998,0.0063379108708305,0.05467,1800.0
5007.698125451871,0.0140450197892479,0.0077628356330428,0.05467,1800.0
5007.799502223798,0.0134227675206508,0.0087956049204597,0.05467,1800.0
5007.900079816648,0.0133992577364013,0.008834570439331,0.05467,1800.0
5008.000602334806,0.0133989999999999,0.008835,0.05467,1800.0
5008.101163953611,0.0118221770704302,0.00478376367436,0.05467,1800.0
5008.201720804044,0.0108625246393039,0.0023182021605949,0.05467,1800.0
5008.302301019498,0.010669,0.001821,0.05467,1800.0
5008.402874082395,0.0106714174695677,0.0018064486927941,0.05467,1800.0
5008.5034357012,0.0107284806532563,0.0012420536286687,0.05467,1800.0
5008.604720205137,0.0108013783530502,-0.0001093935270659,0.05467,1800.0
5008.705296605894,0.0106790257871586,-0.0016892629653869,0.05467,1800.0
5008.805853456327,0.0103391516543248,-0.0031453441199078,0.05467,1800.0
5008.896365016767,0.0098733268358144,-0.0044275210378847,0.05467,1800.0
5008.999826997587,0.0091380635537867,-0.0057850615651499,0.05467,1800.0
5009.1003518999305,0.0082635356352744,-0.0069721071972054,0.05467,1800.0
5009.200922101804,0.0072249689626742,-0.0080376107037791,0.05467,1800.0
5009.301472514936,0.0060703995592073,-0.0089363091615152,0.05467,1800.0
5009.402045100996,0.0047455943388124,-0.0096918220525952,0.05467,1800.0
5009.502617687055,0.0033429322351005,-0.0102618072500188,0.05467,1800.0
5009.60313901312,0.0018835857857195,-0.0106324919739482,0.05467,1800.0
5009.703703016111,0.0003692413940286,-0.0107973443163562,0.05467,1800.0
5009.80426558859,-0.001116860398227,-0.0107425374569739,0.05467,1800.0
5009.904832214185,-0.0026019740669737,-0.0104894819997889,0.05467,1800.0
5010.005394071409,-0.0039985682392152,-0.0100473316485815,0.05467,1800.0
5010.105957359144,-0.0053933448025935,-0.0093840945372685,0.05467,1800.0
5010.19652494795,-0.0064902943387756,-0.0086599341393338,0.05467,1800.0
5010.297087997266,-0.007645709847781,-0.0076232681777473,0.05467,1800.0
5010.401225894758,-0.0086781139566178,-0.0064284442559031,0.05467,1800.0
5010.501804202863,-0.0094819363024799,-0.0051705531358756,0.05467,1800.0
5010.602364391157,-0.010097903119229,-0.0038400862929505,0.05467,1800.0
5010.702933400938,-0.0105187860433827,-0.002402046444334,0.05467,1800.0
5010.803493589231,-0.0107605341785366,-0.0009082429744484,0.05467,1800.0
5010.904064983198,-0.0107857427304483,0.0005808613213131,0.05467,1800.0
5011.004618495771,-0.0106010621055149,0.0020800613669533,0.05467,1800.0
5011.105188220808,-0.0102169239198543,0.0035381068449852,0.05467,1800.0
5011.20572003729,-0.0096059751103499,0.0049706838325215,0.05467,1800.0
5011.296200603315,-0.008956001456939,0.0060573331320208,0.05467,1800.0
5011.3967793882575,-0.0080147455683075,0.0072446081339557,0.05467,1800.0
5011.497341245481,-0.0068882748140076,0.0083257411689736,0.05467,1800.0
5011.599142402479,-0.0056271126575904,0.0092189419759348,0.05467,1800.0
5011.699672550031,-0.0043383300162191,0.0098894411512788,0.05467,1800.0
5011.800824016401,-0.0029132531381461,0.0103921077461512,0.05467,1800.0
5011.901378721067,-0.0014045413004545,0.010701869738001,0.05467,1800.0
5012.001944869825,8.407986119662869e-05,0.0108040994371349,0.05467,1800.0
5012.102515310117,0.0015606269625987,0.0106925158362502,0.05467,1800.0
5012.203088611433,0.0030404405374302,0.0103670825941155,0.05467,1800.0
5012.302644580671,0.0044091995581938,0.0098657463990898,0.05467,1800.0
5012.403210729429,0.0057313029661562,0.0091823538601868,0.05467,1800.0
5012.5037792623725,0.0069786840934848,0.008271057557155,0.05467,1800.0
5012.604356855222,0.0080430302089887,0.0072331063158898,0.05467,1800.0
5012.704926103422,0.0089564293465691,0.0060416573121197,0.05467,1800.0
5012.805529922315,0.0096995488410739,0.004744096672708,0.05467,1800.0
5012.906101316282,0.010261387954131,0.0033556187072693,0.05467,1800.0
5012.996627658674,0.0105646979992296,0.0023251647539997,0.05467,1800.0
5013.097212165662,0.0106689999999999,0.001821,0.05467,1800.0
5013.198802560636,0.0106614095288299,0.0018414336638342,0.05467,1800.0
5013.299360603162,0.0100701737470688,0.0034367957216807,0.05467,1800.0
5013.399919599363,0.0079208043106649,0.0092370332457896,0.05467,1800.0
5013.500490278074,0.0066279999999999,0.012726,0.05467,1800.0
5013.601679414579,0.0063162815600594,0.0128770447205052,0.05467,1800.0
5013.702231735059,0.0050947215627868,0.0133919883789831,0.05467,1800.0
5013.802772611448,0.0036870350525574,0.0138440409472631,0.05467,1800.0
5013.903341144392,0.00225967805281,0.0141473192699726,0.05467,1800.0
5013.993860095808,0.0008806403761909,0.0143020797976227,0.05467,1800.0
5014.094418376752,-0.0006849168034711,0.0143102963238972,0.05467,1800.0
5014.195002168485,-0.0021364279972163,0.0141660400621818,0.05467,1800.0
5014.295526117155,-0.0035978712673054,0.0138756411447474,0.05467,1800.0
5014.396169275114,-0.0051026097358228,0.0133969095870765,0.05467,1800.0
5014.496748536893,-0.0064335978532997,0.0128187018626128,0.05467,1800.0
5014.597322553464,-0.0077376357628673,0.0120709663103745,0.05467,1800.0
5014.697891801664,-0.0089443333691008,0.0112035801137367,0.05467,1800.0
5014.798461288282,-0.0101102407409296,0.0101512629532353,0.05467,1800.0
5014.901522249052,-0.011129734438636,0.0090209607229028,0.05467,1800.0
5015.003105253049,-0.0120075178238064,0.0078080942089609,0.05467,1800.0
5015.093629926511,-0.0125456802784589,0.0069441561432132,0.05467,1800.0
5015.194185346433,-0.0130074242314664,0.0060116880621866,0.05467,1800.0
5015.29480537779,-0.0134987162011918,0.0048005112809527,0.05467,1800.0
5015.395387023756,-0.0138807774010901,0.0035837586880146,0.05467,1800.0
5015.495943874189,-0.0140938188429245,0.0026398613652823,0.05467,1800.0
5015.5965028703895,-0.0142385791230138,0.0016659384284115,0.05467,1800.0
5015.697073310682,-0.0143383918161135,9.36288141135111e-05,0.05467,1800.0
5015.797646850416,-0.0142772200605706,-0.0013116073106365,0.05467,1800.0
5015.898225158521,-0.0141491284188876,-0.0023415207934716,0.05467,1800.0
5015.998825877973,-0.0139372921253519,-0.0033726849413018,0.05467,1800.0
5016.099395364591,-0.0135560550885032,-0.0046315097312282,0.05467,1800.0
5016.199941724607,-0.013113176780609,-0.0057793247181073,0.05467,1800.0
5016.301638454267,-0.0126400408885507,-0.0067555677346441,0.05467,1800.0
5016.402200549909,-0.0120388789177668,-0.0077685264416186,0.05467,1800.0
5016.502781480619,-0.0112193611460199,-0.0089032645131775,0.05467,1800.0
5016.603372901746,-0.0102259248218285,-0.010031500600634,0.05467,1800.0
5016.700815051862,-0.0091398557841093,-0.0110389416764273,0.05467,1800.0
5016.801391452619,-0.0079452426364141,-0.0119313568456707,0.05467,1800.0
5016.903014034101,-0.0066413254876957,-0.0127111019281643,0.05467,1800.0
5016.993526071378,-0.0054104501309672,-0.0132724294394553,0.05467,1800.0
5017.094127982923,-0.0039830882661489,-0.013763067549514,0.05467,1800.0
5017.194696515867,-0.0025238149234257,-0.014103431214858,0.05467,1800.0
5017.295451253721,-0.0010296840473996,-0.01428561191951,0.05467,1800.0
5017.396033853361,0.000466806146073,-0.0143164614348491,0.05467,1800.0
5017.496591180631,0.0019544215889924,-0.0141867990069278,0.05467,1800.0
5017.597164243528,0.0034429203596229,-0.0139038703114772,0.05467,1800.0
5017.697725147077,0.0049039170780065,-0.0134628182160547,0.05467,1800.0
5017.798293441602,0.0062840398115144,-0.0128772264338956,0.05467,1800.0
5017.898877471754,0.0076229460465473,-0.0121394198159292,0.05467,1800.0
5017.999426454374,0.008827919560147,-0.0113037493300518,0.05467,1800.0
5018.094713062116,0.0098898606822292,-0.0103881184972091,0.05467,1800.0
5018.1962464750495,0.0109452761919304,-0.009250425392975,0.05467,1800.0
5018.29680547125,0.0118443321514326,-0.008056776919236,0.05467,1800.0
5018.397353261777,0.0126216608702689,-0.0067722110379921,0.05467,1800.0
5018.497883886167,0.0132502921885146,-0.0054393785412537,0.05467,1800.0
5018.598455280134,0.0136801051054361,-0.0042670424329656,0.05467,1800.0
5018.699049323865,0.0140087584517913,-0.0029479462025906,0.05467,1800.0
5018.799597352811,0.0142521607424225,-0.0014118678437703,0.05467,1800.0
5018.900162071058,0.0143245793446559,8.996136098660124e-05,0.05467,1800.0
5019.000713676282,0.0142394886246546,0.0015844330653552,0.05467,1800.0
5019.101282924482,0.0140058802524474,0.0030226356445157,0.05467,1800.0
5019.201835244962,0.0136004590706021,0.0045444706565425,0.05467,1800.0
5019.302409023115,0.0131607989857285,0.005694465595523,0.05467,1800.0
5019.4029429853645,0.0125724893319863,0.0068913898394249,0.05467,1800.0
5019.496392101118,0.0118814055447948,0.0080061113750843,0.05467,1800.0
5019.5974222124305,0.0109357334964842,0.0092481954224234,0.05467,1800.0
5019.697969764539,0.0099626446132683,0.0102937684906528,0.05467,1800.0
5019.798534482786,0.0090869961472049,0.0110861924889339,0.05467,1800.0
5019.899110883543,0.0080496330908219,0.0118448932108005,0.05467,1800.0
5019.999668210813,0.0070367816599176,0.0124964148179778,0.05467,1800.0
5020.100232213804,0.006628,0.012726,0.05467,1800.0
5020.201005309888,0.0066960476594216,0.012599676494112,0.05467,1800.0
5020.301563352415,0.0073653516335795,0.0113573173140104,0.05467,1800.0
5020.402129262754,0.0110434018683092,0.0045308801045838,0.05467,1800.0
5020.502662509748,0.0122405070635567,0.0023092131653161,0.05467,1800.0
5020.603241771528,0.0123429999999999,0.0021189999999999,0.05467,1800.0
5020.703816264936,0.0124292206732838,0.0014183726499064,0.05467,1800.0
5020.807622283765,0.012493224355217,4.0017463531272224e-05,0.05467,1800.0
5020.908162444898,0.0124139885407519,-0.0014385951571571,0.05467,1800.0
5021.008718103239,0.0121439866963802,-0.0029285451303999,0.05467,1800.0
5021.109368413755,0.0117113838978584,-0.0044134347397223,0.05467,1800.0
5021.209890693494,0.011128990158975,-0.0057979367907533,0.05467,1800.0
5021.310459941694,0.0103412372555786,-0.0070530846638375,0.05467,1800.0
5021.41101464636,0.0094154215036077,-0.0082603121681885,0.05467,1800.0
5021.51182541258,0.0083569848677396,-0.0093305295968288,0.05467,1800.0
5021.612397044965,0.0071667563347584,-0.0102626569026647,0.05467,1800.0
5021.702915757963,0.0060246556165809,-0.0109646256717632,0.05467,1800.0
5021.803497642347,0.0046723837429225,-0.0116064193054077,0.05467,1800.0
5021.904085248777,0.0032703644032091,-0.012079558403473,0.05467,1800.0
5022.004662841627,0.00181268818462,-0.0123723587967611,0.05467,1800.0
5022.105260700056,0.0002990431056451,-0.0124973933985556,0.05467,1800.0
5022.205833286115,-0.001248867712892,-0.012439538717501,0.05467,1800.0
5022.306379169294,-0.0027778926263113,-0.0121935174551873,0.05467,1800.0
5022.406929582426,-0.0042120746235209,-0.0117833255342441,0.05467,1800.0
5022.5141566694465,-0.0056294757380447,-0.0111741685633162,0.05467,1800.0
5022.60468110449,-0.0068691906050821,-0.0104698990456085,0.05467,1800.0
5022.705277770826,-0.0079992345622329,-0.0096217610601143,0.05467,1800.0
5022.805852264234,-0.0091186135143691,-0.0085566509392041,0.05467,1800.0
5022.906426757642,-0.0101047102056469,-0.0073599008565831,0.05467,1800.0
5023.007000774213,-0.0109056940361561,-0.0061148241402003,0.05467,1800.0
5023.107740968534,-0.0115601485359675,-0.0047575176511098,0.05467,1800.0
5023.208324998685,-0.0120555616859498,-0.0033201112722335,0.05467,1800.0
5023.30883130438,-0.0123679538659819,-0.0018472154267127,0.05467,1800.0
5023.410448640653,-0.0125015589801433,-0.0003523276931844,0.05467,1800.0
5023.511022657224,-0.0124547174889714,0.0011329368450173,0.05467,1800.0
5023.611578553983,-0.0122317809038672,0.0026510253179495,0.05467,1800.0
5023.71214827902,-0.01184586615008,0.0040588459504492,0.05467,1800.0
5023.812719911405,-0.0112606315729191,0.0054934695020492,0.05467,1800.0
5023.911348670789,-0.0105293708348588,0.0067726709612326,0.05467,1800.0
5024.011904567548,-0.0096630748330636,0.0079494752374655,0.05467,1800.0
5024.1124790609565,-0.0086462455935358,0.009030456719885,0.05467,1800.0
5024.20297822363,-0.0075675514984492,0.0099449815335683,0.05467,1800.0
5024.303547233411,-0.006294054889307,0.0107957029192026,0.05467,1800.0
5024.404135555097,-0.004966511430406,0.0114720132681989,0.05467,1800.0
5024.504721731016,-0.003579039981635,0.0119780723536764,0.05467,1800.0
5024.6052828729835,-0.0021404812472707,0.0123135756446094,0.05467,1800.0
5024.705842822858,-0.000589838090531,0.0124982317985218,0.05467,1800.0
5024.806369155714,0.0009229873761212,0.0124854731985901,0.05467,1800.0
5024.906958669492,0.0023777859033435,0.0122965764443319,0.05467,1800.0
5025.007544368574,0.0038232502921578,0.0119268554767789,0.05467,1800.0
5025.108118861982,0.0052104597852777,0.0113827265988252,0.05467,1800.0
5025.208693593809,0.006598461499527,0.0106341057461102,0.05467,1800.0
5025.309283822843,0.0077946395136287,0.0097875941538779,0.05467,1800.0
5025.409884303876,0.008909415706903,0.0087711976525118,0.05467,1800.0
5025.511594861814,0.0099145163919527,0.0076143021959147,0.05467,1800.0
5025.612886995145,0.0107676085259819,0.0063518581402221,0.05467,1800.0
5025.703407138654,0.0113996593909304,0.0051392058819066,0.05467,1800.0
5025.803997367689,0.0119392926694728,0.0037322697500948,0.05467,1800.0
5025.904571861097,0.0122768581233957,0.0024702040490112,0.05467,1800.0
5026.005129903623,0.0123429999999999,0.0021189999999999,0.05467,1800.0
5026.105699867078,0.0123429999999999,0.0021189999999999,0.05467,0.0
