8534.799184322357,-0.011512000000000008,0.010019000000000056,0.02485,1800.0
8534.899147033691,-0.012168399999999996,0.009204900000000016,0.02485,1800.0
8534.99917602539,-0.013041899999999995,0.007913700000000023,0.02485,1800.0
8535.099184513092,-0.013828099999999996,0.006430400000000003,0.02485,1800.0
8535.199188709259,-0.014495899999999992,0.004760500000000001,0.02485,1800.0
8535.29917049408,-0.014904299999999995,0.003255700000000028,0.02485,1800.0
8535.399191379547,-0.0151723,0.0015983000000000525,0.02485,1800.0
8535.49916434288,-0.015257999999999994,4.1500000000027626e-05,0.02485,1800.0
8535.599146604538,-0.015257999999999994,4.1500000000027626e-05,0.02485,1800.0
8535.699186086655,-0.015167700000000006,-0.0016349999999999976,0.02485,1800.0
8535.799191236496,-0.01492099999999999,-0.0031744000000000216,0.02485,1800.0
8535.899087429047,-0.014485099999999987,-0.004795899999999964,0.02485,1800.0
8535.999148130417,-0.013914899999999994,-0.0062469,0.02485,1800.0
8536.09918999672,-0.013083299999999992,-0.007841699999999951,0.02485,1800.0
8536.199183702469,-0.012290599999999999,-0.009042999999999968,0.02485,1800.0
8536.29917216301,-0.011054899999999993,-0.010510399999999975,0.02485,1800.0
8536.399165153503,-0.010016399999999995,-0.011506899999999987,0.02485,1800.0
8536.499198198318,-0.008693000000000006,-0.012540099999999943,0.02485,1800.0
8536.59918665886,-0.007260700000000009,-0.013415999999999983,0.02485,1800.0
8536.699181556702,-0.0058531,-0.01408629999999994,0.02485,1800.0
8536.799167394638,-0.0058531,-0.01408629999999994,0.02485,1800.0
8536.89913892746,-0.0042716,-0.014650300000000005,0.02485,1800.0
8536.999170541763,-0.002634600000000001,-0.015023000000000009,0.02485,1800.0
8537.099190235138,-0.0010874999999999913,-0.015214300000000014,0.02485,1800.0
8537.19918513298,0.0005910000000000082,-0.015247999999999984,0.02485,1800.0
8537.29919219017,0.002143900000000004,-0.015106700000000028,0.02485,1800.0
8537.399051904678,0.0037901999999999936,-0.014777199999999935,0.02485,1800.0
8537.49913764,0.005391800000000002,-0.01427299999999998,0.02485,1800.0
8537.599179029465,0.006925600000000004,-0.013590700000000011,0.02485,1800.0
8537.699172258377,0.008377400000000007,-0.01274759999999997,0.02485,1800.0
8537.79918217659,0.009639300000000003,-0.011831599999999998,0.02485,1800.0
8537.899188756943,0.009639300000000003,-0.011831599999999998,0.02485,1800.0
8537.999187707901,0.0108756,-0.010695500000000024,0.02485,1800.0
8538.099185705185,0.011987100000000014,-0.009437199999999979,0.02485,1800.0
8538.19913482666,0.012889000000000012,-0.008165499999999992,0.02485,1800.0
8538.299158096313,0.013705899999999993,-0.0066985999999999435,0.02485,1800.0
8538.399186372757,0.014317900000000008,-0.0052646999999999555,0.02485,1800.0
8538.499181509018,0.014813300000000015,-0.003660400000000008,0.02485,1800.0
8538.599077224731,0.01513479999999999,-0.001890700000000023,0.02485,1800.0
8538.699145317078,0.015244300000000002,-0.0004559000000000091,0.02485,1800.0
8538.799109220505,0.015211700000000009,0.001222700000000021,0.02485,1800.0
8538.899161338806,0.015001699999999993,0.002767799999999987,0.02485,1800.0
8538.999176979065,0.014606800000000003,0.0043996000000000035,0.02485,1800.0
8539.099173307419,0.014606800000000003,0.0043996000000000035,0.02485,1800.0
8539.199190616608,0.014037400000000005,0.005979000000000012,0.02485,1800.0
8539.299184560776,0.013293399999999997,0.0074840999999999935,0.02485,1800.0
8539.39917230606,0.012460100000000002,0.00880179999999997,0.02485,1800.0
8539.499115467072,0.011420100000000002,0.010120000000000018,0.02485,1800.0
8539.59917473793,0.010324300000000008,0.011229099999999992,0.02485,1800.0
8539.699208259583,0.009026199999999998,0.012293600000000016,0.02485,1800.0
8539.799189805984,0.007624800000000001,0.013217900000000005,0.02485,1800.0
8539.899188280106,0.0061240999999999934,0.013971000000000067,0.02485,1800.0
8539.999152421951,0.004666299999999998,0.014523600000000025,0.02485,1800.0
8540.09913945198,0.003043000000000004,0.01495230000000003,0.02485,1800.0
8540.199092388153,0.003043000000000004,0.01495230000000003,0.02485,1800.0
8540.299134969711,0.0012617000000000045,0.015202000000000049,0.02485,1800.0
8540.399155378342,-0.0002965000000000051,0.015253000000000017,0.02485,1800.0
8540.499155521393,-0.0018523000000000012,0.015147599999999983,0.02485,1800.0
8540.599166870117,-0.0033866999999999925,0.014871400000000035,0.02485,1800.0
8540.699182271957,-0.005000699999999997,0.014409900000000031,0.02485,1800.0
8540.799139022827,-0.006555900000000003,0.013777800000000007,0.02485,1800.0
8540.899163007736,-0.008129999999999998,0.012907200000000008,0.02485,1800.0
8540.999175071716,-0.009311,0.01208470000000006,0.02485,1800.0
8541.099097967148,-0.010584200000000002,0.010990200000000006,0.02485,1800.0
8541.199167013168,-0.011510799999999988,0.010020299999999982,0.02485,1800.0
8541.29918384552,-0.011512000000000008,0.010019000000000056,0.02485,1800.0
8541.399155855179,-0.011510799999999988,0.009948100000000015,0.02485,1800.0
8541.499166965485,-0.011510799999999988,0.009948100000000015,0.02485,0.0
8541.59918165207,-0.011390300000000006,0.0030675000000000563,0.02485,0.0
8541.799170970917,-0.011378,0.0023680000000000367,0.02485,0.0
8541.89918756485,-0.011369699999999996,0.0024015000000000564,0.02485,1800.0
8541.999170780182,-0.011003800000000008,0.0037184000000000106,0.02485,1800.0
8542.099188804626,-0.010355299999999998,0.00526660000000001,0.02485,1800.0
8542.199084281921,-0.009485000000000007,0.006701499999999971,0.02485,1800.0
8542.299141168594,-0.008499699999999999,0.007908800000000049,0.02485,1800.0
8542.39907002449,-0.007180800000000001,0.009129500000000013,0.02485,1800.0
8542.499078989029,-0.005892500000000009,0.010006400000000026,0.02485,1800.0
8542.599277734756,-0.005892500000000009,0.010006400000000026,0.02485,1800.0
8542.699188947678,-0.0045013,0.010709000000000024,0.02485,1800.0
8542.79913687706,-0.002910199999999988,0.011242399999999986,0.02485,1800.0
8542.89916753769,-0.0011415000000000036,0.011565500000000006,0.02485,1800.0
8542.999188184738,0.0004166000000000031,0.011603799999999997,0.02485,1800.0
8543.099199056625,0.0019668000000000047,0.011446299999999965,0.02485,1800.0
8543.199202537537,0.0035967999999999972,0.011047200000000035,0.02485,1800.0
8543.299182891846,0.005149899999999999,0.010410400000000042,0.02485,1800.0
8543.399133682251,0.006498400000000001,0.009629200000000004,0.02485,1800.0
8543.499171495438,0.007901999999999992,0.008505800000000008,0.02485,1800.0
8543.599175453186,0.008976999999999999,0.007377500000000037,0.02485,1800.0
8543.699191331863,0.009878300000000007,0.006106100000000003,0.02485,1800.0
8543.799092769623,0.009878300000000007,0.006106100000000003,0.02485,1800.0
8543.89919924736,0.0106594,0.004620500000000027,0.02485,1800.0
8543.99916267395,0.011211100000000002,0.0030354000000000214,0.02485,1800.0
8544.099200725555,0.011515200000000003,0.0015069000000000332,0.02485,1800.0
8544.199180364609,0.01161580000000001,-0.00016779999999994022,0.02485,1800.0
8544.299554347992,0.011465600000000006,-0.0018391999999999853,0.02485,1800.0
8544.399160861969,0.011120900000000003,-0.003359000000000001,0.02485,1800.0
8544.499077320099,0.01051690000000001,-0.004924700000000004,0.02485,1800.0
8544.599056005478,0.009704000000000004,-0.006393099999999985,0.02485,1800.0
8544.699159860611,0.008673,-0.0077172999999999825,0.02485,1800.0
8544.799180746078,0.007563399999999998,-0.008811200000000019,0.02485,1800.0
8544.899179458618,0.0063198,-0.00975029999999999,0.02485,1800.0
8544.999190568924,0.0063198,-0.00975029999999999,0.02485,1800.0
8545.099179506302,0.0047376999999999975,-0.010605299999999984,0.02485,1800.0
8545.199152946472,0.0031603000000000048,-0.011178299999999974,0.02485,1800.0
8545.299163341522,0.0017533000000000132,-0.011478499999999947,0.02485,1800.0
8545.399144172668,8.110000000000062e-05,-0.011620100000000022,0.02485,1800.0
8545.4991812706,-0.0015928000000000053,-0.011502499999999971,0.02485,1800.0
8545.59910082817,-0.0033502000000000115,-0.011123500000000008,0.02485,1800.0
8545.699050664902,-0.00480789999999999,-0.010572199999999976,0.02485,1800.0
8545.799130439758,-0.0061805000000000054,-0.009833799999999948,0.02485,1800.0
8545.899146556854,-0.007531799999999991,-0.008839399999999997,0.02485,1800.0
8545.999195814133,-0.0087251,-0.007659799999999994,0.02485,1800.0
8546.099198579788,-0.0087251,-0.007659799999999994,0.02485,1800.0
8546.199307918549,-0.009679499999999994,-0.0064277999999999835,0.02485,1800.0
8546.299195766449,-0.010447499999999998,-0.0050716000000000094,0.02485,1800.0
8546.39920425415,-0.0110759,-0.0035150999999999932,0.02485,1800.0
8546.49919629097,-0.011459499999999997,-0.0018811999999999718,0.02485,1800.0
8546.599150657654,-0.01161390000000001,-0.00021019999999999373,0.02485,1800.0
8546.699164390564,-0.011539300000000002,0.001346199999999964,0.02485,1800.0
8546.799743652344,-0.011378,0.0023680000000000367,0.02485,1800.0
8546.899103879929,-0.011378,0.0023680000000000367,0.02485,1800.0
8546.999145030975,-0.010701600000000006,0.002205500000000027,0.02485,0.0
8547.099150419235,-0.0032434999999999964,0.00041479999999999295,0.02485,0.0
8547.599188804626,0.013094999999999996,-0.003508000000000011,0.02485,0.0
8547.699172258377,0.013103799999999999,-0.0034744999999999915,0.02485,1800.0
8547.79916548729,0.013390399999999997,-0.0021376999999999646,0.02485,1800.0
8547.899137496948,0.013542100000000001,-0.0004657999999999607,0.02485,1800.0
8547.999163389206,0.013515,0.0010929000000000078,0.02485,1800.0
8548.099184274673,0.013269799999999998,0.0027537000000000256,0.02485,1800.0
8548.19916510582,0.012831900000000007,0.004373999999999989,0.02485,1800.0
8548.299070358276,0.012242699999999995,0.005817400000000028,0.02485,1800.0
8548.399123430252,0.011432799999999993,0.0072878000000000664,0.02485,1800.0
8548.499150514603,0.011432799999999993,0.0072878000000000664,0.02485,1800.0
8548.59918665886,0.010440499999999991,0.008641800000000033,0.02485,1800.0
8548.699189901352,0.00938420000000001,0.00978840000000003,0.02485,1800.0
8548.799173116684,0.00809660000000001,0.010865500000000028,0.02485,1800.0
8548.899208545685,0.006694400000000003,0.011787999999999965,0.02485,1800.0
8548.999174118042,0.005075099999999999,0.012570999999999999,0.02485,1800.0
8549.099169492722,0.003714099999999998,0.013038800000000017,0.02485,1800.0
8549.199033498764,0.0020738000000000006,0.013395900000000016,0.02485,1800.0
8549.29903960228,0.0005223000000000033,0.013549200000000039,0.02485,1800.0
8549.399148464203,-0.0011557999999999985,0.013503000000000043,0.02485,1800.0
8549.499164104462,-0.002816800000000008,0.013261300000000031,0.02485,1800.0
8549.599179506302,-0.002816800000000008,0.013261300000000031,0.02485,1800.0
8549.69919538498,-0.004319099999999992,0.01284479999999999,0.02485,1800.0
8549.799152612686,-0.005875900000000003,0.012217499999999992,0.02485,1800.0
8549.89916419983,-0.007339599999999988,0.011395299999999997,0.02485,1800.0
8549.999076843262,-0.008601800000000007,0.01048050000000006,0.02485,1800.0
8550.099150419235,-0.009827599999999992,0.009333400000000047,0.02485,1800.0
8550.199182271957,-0.0109099,0.00805030000000001,0.02485,1800.0
8550.29919052124,-0.011815199999999998,0.00663649999999999,0.02485,1800.0
8550.405757427216,-0.012504600000000005,0.005238500000000035,0.02485,1800.0
8550.699146032333,-0.013546000000000002,0.00045829999999996707,0.02485,1800.0
8550.79916715622,-0.013546000000000002,0.00045829999999996707,0.02485,1800.0
8550.899176359177,-0.013505100000000006,-0.0012199999999999989,0.02485,1800.0
8550.999068260193,-0.013246900000000006,-0.002878999999999965,0.02485,1800.0
8551.099138259888,-0.012831200000000001,-0.0043815999999999855,0.02485,1800.0
8551.199164390564,-0.012183699999999992,-0.00593049999999995,0.02485,1800.0
8551.299161195755,-0.011361999999999997,-0.00739379999999995,0.02485,1800.0
8551.399175405502,-0.010436299999999996,-0.008648299999999942,0.02485,1800.0
8551.499170064926,-0.009290099999999996,-0.009874600000000011,0.02485,1800.0
8551.59916639328,-0.008093399999999987,-0.010873699999999986,0.02485,1800.0
8551.699161291122,-0.006583699999999998,-0.011850999999999945,0.02485,1800.0
8551.799123287201,-0.005178299999999997,-0.012525699999999973,0.02485,1800.0
8551.899176597595,-0.0037073999999999996,-0.013042099999999945,0.02485,1800.0
8551.999116420746,-0.0037073999999999996,-0.013042099999999945,0.02485,1800.0
8552.099107503891,-0.0020656999999999898,-0.013393199999999994,0.02485,1800.0
8552.199163198471,-0.00039479999999998683,-0.013550599999999968,0.02485,1800.0
8552.299183607101,0.0012829999999999925,-0.013494499999999965,0.02485,1800.0
8552.399131298065,0.0028245999999999966,-0.013262300000000005,0.02485,1800.0
8552.499152183533,0.004440600000000003,-0.012807199999999963,0.02485,1800.0
8552.59916472435,0.005990000000000009,-0.012161299999999986,0.02485,1800.0
8552.69918012619,0.007344599999999993,-0.011389800000000005,0.02485,1800.0
8552.799127340317,0.008673300000000009,-0.010418199999999989,0.02485,1800.0
8552.899155855179,0.0092835,-0.009881299999999982,0.02485,1800.0
8552.999152421951,0.010429700000000014,-0.008654999999999968,0.02485,1800.0
8553.099138736725,0.010429700000000014,-0.008654999999999968,0.02485,1800.0
8553.199149370193,0.0114239,-0.007302299999999984,0.02485,1800.0
8553.299165010452,0.012184200000000006,-0.005941299999999983,0.02485,1800.0
8553.399194002151,0.012866100000000005,-0.004277000000000031,0.02485,1800.0
8553.499169111252,0.013094999999999996,-0.003508000000000011,0.02485,1800.0
8553.59918141365,0.013094999999999996,-0.003508000000000011,0.02485,1800.0
8553.699155330658,0.012418399999999996,-0.0032533000000000145,0.02485,0.0
8553.799074172974,0.004353599999999999,-0.001426199999999933,0.02485,0.0
8554.299135684967,-0.013042999999999999,0.002717000000000025,0.02485,0.0
8554.399136304855,-0.013042999999999999,0.002717000000000025,0.02485,1800.0
8554.49914264679,-0.012683399999999997,0.00407200000000002,0.02485,1800.0
8554.599157810211,-0.012114100000000003,0.005523400000000012,0.02485,1800.0
8554.699164628983,-0.011383900000000002,0.006900400000000029,0.02485,1800.0
8554.799170970917,-0.0104297,0.008281300000000047,0.02485,1800.0
8554.89916586876,-0.009306199999999987,0.009528399999999992,0.02485,1800.0
8554.999126672745,-0.008125199999999999,0.010545699999999991,0.02485,1800.0
8555.099150896072,-0.0067334999999999895,0.011483799999999988,0.02485,1800.0
8555.199162006378,-0.005236999999999992,0.012244000000000033,0.02485,1800.0
8555.299191713333,-0.0037701999999999875,0.012771900000000003,0.02485,1800.0
8555.399048089981,-0.0021327999999999903,0.013140800000000008,0.02485,1800.0
8555.499124526978,-0.0021327999999999903,0.013140800000000008,0.02485,1800.0
8555.59913277626,-0.00046259999999999357,0.01330370000000003,0.02485,1800.0
8555.699182510376,0.0010954999999999993,0.013271100000000036,0.02485,1800.0
8555.79920578003,0.002873600000000004,0.01300380000000001,0.02485,1800.0
8555.899193763733,0.004259499999999999,0.012616000000000016,0.02485,1800.0
8555.999148607254,0.005920499999999995,0.01192640000000006,0.02485,1800.0
8556.099153518677,0.0072773000000000004,0.01115830000000001,0.02485,1800.0
8556.19914841652,0.008617899999999998,0.010148100000000049,0.02485,1800.0
8556.299129486084,0.009742200000000006,0.0090692,0.02485,1800.0
8556.399153232574,0.010807799999999992,0.007772600000000018,0.02485,1800.0
8556.499166488647,0.011702599999999994,0.0063526000000000415,0.02485,1800.0
8556.599185466766,0.011702599999999994,0.0063526000000000415,0.02485,1800.0
8556.69918680191,0.012410900000000002,0.004830700000000021,0.02485,1800.0
8556.79917883873,0.012885900000000006,0.0033460000000000156,0.02485,1800.0
8556.89918088913,0.013205599999999998,0.001698299999999986,0.02485,1800.0
8556.9991710186,0.013324800000000012,2.380000000001825e-05,0.02485,1800.0
8557.099159002304,0.013230400000000003,-0.0015324999999999922,0.02485,1800.0
8557.19917011261,0.012955599999999998,-0.0030669999999999864,0.02485,1800.0
8557.299178123474,0.012427000000000007,-0.00478590000000001,0.02485,1800.0
8557.399076223373,0.0117839,-0.006205999999999989,0.02485,1800.0
8557.499140739441,0.010906100000000002,-0.007636900000000002,0.02485,1800.0
8557.599039316177,0.009935,-0.008855699999999966,0.02485,1800.0
8557.699131965637,0.008742899999999998,-0.010036400000000001,0.02485,1800.0
8557.799165010452,0.008742899999999998,-0.010036400000000001,0.02485,1800.0
8557.899153709412,0.0074154000000000025,-0.011063299999999998,0.02485,1800.0
8557.999179124832,0.006072099999999997,-0.011854900000000002,0.02485,1800.0
8558.099177598953,0.004530199999999998,-0.0125189,0.02485,1800.0
8558.199173212051,0.0029198,-0.012992400000000015,0.02485,1800.0
8558.299158096313,0.0012628999999999974,-0.013261599999999985,0.02485,1800.0
8558.399177312851,-0.0002950999999999926,-0.013311899999999988,0.02485,1800.0
8558.499171733856,-0.0019668999999999937,-0.013165700000000002,0.02485,1800.0
8558.599068403244,-0.003609000000000001,-0.012818399999999952,0.02485,1800.0
8558.699162960052,-0.005082100000000006,-0.0123085,0.02485,1800.0
8558.799157381058,-0.006589599999999987,-0.01156999999999997,0.02485,1800.0
8558.899124622345,-0.007894300000000007,-0.010717499999999991,0.02485,1800.0
8558.999139547348,-0.007894300000000007,-0.010717499999999991,0.02485,1800.0
8559.099156618118,-0.009181800000000004,-0.00964079999999995,0.02485,1800.0
8559.199163198471,-0.010329099999999994,-0.008415600000000023,0.02485,1800.0
8559.29917383194,-0.011297799999999997,-0.007044399999999951,0.02485,1800.0
8559.39917588234,-0.012093799999999988,-0.005566599999999977,0.02485,1800.0
8559.499151468277,-0.012667300000000006,-0.004116999999999982,0.02485,1800.0
8559.599150419235,-0.013081800000000005,-0.002490199999999998,0.02485,1800.0
8559.699169158936,-0.013279799999999994,-0.0009442999999999535,0.02485,1800.0
8559.799162864685,-0.013290799999999992,0.0007337000000000593,0.02485,1800.0
8559.899158477783,-0.0130807,0.002496200000000004,0.02485,1800.0
8559.999162197113,-0.013042999999999999,0.002717000000000025,0.02485,1800.0
8560.099165678024,-0.013042999999999999,0.002717000000000025,0.02485,1800.0
8560.199166297913,-0.013042999999999999,0.002717000000000025,0.02485,0.0
8560.299166679382,-0.013042999999999999,0.002717000000000025,0.02485,0.0
8564.093257074332,-0.011512000000000022,-0.005609801009551402,0.02485,0.0
