1426.1809855523252,-0.010788,-0.0229344,0.01278,0.0
1426.281546694293,-0.0106954162783697,-0.0225530447242869,0.01278,0.0
1426.382318359866,-0.0100778179127264,-0.0200090943155224,0.01278,0.0
1426.4828926148557,-0.0091690016882044,-0.0162654793576486,0.01278,0.0
1426.5834673466825,-0.0082898095601059,-0.0126439411315866,0.01278,0.0
1426.6851087632322,-0.0074175945027847,-0.0090513164555575,0.01278,0.0
1426.785677773013,-0.006529929681991,-0.0053948987272122,0.01278,0.0
1426.8862644257688,-0.0056097477621141,-0.0016043852267975,0.01278,0.0
1426.9881721558713,-0.0047383931025622,0.0019846706871555,0.01278,0.0
1427.0887518944883,-0.0037882399685464,0.0058985453294885,0.01278,0.0
1427.1893144669675,-0.0029364175497036,0.0094071320028776,0.01278,0.0
1427.2898756089353,-0.0020557659000839,0.013034804067606,0.01278,0.0
1427.3803876462125,-0.0013374125876153,0.0159939062855605,0.01278,0.0
1427.4809092106962,-0.0010661956744022,0.0171108849717452,0.01278,0.0
1427.581479889407,-0.001062,0.017128,0.01278,0.0
1427.6820543828153,-0.0011142632020537,0.0171230763624319,0.01278,1800.0
1427.7826815667295,-0.0017411296338266,0.0170494535227888,0.01278,1800.0
1427.8832629742765,-0.0032464809029024,0.0168255452419591,0.01278,1800.0
1427.9838393750333,-0.0046864431370086,0.0164920254823088,0.01278,1800.0
1428.0852917256498,-0.0061620420381181,0.0160071359340249,0.01278,1800.0
1428.1858869614744,-0.0075225118999841,0.0154114598949754,0.01278,1800.0
1428.2864361825132,-0.0088363533025956,0.0146952728435993,0.01278,1800.0
1428.3869715752744,-0.0100395897164374,0.0139024585445678,0.01278,1800.0
1428.4875389161252,-0.0112218222644923,0.0129572666583929,0.01278,1800.0
1428.5847128453397,-0.0122864206488531,0.0119413041467094,0.01278,1800.0
1428.685278755679,-0.0133156455444027,0.0107825867286553,0.01278,1800.0
1428.785841566577,-0.014213597387309,0.0095788914699082,0.01278,1800.0
1428.8863955559873,-0.0149839196628105,0.0083124592259444,0.01278,1800.0
1428.9869783940458,-0.0156528406761069,0.0069697093924545,0.01278,1800.0
1429.0875390591764,-0.0161587634613848,0.0057363761973616,0.01278,1800.0
1429.1880913796567,-0.0164762548994106,0.0047302161421869,0.01278,1800.0
1429.2886627736234,-0.0168300669684369,0.003288343044649,0.01278,1800.0
1429.3892193856382,-0.0170296711213048,0.002056360642768,0.01278,1800.0
1429.4898005547666,-0.0171350957219767,0.0008299516794743,0.01278,1800.0
1429.5803149762296,-0.0171392008137964,-0.0004731911286674,0.01278,1800.0
1429.680873495593,-0.0170542954217431,-0.0017387284452174,0.01278,1800.0
1429.781429392352,-0.0168723254470821,-0.0030079060762928,0.01278,1800.0
1429.882110458865,-0.0165618579698211,-0.0043881147526381,0.01278,1800.0
1429.9826849522733,-0.0162221573756229,-0.0055444330689082,0.01278,1800.0
1430.0832434716367,-0.0157977446340982,-0.0066306116021199,0.01278,1800.0
1430.1837965073728,-0.0151747746806661,-0.007964062630815,0.01278,1800.0
1430.2843578877591,-0.0144199941323402,-0.0092805784008058,0.01278,1800.0
1430.3850601735257,-0.0135611884229643,-0.0104880247877548,0.01278,1800.0
1430.4856203618192,-0.0125620268912633,-0.0116761795613305,0.01278,1800.0
1430.586582523837,-0.0114458889185408,-0.0127818797500499,0.01278,1800.0
1430.687373501315,-0.0103190699581949,-0.0137018299993098,0.01278,1800.0
1430.7880235734128,-0.0091044400800034,-0.0145215945193031,0.01278,1800.0
1430.8885592045926,-0.0077984414338721,-0.0152622057525683,0.01278,1800.0
1430.989118916049,-0.0063938437196306,-0.015903510707817,0.01278,1800.0
1431.0896876874112,-0.0049660978023294,-0.0164012714330492,0.01278,1800.0
1431.1902464451932,-0.0035086612234562,-0.016769452283098,0.01278,1800.0
1431.2807470383786,-0.0021690977830752,-0.017000061535134,0.01278,1800.0
1431.3813201012754,-0.0006760721931538,-0.0171347784806105,0.01278,1800.0
1431.4818764748716,0.000817422219523,-0.0171257482539689,0.01278,1800.0
1431.5824342789792,0.0023629701855998,-0.01698342306259,0.01278,1800.0
1431.6829691949033,0.0038761318367373,-0.016712905022835,0.01278,1800.0
1431.7835408272886,0.0052945743089914,-0.016318249269221,0.01278,1800.0
1431.884161097064,0.0067083227564435,-0.0157753225117224,0.01278,1800.0
1431.9847467961454,0.0080668197916102,-0.0151200242338294,0.01278,1800.0
1432.0853196206235,0.0093609065323987,-0.0143605952780354,0.01278,1800.0
1432.185888868823,0.0105972421234911,-0.0134669428268912,0.01278,1800.0
1432.2866366925382,0.0115717182096954,-0.0126496973816454,0.01278,1800.0
1432.3871987881803,0.0124461003668757,-0.011778768982063,0.01278,1800.0
1432.4877620759153,0.0134012299216585,-0.0106755273585134,0.01278,1800.0
1432.5883501591825,0.0143105576052183,-0.0094324504535598,0.01278,1800.0
1432.6889382424497,0.0151059913276197,-0.0081094086394946,0.01278,1800.0
1432.78949223186,0.0157606208494972,-0.0067505609377699,0.01278,1800.0
1432.8813713612699,0.0162264594706293,-0.0055509527089609,0.01278,1800.0
1432.98196230556,0.0166188552291357,-0.0042181483657728,0.01278,1800.0
1433.0824781479978,0.0168815085305365,-0.0030032929649506,0.01278,1800.0
1433.1829646649503,0.0170507697683116,-0.0018021399317768,0.01278,1800.0
1433.2835305752897,0.0171354250511358,-0.0005561044953943,0.01278,1800.0
1433.3840881409787,0.0171267906173854,0.0007296935939535,0.01278,1800.0
1433.4846573891782,0.0170411061029589,0.0019120433367342,0.01278,1800.0
1433.5852285447263,0.0168688623016366,0.0030637908565884,0.01278,1800.0
1433.6857462945127,0.0165861207748819,0.0043393996612782,0.01278,1800.0
1433.7863143506193,0.0161963751517287,0.0056037508379696,0.01278,1800.0
1433.8868673863553,0.0156398579784477,0.007015089006452,0.01278,1800.0
1433.9874266209745,0.0149686736415445,0.0083754464916622,0.01278,1800.0
1434.0880073132657,0.0141587305085982,0.0096837456731444,0.01278,1800.0
1434.188577276721,0.0132499748124644,0.010883728826586,0.01278,1800.0
1434.2891381802701,0.0122579330561752,0.0119810376218735,0.01278,1800.0
1434.3897217335843,0.0114758367886382,0.0127388254881343,0.01278,1800.0
1434.4902437749051,0.0104328509444205,0.0135972417579181,0.01278,1800.0
1434.5807510438108,0.0093060558910054,0.0143833923425631,0.01278,1800.0
1434.6815093579435,0.0080006765991177,0.0151547735918045,0.01278,1800.0
1434.7820709767484,0.0066474652344373,0.0157928173171648,0.01278,1800.0
1434.8831852498197,0.0052073049399896,0.0163309077839861,0.01278,1800.0
1434.9837485375547,0.0037632793520451,0.0167323772688569,0.01278,1800.0
1435.084303719058,0.0022551061820175,0.0169963202856085,0.01278,1800.0
1435.1848667683744,0.0007997142857292,0.0171330135900577,0.01278,1800.0
1435.2854281487607,-0.0007090855534606,0.0171400830754064,0.01278,1800.0
1435.3859880986356,-0.0010286323844092,0.0171294240863004,0.01278,1800.0
1435.4865497174405,-0.001062,0.017128,0.01278,1800.0
1435.5870884480619,-0.0017051530748765,0.0151294497512834,0.01278,1800.0
1435.6876655640745,-0.0035158342878436,0.0095025995862271,0.01278,1800.0
1435.788286310687,-0.005857144661301,0.002226786978153,0.01278,1800.0
1435.8888481679105,-0.0076068201472898,-0.0032105395583867,0.01278,1800.0
1435.9894217076444,-0.0082369999999999,-0.0051689999999999,0.01278,1800.0
1436.0799313607358,-0.0083041060256125,-0.0050470147231348,0.01278,1800.0
1436.1804941716337,-0.0087474883030246,-0.0042314789291139,0.01278,1800.0
1436.2810653271818,-0.0092891822080284,-0.0028001004582196,0.01278,1800.0
1436.381638628497,-0.0096057472333342,-0.001374986595529,0.01278,1800.0
1436.482210499301,-0.0096876505908405,0.0001486052968154,0.01278,1800.0
1436.5827704491758,-0.0095422832981046,0.0016689218401296,0.01278,1800.0
1436.6833418431424,-0.009182818209671,0.0030771049955605,0.01278,1800.0
1436.7839377942228,-0.0085881717659306,0.0044697240200984,0.01278,1800.0
1436.885224920764,-0.0077727296747644,0.0057711341176835,0.01278,1800.0
1436.9858008446836,-0.0068121188220491,0.0068833383825715,0.01278,1800.0
1437.0863870206022,-0.0056920798017756,0.0078423967097434,0.01278,1800.0
1437.1869512620115,-0.0043984006385304,0.0086290539776575,0.01278,1800.0
1437.287514788165,-0.0029907928599881,0.0092238771237294,0.01278,1800.0
1437.3880907120847,-0.0015010159886265,0.0095826261287987,0.01278,1800.0
1437.488653284564,-3.64064882940468e-05,0.0097181715515771,0.01278,1800.0
1437.589213711276,0.0014718796976756,0.0095837054529188,0.01278,1800.0
1437.6797278943204,0.0027511637917687,0.0092949201863123,0.01278,1800.0
1437.7802892747068,0.0041564174146463,0.0087371519552211,0.01278,1800.0
1437.8808589997434,0.0055056629750481,0.007968333766143,0.01278,1800.0
1437.9815355363035,0.0066775859119526,0.00701496778044,0.01278,1800.0
1438.0828395905637,0.0076770617615737,0.0058869091925924,0.01278,1800.0
1438.1834026398801,0.0085168791650602,0.0046235921730432,0.01278,1800.0
1438.283979040637,0.0091207722732229,0.003273078431345,0.01278,1800.0
1438.384542328372,0.0095178017429429,0.0018593275851021,0.01278,1800.0
1438.4851223054075,0.0096907315564173,0.0002968997456995,0.01278,1800.0
1438.5856987061643,0.009649441891748,-0.0011726090629027,0.01278,1800.0
1438.6873460831785,0.0093167882548322,-0.0026794297419905,0.01278,1800.0
1438.7879086556577,0.0088343578337821,-0.004031138836511,0.01278,1800.0
1438.8884378495359,0.0080467815731354,-0.0053779413587418,0.01278,1800.0
1438.9889651360654,0.0071579219405685,-0.006537741633396,0.01278,1800.0
1439.0895188870572,0.0060509799417693,-0.0075494101498606,0.01278,1800.0
1439.180022102847,0.0049441086042374,-0.0083355776463444,0.01278,1800.0
1439.2805403294706,0.003594171229926,-0.0089916585866819,0.01278,1800.0
1439.3811074319028,0.0021256351283214,-0.00944059914844,0.01278,1800.0
1439.4816306653165,0.0006436185499423,-0.009679445183982,0.01278,1800.0
1439.5821612897062,-0.0008264248416114,-0.0096575148645743,0.01278,1800.0
1439.6833118024015,-0.0023580030189243,-0.0094168605635892,0.01278,1800.0
1439.783886057391,-0.0037412654726351,-0.0089566709816523,0.01278,1800.0
1439.8844288411283,-0.0051242449129676,-0.008240974694119,0.01278,1800.0
1439.9849937977933,-0.0063173091533326,-0.0073459456122598,0.01278,1800.0
1440.0855513634824,-0.0073834745450188,-0.0062788263855129,0.01278,1800.0
1440.1861158433103,-0.0080394131436802,-0.0054471746833078,0.01278,1800.0
1440.286682707324,-0.0082369999999999,-0.0051689999999999,0.01278,1800.0
1440.3872779431485,-0.0081723280932141,-0.0050587911240868,0.01278,1800.0
1440.487840992465,-0.0064203639080454,-0.0020735505716165,0.01278,1800.0
1440.5891691270017,-0.0028145973861564,0.0042480117084605,0.01278,1800.0
1440.689674479022,0.0008249059328653,0.0106740543691912,0.01278,1800.0
1440.780097109332,0.0035875531463765,0.0149791580600465,0.01278,1800.0
1440.8806503834867,0.003618,0.0150309999999999,0.01278,1800.0
1440.9812165322446,0.0033616326685276,0.0150836758759796,0.01278,1800.0
1441.0817912640714,0.0020959646933031,0.0152974626243455,0.01278,1800.0
1441.1823743405484,0.0005560997397487,0.0154208582672223,0.01278,1800.0
1441.2831584038877,-0.000933854015099,0.0154056529129542,0.01278,1800.0
1441.3837150159025,-0.002432449851414,0.0152405272685736,0.01278,1800.0
1441.4842771115445,-0.0039173844823265,0.0149312081176042,0.01278,1800.0
1441.5848351540708,-0.0053493963381557,0.0144759465766918,0.01278,1800.0
1441.6853893818998,-0.0067392348918207,0.0138914216593085,0.01278,1800.0
1441.785929304614,-0.0080162083486081,0.0131924285247126,0.01278,1800.0
1441.8864840092801,-0.0092557641236785,0.0123635630398779,0.01278,1800.0
1441.9870449128293,-0.0104188128170802,0.0114126421920007,0.01278,1800.0
1442.0875986638212,-0.0114932078461791,0.0103193484739977,0.01278,1800.0
1442.1881533684873,-0.0124262498651725,0.0091787025971846,0.01278,1800.0
1442.2887269082212,-0.0132485708829183,0.0079146733862466,0.01278,1800.0
1442.379650455966,-0.0139135166814278,0.0066870322924375,0.01278,1800.0
1442.4802163663053,-0.0145087263149872,0.0052570154180072,0.01278,1800.0
1442.580793959155,-0.014952223871746,0.0038223444834826,0.01278,1800.0
1442.6813665452146,-0.0152509058130225,0.0023586077066978,0.01278,1800.0
1442.7835928025388,-0.0154107946049319,0.0008149475197325,0.01278,1800.0
1442.8841720643186,-0.0154256052149626,-0.0006739313750419,0.01278,1800.0
1442.9847537102842,-0.015297645821575,-0.0021223198822663,0.01278,1800.0
1443.0853303494596,-0.0150113389913591,-0.003615211083955,0.01278,1800.0
1443.1858855309629,-0.0145866748905993,-0.0051068383487353,0.01278,1800.0
1443.286681515231,-0.014034357173102,-0.0064463898744647,0.01278,1800.0
1443.3872412266874,-0.013316451822971,-0.0078243016323745,0.01278,1800.0
1443.487812620654,-0.0124991910114339,-0.0090645697967553,0.01278,1800.0
1443.588381630435,-0.011562737422411,-0.0102221587109457,0.01278,1800.0
1443.6889456334256,-0.0104894018232465,-0.011312247879861,0.01278,1800.0
1443.7794629159116,-0.0094505616642661,-0.0122047655075867,0.01278,1800.0
1443.8799866261625,-0.0082163189811417,-0.0130595655305152,0.01278,1800.0
1443.980551344409,-0.0068951228074228,-0.0138161588178519,0.01278,1800.0
1444.0811704220914,-0.0055147771180709,-0.0144211058687356,0.01278,1800.0
1444.1817148747587,-0.004072904182639,-0.0149055133928378,0.01278,1800.0
1444.2840028824949,-0.0025722798355837,-0.0152359066026321,0.01278,1800.0
1444.3845697465085,-0.0011532088783339,-0.0154081902705699,0.01278,1800.0
1444.4851354184293,0.0003409085529522,-0.0154437707831907,0.01278,1800.0
1444.5856853547239,0.0018600399279552,-0.0153264431402855,0.01278,1800.0
1444.6862560334348,0.0034083212397247,-0.0150574752636389,0.01278,1800.0
1444.7868228974485,0.0048113023006754,-0.01466627937518,0.01278,1800.0
1444.887404066577,0.0061952131692674,-0.0141355784283148,0.01278,1800.0
1444.9879778447294,0.0075731648189014,-0.0134472067525975,0.01278,1800.0
1445.088559967532,0.0088678697270903,-0.0126301535511845,0.01278,1800.0
1445.1891254010343,0.010045569477043,-0.0117260638207146,0.01278,1800.0
1445.2795904698514,0.0110065602415349,-0.0108320059819441,0.01278,1800.0
1445.3801532807493,0.0120260873056629,-0.0097001762853403,0.01278,1800.0
1445.4807339730405,0.0129011281816136,-0.0085095064972454,0.01278,1800.0
1445.5812915387296,0.0136809806040933,-0.0071669229844873,0.01278,1800.0
1445.6818021359586,0.014310769820422,-0.0058056757261233,0.01278,1800.0
1445.7832275452756,0.0148086150627351,-0.0043501875273411,0.01278,1800.0
1445.8843329968595,0.0151695061811355,-0.0028655216776158,0.01278,1800.0
1445.984903913989,0.0153716954834509,-0.0013533406519128,0.01278,1800.0
1446.0854776921415,0.015428540606307,0.0001465831813523,0.01278,1800.0
1446.1860450329923,0.0153469715235474,0.001641452156782,0.01278,1800.0
1446.2866176190519,0.0151116921263073,0.0031253684779222,0.01278,1800.0
1446.3871851983213,0.0147417192707566,0.0045730140250179,0.01278,1800.0
1446.4877499165677,0.0142229512346579,0.0060128175155759,0.01278,1800.0
1446.5883210721158,0.0135770296663893,0.0073755525916123,0.01278,1800.0
1446.6888943734311,0.0128460548085905,0.0086814647079492,0.01278,1800.0
1446.7794059338712,0.0120193887018816,0.0097075003185502,0.01278,1800.0
1446.879969936862,0.0109782155865452,0.0108580381017601,0.01278,1800.0
1446.9805401387357,0.0098791175961388,0.0118513566287482,0.01278,1800.0
1447.0811122479581,0.0086681099110083,0.012769357556899,0.01278,1800.0
1447.1837140145444,0.0073550253412277,0.0135711578853265,0.01278,1800.0
1447.284361940875,0.0060345350426772,0.0142055315428334,0.01278,1800.0
1447.3849202218198,0.0046583756168049,0.0147126681502821,0.01278,1800.0
1447.485482317462,0.0036784737364792,0.0150165511468785,0.01278,1800.0
1447.58676658298,0.003618,0.015031,0.01278,1800.0
1447.6873332085752,0.0032749596595591,0.014486535469381,0.01278,1800.0
1447.787898880496,0.0009617010196767,0.0108149820566048,0.01278,1800.0
1447.8884657445096,-0.0030698318652881,0.0044161187573835,0.01278,1800.0
1447.9890593114042,-0.0073657564207312,-0.002402345235755,0.01278,1800.0
1448.07956991817,-0.0091275135747541,-0.0051986603786661,0.01278,1800.0
1448.1801374974393,-0.0096789999999999,-0.0060739999999999,0.01278,1800.0
1448.2817128720426,-0.009999836262492,-0.0054889487172302,0.01278,1800.0
1448.3822754445218,-0.0105368980570235,-0.0043354882816811,0.01278,1800.0
1448.4828518452787,-0.0110063201489697,-0.0029143684237969,0.01278,1800.0
1448.5834122719907,-0.0113009595105611,-0.0014129499410797,0.01278,1800.0
1448.6839791360044,-0.0114041504068466,7.004774489322019e-05,0.01278,1800.0
1448.7845436158323,-0.0113037807137511,0.0015289977361315,0.01278,1800.0
1448.887920004382,-0.0109630870252944,0.0031337564669878,0.01278,1800.0
1448.9885002198362,-0.0104644129193504,0.0045477388512611,0.01278,1800.0
1449.0790101113462,-0.0098697992280207,0.0057117823496607,0.01278,1800.0
1449.1795180859708,-0.0090243014392373,0.0069387813248704,0.01278,1800.0
1449.2800878110074,-0.0080218335256188,0.0080793222839943,0.01278,1800.0
1449.3806854310178,-0.0068671855186974,0.0090800635288654,0.01278,1800.0
1449.481268984332,-0.0056329662779673,0.0099035635657985,0.01278,1800.0
1449.582029921069,-0.0043162095661802,0.0105437485928237,0.01278,1800.0
1449.68259893085,-0.0028766691004421,0.0110167173952183,0.01278,1800.0
1449.783166748538,-0.0013541233465061,0.0113071597611747,0.01278,1800.0
1449.8837266984128,0.000157220583126,0.0114124124015638,0.01278,1800.0
1449.9852827611112,0.0016030902537455,0.0112912443885523,0.01278,1800.0
1450.0858453335904,0.0031407702123388,0.0109663257756709,0.01278,1800.0
1450.18641625072,0.0045661089057385,0.0104549798568965,0.01278,1800.0
1450.2871094765806,0.0059205306773541,0.0097543656351705,0.01278,1800.0
1450.3882490220212,0.0071114860056203,0.0088995820864578,0.01278,1800.0
1450.4787019314908,0.0080947642808458,0.0080069064731577,0.01278,1800.0
1450.5792749943876,0.0090698784058997,0.0068822353010573,0.01278,1800.0
1450.6798378052854,0.0099067385571544,0.005628974761837,0.01278,1800.0
1450.780496460452,0.010559489642892,0.0042630257904511,0.01278,1800.0
1450.8810123028898,0.0110267440849147,0.0028450355823065,0.01278,1800.0
1450.98164687778,0.0113188410455984,0.0013363511987197,0.01278,1800.0
1451.0821739258909,0.0114123494646918,-0.0002082662882164,0.01278,1800.0
1451.1827424588346,0.0112986929147214,-0.0016106236782962,0.01278,1800.0
1451.2833097996854,0.0109570182540274,-0.0031384485311881,0.01278,1800.0
1451.38386307384,0.0104371451468595,-0.0045987520209316,0.01278,1800.0
1451.484426361575,0.0097459124012461,-0.0059225273499425,0.01278,1800.0
1451.5849948945188,0.0088808727513461,-0.0071311158771564,0.01278,1800.0
1451.6799119534635,0.0079224566832856,-0.0081682917887281,0.01278,1800.0
1451.7804480614805,0.0067907749883929,-0.0091541015156945,0.01278,1800.0
1451.8810106339597,0.0055184821471143,-0.0099642508906497,0.01278,1800.0
1451.9815836968564,0.004141084950199,-0.0106057817462537,0.01278,1800.0
1452.0804976048612,0.0027373019237383,-0.0110583171394382,0.01278,1800.0
1452.1810339512967,0.0013109926415206,-0.0113249645577283,0.01278,1800.0
1452.2818189683103,-0.000231174796052,-0.011412653203945,0.01278,1800.0
1452.3825367512845,-0.0017406408591767,-0.0112766603892127,0.01278,1800.0
1452.483077150836,-0.0032173632896794,-0.0109441493729217,0.01278,1800.0
1452.5853100838804,-0.0045997155056965,-0.0104393345757462,0.01278,1800.0
1452.685861689105,-0.0059393278655776,-0.0097203779669514,0.01278,1800.0
1452.7864256920957,-0.0071593156496921,-0.0088579126295816,0.01278,1800.0
1452.88696728374,-0.0082527344433978,-0.0078394220901944,0.01278,1800.0
1452.9875126900815,-0.0091842331951138,-0.0067416130488925,0.01278,1800.0
1453.0880511822843,-0.0096595498334268,-0.0061015217054392,0.01278,1800.0
1453.1886144700193,-0.0096789999999999,-0.0060739999999999,0.01278,1800.0
1453.2790924134397,-0.0091431646706937,-0.005335920299984,0.01278,1800.0
1453.3796223225736,-0.0063866923289031,-0.0015390430194372,0.01278,1800.0
1453.481886965289,-0.0017836087313066,0.0048014654111335,0.01278,1800.0
1453.5824438157224,0.0028381019404839,0.0111675120083955,0.01278,1800.0
1453.6829684796476,0.0041034092332471,0.0129103674281623,0.01278,1800.0
1453.7835210385465,0.004236,0.013093,0.01278,1800.0
1453.8840917172574,0.0036236441170067,0.0132656902129096,0.01278,1800.0
1453.9846516671323,0.0023878056470529,0.0135244697146174,0.01278,1800.0
1454.0852125706815,0.0008765245414326,0.0136944318406606,0.01278,1800.0
1454.1857734742307,-0.0006408718319008,0.0137180305808216,0.01278,1800.0
1454.2863474908017,-0.0020904871179528,0.0135764934720324,0.01278,1800.0
1454.3868704857969,-0.0035682900706485,0.0132634477615937,0.01278,1800.0
1454.4874373498105,-0.0050561159790832,0.0127803472591247,0.01278,1800.0
1454.5880044522428,-0.0063477241412905,0.0121887324926162,0.01278,1800.0
1454.6784719052457,-0.0075101195204067,0.0115105081468266,0.01278,1800.0
1454.7825118127012,-0.0087702467973964,0.0105848343240444,0.01278,1800.0
1454.8830855908536,-0.0098863625170348,0.0095360343249749,0.01278,1800.0
1454.9836429181241,-0.0108880228775097,0.0083609180472922,0.01278,1800.0
1455.0842190804624,-0.0117302613174525,0.0071388949007039,0.01278,1800.0
1455.1847806992673,-0.0124281843788729,0.0058379086709848,0.01278,1800.0
1455.2853363576078,-0.0129903850639546,0.0044433235574574,0.01278,1800.0
1455.3859077515745,-0.0134012538619269,0.0029877142794587,0.01278,1800.0
1455.4864476742887,-0.0136489582369689,0.001497594183261,0.01278,1800.0
1455.587018114581,-0.0137393260908529,-7.860344045707013e-06,0.01278,1800.0
1455.6875997605466,-0.0136524651584868,-0.0015361964143963,0.01278,1800.0
1455.7781408848905,-0.0134498869690807,-0.0028371846160736,0.01278,1800.0
1455.878699881091,-0.0131705916067934,-0.003929078628078,0.01278,1800.0
1455.979269367709,-0.0128870410054479,-0.0047870374603832,0.01278,1800.0
1456.0798460068845,-0.0123436009448675,-0.006025334071297,0.01278,1800.0
1456.1838415684842,-0.011592277766793,-0.0073644407733397,0.01278,1800.0
1456.2843929352903,-0.010705161257713,-0.0085939820740864,0.01278,1800.0
1456.38492856647,-0.0096970995294035,-0.0097199522646918,0.01278,1800.0
1456.4855681481504,-0.0085618665614512,-0.0107330261387887,0.01278,1800.0
1456.5861278596067,-0.0073067567446156,-0.0116227243218893,0.01278,1800.0
1456.686690432086,-0.0060014009134694,-0.0123567593807546,0.01278,1800.0
1456.7872489514493,-0.0046852773076384,-0.0129176491057787,0.01278,1800.0
1456.887814146533,-0.0032252498359106,-0.0133577063044413,0.01278,1800.0
1456.9783309521818,-0.0019122865037891,-0.0136201713670673,0.01278,1800.0
1457.0788661065244,-0.0003581033538175,-0.0137315364731475,0.01278,1800.0
1457.1794310631894,0.001186059534033,-0.013687217394492,0.01278,1800.0
1457.2799504819059,0.0026774666761598,-0.0134719026329739,0.01278,1800.0
1457.3812995972776,0.0041043597956225,-0.0131054448387977,0.01278,1800.0
1457.4818228306913,0.0054851992974536,-0.0125913027865972,0.01278,1800.0
1457.5823892178678,0.0068354897693011,-0.0119078453339051,0.01278,1800.0
1457.6829587044858,0.0081007385630726,-0.0110835552858744,0.01278,1800.0
1457.7835193696164,0.0092646595347103,-0.010138671065856,0.01278,1800.0
1457.884093147769,0.0103396330180698,-0.0090490373860999,0.01278,1800.0
1457.984665972247,0.0112853978313103,-0.0078396874536149,0.01278,1800.0
1458.085958343997,0.0120809234464873,-0.0065629473709109,0.01278,1800.0
1458.1865256848478,0.0126894599189368,-0.0052935304802704,0.01278,1800.0
1458.2870920720243,0.0130980733916261,-0.0041825991118855,0.01278,1800.0
1458.3876541676664,0.0134498336350789,-0.0027992718598679,0.01278,1800.0
1458.4781259122037,0.0136536709849334,-0.0014889895065094,0.01278,1800.0
1458.5786579671048,0.013725120424665,6.686573642789018e-05,0.01278,1800.0
1458.6792076649808,0.0136661012718401,0.0014241208975628,0.01278,1800.0
1458.7797711911344,0.0134911490706635,0.0025995844191976,0.01278,1800.0
1458.8812154355192,0.0131599994337705,0.0039175543604932,0.01278,1800.0
1458.9817200722837,0.012666516226793,0.0053259997260092,0.01278,1800.0
1459.0822816910886,0.0120259407431525,0.0066394561184729,0.01278,1800.0
1459.1828642907285,0.0112442692022946,0.0079113746165638,0.01278,1800.0
1459.2834485592984,0.0103053862866037,0.0091023322566279,0.01278,1800.0
1459.3840406956815,0.0092517335656963,0.0101647223245187,0.01278,1800.0
1459.4870852055692,0.0079964067400751,0.0111819974413771,0.01278,1800.0
1459.5876725735807,0.0067589124560527,0.0119574078850126,0.01278,1800.0
1459.678174358859,0.0055180181407898,0.0125754654346856,0.01278,1800.0
1459.7787231030607,0.0045505038046593,0.0129776417823881,0.01278,1800.0
1459.879284483447,0.004236,0.013093,0.01278,1800.0
1459.9798699441099,0.0041211065468749,0.0129428530707967,0.01278,1800.0
1460.080441576495,0.0025000295806576,0.0108241097084659,0.01278,1800.0
1460.1810084405088,-0.0021104418414248,0.0047981199117507,0.01278,1800.0
1460.281578403964,-0.0069307601898944,-0.0015021922741367,0.01278,1800.0
1460.3821533742093,-0.0108798562291589,-0.0066638336711907,0.01278,1800.0
1460.4827211918973,-0.0111095375002767,-0.0069640189206872,0.01278,1800.0
1460.583290916934,-0.0111209999999999,-0.006979,0.01278,1800.0
1460.6838704171323,-0.0113501858762204,-0.0065646401240495,0.01278,1800.0
1460.7844563546323,-0.0119415403509123,-0.0053503341146087,0.01278,1800.0
1460.8809207501554,-0.0124532160724726,-0.0040411074012929,0.01278,1800.0
1460.9814508977079,-0.0128316552443435,-0.0025597987154875,0.01278,1800.0
1461.0820034566068,-0.0130544831860255,-0.0010522118064028,0.01278,1800.0
1461.1825226369047,-0.0130885566575634,0.0004314045457264,0.01278,1800.0
1461.2830563607358,-0.0129559676492943,0.0019402858811704,0.01278,1800.0
1461.3878861489438,-0.0126245350447929,0.0034853244342074,0.01278,1800.0
1461.4784091534757,-0.0121991277002424,0.0047888618570497,0.01278,1800.0
1461.578971725955,-0.0115842633230895,0.0061401479716735,0.01278,1800.0
1461.6795328679227,-0.0108140565499663,0.0073883046936413,0.01278,1800.0
1461.780085188403,-0.0098922302643984,0.008582484755408,0.01278,1800.0
1461.8806272568845,-0.0088533874641286,0.0096488243305953,0.01278,1800.0
1461.9811805310392,-0.0076684028552335,0.0106129756770603,0.01278,1800.0
1462.0817600312375,-0.0064007394784145,0.0114214383630581,0.01278,1800.0
1462.1823085370206,-0.005043595065284,0.0120822183409089,0.01278,1800.0
1462.2828644337797,-0.0036409818387357,0.0125811157290855,0.01278,1800.0
1462.383410555377,-0.0022140769967172,0.0129091273967551,0.01278,1800.0
1462.4839626374387,-0.0007023704647235,0.0130710784626642,0.01278,1800.0
1462.5845452370786,0.0008558032780523,0.0130670732611339,0.01278,1800.0
1462.6851044716977,0.0023620248072796,0.012887287913296,0.01278,1800.0
1462.7798238816404,0.0036791299238022,0.0125797810697971,0.01278,1800.0
1462.880387884631,0.0051734413590356,0.0120407513016706,0.01278,1800.0
1462.9809604706907,0.0064583295897678,0.0113986594338924,0.01278,1800.0
1463.0815304341459,0.0077381766291028,0.0105668186196209,0.01278,1800.0
1463.182083946719,0.0089152709793232,0.0095940515127302,0.01278,1800.0
1463.2826300683164,0.0099612620294326,0.0084975106031462,0.01278,1800.0
1463.3831604542875,0.0108509744991439,0.0073288688231663,0.01278,1800.0
1463.4837232651853,0.0116009552674756,0.0060696394830753,0.01278,1800.0
1463.5843039574765,0.0122256744559149,0.0046616288734666,0.01278,1800.0
1463.6848646226072,0.0126980064013048,0.0031928144735097,0.01278,1800.0
1463.7854498448514,0.0129778687389467,0.0017528631090928,0.01278,1800.0
1463.8860090794706,0.0131050030151262,0.0002297647913833,0.01278,1800.0
1463.9865740361356,0.0130491867646975,-0.0012695511848889,0.01278,1800.0
1464.0871313634061,0.0128285520295895,-0.0027153535249015,0.01278,1800.0
1464.1813443722867,0.0124640592242182,-0.0040570309525481,0.01278,1800.0
1464.2819119515561,0.0119099194638717,-0.0054561308163179,0.01278,1800.0
1464.382467371478,0.0111832938990837,-0.0068078964487747,0.01278,1800.0
1464.4830316128873,0.010314628111208,-0.0080543069071704,0.01278,1800.0
1464.5835980000638,0.0093229006682103,-0.0091817371442914,0.01278,1800.0
1464.6841548504972,0.0081987507950309,-0.0102041372057054,0.01278,1800.0
1464.784692150607,0.0069592428914736,-0.0110870041712514,0.01278,1800.0
1464.8852473321103,0.0056723361576501,-0.011809080730465,0.01278,1800.0
1464.985798937335,0.0042959076592361,-0.0123804372522015,0.01278,1800.0
1465.086377483859,0.002787780989907,-0.0128145666880855,0.01278,1800.0
1465.186958891406,0.0013263927905594,-0.0130550293084406,0.01278,1800.0
1465.2875031056547,-0.0001589676821867,-0.0131148939026453,0.01278,1800.0
1465.3880559029722,-0.0016181879021616,-0.0129992703422344,0.01278,1800.0
1465.4785305085325,-0.0029456918962857,-0.012756927050558,0.01278,1800.0
1465.584202867999,-0.0045124119073863,-0.0122804474145089,0.01278,1800.0
1465.684829575076,-0.005909542469552,-0.0116799175662337,0.01278,1800.0
1465.7854040684842,-0.0071939029262873,-0.0109346554614562,0.01278,1800.0
1465.887601715579,-0.008418832236542,-0.0100314447188679,0.01278,1800.0
1465.9781216206693,-0.0094177136446345,-0.0091236181465478,0.01278,1800.0
1466.0827706875943,-0.010414612029779,-0.0079730154220874,0.01278,1800.0
1466.1835278096341,-0.011108741738866,-0.0069963732190171,0.01278,1800.0
1466.2840999188566,-0.0111209999999999,-0.006979,0.01278,1800.0
1466.3846710744047,-0.0111209999999999,-0.006979,0.01278,0.0
