6401.299166917801,0.016889,5.551115123125783e-17,0.01562,1800.0
6401.3991522789,0.016876799999999997,0.00032399999999999096,0.01562,1800.0
6401.499174356461,0.016758900000000007,0.0019955999999999863,0.01562,1800.0
6401.599092245102,0.0165091,0.003534499999999996,0.01562,1800.0
6401.6991584300995,0.0161144,0.005042800000000014,0.01562,1800.0
6401.79905462265,0.015526499999999999,0.006615500000000052,0.01562,1800.0
6401.899107217789,0.015526499999999999,0.006615500000000052,0.01562,1800.0
6401.999201059341,0.014740699999999995,0.008233600000000008,0.01562,1800.0
6402.09911775589,0.013917399999999996,0.0095576,0.01562,1800.0
6402.199177980423,0.012972400000000009,0.010797700000000021,0.01562,1800.0
6402.2991898059845,0.011920700000000006,0.011948400000000026,0.01562,1800.0
6402.399173974991,0.0106816,0.013081500000000024,0.01562,1800.0
6402.499068021774,0.009323600000000001,0.014069200000000004,0.01562,1800.0
6402.599219322205,0.007880300000000007,0.014926600000000012,0.01562,1800.0
6402.699189186096,0.006362400000000004,0.015644500000000006,0.01562,1800.0
6402.799177646637,0.004889699999999997,0.016156800000000027,0.01562,1800.0
6402.899155378342,0.0032602999999999938,0.016561099999999995,0.01562,1800.0
6402.999143362045,0.0032602999999999938,0.016561099999999995,0.01562,1800.0
6403.099436998367,0.001600100000000007,0.0168122,0.01562,1800.0
6403.199069023132,4.2399999999997995e-05,0.01688080000000003,0.01562,1800.0
6403.299177646637,-0.001634499999999997,0.016798000000000035,0.01562,1800.0
6403.3991985321045,-0.003178299999999995,0.016580700000000004,0.01562,1800.0
6403.499623775482,-0.004809500000000008,0.01618360000000002,0.01562,1800.0
6403.59916305542,-0.0063913000000000025,0.015620700000000043,0.01562,1800.0
6403.699166059494,-0.007914000000000004,0.014913600000000027,0.01562,1800.0
6403.799058914185,-0.009256699999999993,0.014121099999999998,0.01562,1800.0
6403.899112462997,-0.010702599999999993,0.013050899999999976,0.01562,1800.0
6403.999161243439,-0.01186319999999999,0.01201000000000002,0.01562,1800.0
6404.0991563797,-0.0129991,0.010773800000000056,0.01562,1800.0
6404.199337720871,-0.0129991,0.010773800000000056,0.01562,1800.0
6404.299157381058,-0.013933100000000004,0.00952550000000002,0.01562,1800.0
6404.399176359177,-0.0148118,0.008095000000000019,0.01562,1800.0
6404.499114990234,-0.015504199999999996,0.0066978000000000315,0.01562,1800.0
6404.599153518677,-0.01608409999999999,0.005122000000000015,0.01562,1800.0
6404.699127435684,-0.016512700000000005,0.003498800000000024,0.01562,1800.0
6404.799327135086,-0.016771800000000003,0.0019611999999999963,0.01562,1800.0
6404.899168252945,-0.016878000000000004,0.00040570000000000883,0.01562,1800.0
6404.9991998672485,-0.016821500000000003,-0.0013921999999999546,0.01562,1800.0
6405.099170446396,-0.016625799999999996,-0.0029389999999999694,0.01562,1800.0
6405.199103593826,-0.016250499999999987,-0.004575300000000004,0.01562,1800.0
6405.299037218094,-0.015711099999999992,-0.006165199999999982,0.01562,1800.0
6405.3990569114685,-0.015711099999999992,-0.006165199999999982,0.01562,1800.0
6405.499144077301,-0.01507929999999999,-0.007590399999999997,0.01562,1800.0
6405.599220275879,-0.014252399999999998,-0.00905149999999999,0.01562,1800.0
6405.699163675308,-0.013278200000000004,-0.010418800000000006,0.01562,1800.0
6405.799063444138,-0.012262599999999999,-0.01160159999999999,0.01562,1800.0
6405.8992240428925,-0.011052900000000004,-0.012765899999999997,0.01562,1800.0
6405.999274969101,-0.009725200000000003,-0.013793600000000017,0.01562,1800.0
6406.099061489105,-0.008308799999999991,-0.014694999999999958,0.01562,1800.0
6406.199157238007,-0.006920300000000004,-0.015404399999999985,0.01562,1800.0
6406.299111366272,-0.005239199999999999,-0.016044500000000017,0.01562,1800.0
6406.3991639614105,-0.003853499999999996,-0.016432899999999973,0.01562,1800.0
6406.499192237854,-0.002203499999999997,-0.016743799999999975,0.01562,1800.0
6406.599320650101,-0.002203499999999997,-0.016743799999999975,0.01562,1800.0
6406.6991374492645,-0.0006492000000000026,-0.016868199999999944,0.01562,1800.0
6406.79914689064,0.0011493999999999949,-0.016840400000000033,0.01562,1800.0
6406.899074792862,0.002699199999999999,-0.01666970000000001,0.01562,1800.0
6406.999062299728,0.004339899999999994,-0.016313399999999978,0.01562,1800.0
6407.099077939987,0.0058256,-0.0158412,0.01562,1800.0
6407.199063777924,0.007372600000000007,-0.015188900000000005,0.01562,1800.0
6407.299196720123,0.008843500000000004,-0.01437949999999999,0.01562,1800.0
6407.3990795612335,0.010225700000000004,-0.013426599999999955,0.01562,1800.0
6407.499148607254,0.0115146,-0.01235059999999999,0.01562,1800.0
6407.599221944809,0.012603000000000003,-0.011234099999999969,0.01562,1800.0
6407.69916844368,0.012603000000000003,-0.011234099999999969,0.01562,1800.0
6407.799196958542,0.01358129999999999,-0.010020200000000035,0.01562,1800.0
6407.899205207825,0.0145116,-0.00862259999999998,0.01562,1800.0
6407.999062776566,0.015300800000000003,-0.007140800000000003,0.01562,1800.0
6408.099053144455,0.015927600000000014,-0.00558320000000001,0.01562,1800.0
6408.199154138565,0.0163764,-0.004090299999999991,0.01562,1800.0
6408.2991535663605,0.016722100000000004,-0.0023252999999999746,0.01562,1800.0
6408.399069786072,0.01686,-0.0007723000000000035,0.01562,1800.0
6408.499058961868,0.016889,5.551115123125783e-17,0.01562,1800.0
6408.599763631821,0.016889,5.551115123125783e-17,0.01562,0.0
6408.6991539001465,0.015811900000000004,-0.00017770000000000286,0.01562,0.0
6409.199234247208,-0.009033,-0.004274999999999973,0.01562,0.0
6409.299156665802,-0.009033,-0.004274999999999973,0.01562,1800.0
6409.3991522789,-0.009088200000000005,-0.004141899999999976,0.01562,1800.0
6409.499087810516,-0.009633000000000003,-0.0026187999999999767,0.01562,1800.0
6409.599159240723,-0.009935899999999998,-0.0010905999999999416,0.01562,1800.0
6409.699115037918,-0.00996409999999999,0.0005867999999999984,0.01562,1800.0
6409.799151182175,-0.009762499999999993,0.0021316000000000113,0.01562,1800.0
6409.899132728577,-0.0092584,0.003731299999999993,0.01562,1800.0
6409.999178647995,-0.0092584,0.003731299999999993,0.01562,1800.0
6410.0991632938385,-0.008511699999999997,0.005233600000000005,0.01562,1800.0
6410.199095010757,-0.007587800000000006,0.0064878000000000435,0.01562,1800.0
6410.299077987671,-0.006396700000000005,0.00766929999999999,0.01562,1800.0
6410.399048566818,-0.005021600000000001,0.00862890000000005,0.01562,1800.0
6410.499143838882,-0.003618299999999991,0.00930510000000001,0.01562,1800.0
6410.599148750305,-0.002010999999999999,0.009782900000000039,0.01562,1800.0
6410.699150562286,-0.0003448999999999952,0.009977600000000031,0.01562,1800.0
6410.799111366272,0.0012114999999999904,0.0099186,0.01562,1800.0
6410.899065494537,0.002736299999999997,0.009599100000000027,0.01562,1800.0
6410.999180793762,0.004309599999999997,0.009016600000000041,0.01562,1800.0
6411.099189043045,0.005750499999999992,0.008157600000000043,0.01562,1800.0
6411.199573993683,0.005750499999999992,0.008157600000000043,0.01562,1800.0
6411.299169778824,0.007043500000000008,0.007088800000000006,0.01562,1800.0
6411.399142742157,0.008051300000000011,0.0059007000000000365,0.01562,1800.0
6411.499216794968,0.008932099999999998,0.004472900000000002,0.01562,1800.0
6411.599184036255,0.009548200000000007,0.002913100000000002,0.01562,1800.0
6411.699169635773,0.009908,0.0012747000000000175,0.01562,1800.0
6411.799211502075,0.009981199999999996,-0.0002809999999999757,0.01562,1800.0
6411.8991639614105,0.009813700000000009,-0.0018295999999999868,0.01562,1800.0
6411.999078512192,0.009329599999999993,-0.0035591999999999846,0.01562,1800.0
6412.099150657654,0.008601800000000007,-0.005070599999999981,0.01562,1800.0
6412.199179172516,0.007711899999999994,-0.0063489999999999935,0.01562,1800.0
6412.299228668213,0.0065355,-0.007545100000000027,0.01562,1800.0
6412.399187088013,0.0065355,-0.007545100000000027,0.01562,1800.0
6412.499170064926,0.0051845999999999975,-0.008538800000000013,0.01562,1800.0
6412.599167108536,0.0037903999999999993,-0.009233899999999962,0.01562,1800.0
6412.699197769165,0.0021947000000000078,-0.009751799999999977,0.01562,1800.0
6412.799211978912,0.0006506999999999902,-0.009960499999999983,0.01562,1800.0
6412.899178743362,-0.0010265999999999886,-0.009939399999999987,0.01562,1800.0
6412.999224662781,-0.002672599999999997,-0.009617499999999946,0.01562,1800.0
6413.099186658859,-0.004138199999999995,-0.009089699999999978,0.01562,1800.0
6413.199162721634,-0.005598500000000006,-0.008265299999999975,0.01562,1800.0
6413.299181938171,-0.0068161999999999945,-0.00729409999999997,0.01562,1800.0
6413.399168252945,-0.007943699999999998,-0.006052999999999975,0.01562,1800.0
6413.499073982239,-0.008842000000000003,-0.004636099999999976,0.01562,1800.0
6413.599173784256,-0.008842000000000003,-0.004636099999999976,0.01562,1800.0
6413.699193477631,-0.009033,-0.004274999999999973,0.01562,1800.0
6413.799133777618,-0.009033,-0.004274999999999973,0.01562,0.0
6413.899110078812,-0.005693299999999998,-0.003685600000000011,0.01562,0.0
6414.29927110672,0.015187999999999993,5.551115123125783e-17,0.01562,0.0
6414.399201393127,0.015187999999999993,5.551115123125783e-17,0.01562,1800.0
6414.499188423157,0.0151622,0.0006806000000000312,0.01562,1800.0
6414.599214076996,0.015001299999999995,0.0023516000000000092,0.01562,1800.0
6414.699201345444,0.015001299999999995,0.0023516000000000092,0.01562,1800.0
6414.799147844315,0.014674699999999999,0.0038759999999999906,0.01562,1800.0
6414.899187803268,0.014166200000000004,0.005476099999999984,0.01562,1800.0
6414.999197721481,0.013465900000000003,0.007002100000000011,0.01562,1800.0
6415.099174499512,0.012618199999999996,0.008451399999999998,0.01562,1800.0
6415.19907450676,0.011678400000000005,0.009695300000000018,0.01562,1800.0
6415.299151182175,0.010539700000000013,0.010929100000000025,0.01562,1800.0
6415.399185180664,0.009360300000000002,0.011948100000000017,0.01562,1800.0
6415.499144554138,0.007984699999999997,0.01291060000000005,0.01562,1800.0
6415.599054574966,0.006510500000000002,0.013712999999999975,0.01562,1800.0
6415.699141740799,0.005069300000000013,0.014307500000000029,0.01562,1800.0
6415.799117088318,0.0034600000000000047,0.014784900000000045,0.01562,1800.0
6415.89911198616,0.0034600000000000047,0.014784900000000045,0.01562,1800.0
6415.999201059341,0.0019247000000000014,0.015055600000000002,0.01562,1800.0
6416.099205970764,0.00013080000000000036,0.015181799999999968,0.01562,1800.0
6416.199154853821,-0.0014264999999999972,0.015109800000000062,0.01562,1800.0
6416.299061059952,-0.0029701999999999923,0.014891700000000008,0.01562,1800.0
6416.3990597724915,-0.004593899999999998,0.014465600000000023,0.01562,1800.0
6416.499049663544,-0.006166199999999997,0.01387670000000002,0.01562,1800.0
6416.599049329758,-0.007656799999999991,0.013104600000000022,0.01562,1800.0
6416.699062824249,-0.009060700000000005,0.012184000000000028,0.01562,1800.0
6416.799318552017,-0.010259199999999996,0.011187200000000008,0.01562,1800.0
6416.899141788483,-0.011433299999999993,0.00998720000000003,0.01562,1800.0
6416.999044418335,-0.011433299999999993,0.00998720000000003,0.01562,1800.0
6417.099187612534,-0.012531600000000004,0.008563299999999996,0.01562,1800.0
6417.199166297913,-0.013286699999999999,0.007338400000000023,0.01562,1800.0
6417.2994120121,-0.014018899999999987,0.005828100000000058,0.01562,1800.0
6417.3991231918335,-0.0145739,0.004243600000000014,0.01562,1800.0
6417.4990911483765,-0.0149387,0.0027279000000000053,0.01562,1800.0
6417.599179983139,-0.015141799999999997,0.0010612999999999873,0.01562,1800.0
6417.699155807495,-0.015174499999999994,-0.0006171999999999844,0.01562,1800.0
6417.799107313156,-0.015004799999999999,-0.002287499999999998,0.01562,1800.0
6417.899083852768,-0.0146984,-0.003816199999999992,0.01562,1800.0
6417.999151706696,-0.014180100000000001,-0.00541279999999994,0.01562,1800.0
6418.099079370499,-0.013553700000000002,-0.006840400000000024,0.01562,1800.0
6418.199144363403,-0.013553700000000002,-0.006840400000000024,0.01562,1800.0
6418.299142599106,-0.0127139,-0.008293800000000018,0.01562,1800.0
6418.399137496948,-0.0117221,-0.009648400000000001,0.01562,1800.0
6418.499071598053,-0.010670600000000002,-0.010799000000000003,0.01562,1800.0
6418.599140167236,-0.00941199999999999,-0.011910099999999979,0.01562,1800.0
6418.699053764343,-0.008040499999999992,-0.012877899999999998,0.01562,1800.0
6418.799115419388,-0.006568100000000007,-0.013684499999999988,0.01562,1800.0
6418.899063587189,-0.005245799999999995,-0.01425280000000001,0.01562,1800.0
6418.999088525772,-0.003521200000000002,-0.014764,0.01562,1800.0
6419.099054098129,-0.001989699999999997,-0.015055899999999955,0.01562,1800.0
6419.199146270752,-0.00031489999999999296,-0.015173699999999957,0.01562,1800.0
6419.299088716507,0.0013634000000000007,-0.015126599999999935,0.01562,1800.0
6419.399159908295,0.0013634000000000007,-0.015126599999999935,0.01562,1800.0
6419.499083995819,0.002905700000000011,-0.014898699999999987,0.01562,1800.0
6419.599059343338,0.004534200000000002,-0.014490499999999962,0.01562,1800.0
6419.699169158936,0.006104100000000001,-0.013896399999999975,0.01562,1800.0
6419.7991280555725,0.00749770000000001,-0.013197699999999979,0.01562,1800.0
6419.899173736572,0.008909399999999998,-0.012289999999999968,0.01562,1800.0
6419.999113321304,0.0102125,-0.011231399999999947,0.01562,1800.0
6420.0991933345795,0.011390200000000003,-0.010035400000000028,0.01562,1800.0
6420.199190616608,0.012357400000000004,-0.008812699999999951,0.01562,1800.0
6420.299130439758,0.0132597,-0.007397199999999937,0.01562,1800.0
6420.399081707001,0.013989699999999994,-0.005885399999999985,0.01562,1800.0
6420.4991908073425,0.014530000000000001,-0.004422799999999949,0.01562,1800.0
6420.599173784256,0.014530000000000001,-0.004422799999999949,0.01562,1800.0
6420.699091434479,0.01489710000000001,-0.0029075000000000073,0.01562,1800.0
6420.799133300781,0.015132800000000002,-0.0012452000000000019,0.01562,1800.0
6420.8991758823395,0.015187999999999993,5.551115123125783e-17,0.01562,1800.0
6420.9990792274475,0.015187999999999993,5.551115123125783e-17,0.01562,1800.0
6421.0990443229675,0.015018799999999999,-3.2599999999938234e-05,0.01562,0.0
6421.199210882187,0.0075905,-0.0014628999999999892,0.01562,0.0
6421.699170351028,-0.010588,-0.004962999999999995,0.01562,0.0
6421.799165487289,-0.010588,-0.004962999999999995,0.01562,1800.0
6421.899200677872,-0.011029999999999998,-0.0038862999999999537,0.01562,1800.0
6421.99925327301,-0.011463799999999996,-0.0022651999999999672,0.01562,1800.0
6422.09921336174,-0.011666399999999993,-0.0005998999999999866,0.01562,1800.0
6422.199193477631,-0.011646299999999998,0.0009576000000000029,0.01562,1800.0
6422.299165010452,-0.011399999999999993,0.0026175999999999977,0.01562,1800.0
6422.39906001091,-0.010942499999999994,0.00421870000000002,0.01562,1800.0
6422.4990565776825,-0.010235499999999995,0.005629400000000007,0.01562,1800.0
6422.599063396454,-0.009327199999999994,0.0070401999999999965,0.01562,1800.0
6422.699147462845,-0.0082285,0.0083086,0.01562,1800.0
6422.799071550369,-0.007045599999999999,0.009323400000000037,0.01562,1800.0
6422.899178266525,-0.007045599999999999,0.009323400000000037,0.01562,1800.0
6422.999288082123,-0.00574029999999999,0.010174200000000022,0.01562,1800.0
6423.099169969559,-0.004113900000000004,0.010939900000000002,0.01562,1800.0
6423.199078321457,-0.0026240000000000013,0.011398200000000025,0.01562,1800.0
6423.2991280555725,-0.0009641999999999984,0.011645799999999984,0.01562,1800.0
6423.399176836014,0.0007131000000000082,0.011659900000000056,0.01562,1800.0
6423.499221086502,0.0022587000000000024,0.011464799999999997,0.01562,1800.0
6423.599079847336,0.003992399999999993,0.010990300000000008,0.01562,1800.0
6423.699068069458,0.005415100000000006,0.010353800000000024,0.01562,1800.0
6423.799183607101,0.006840299999999994,0.009468599999999994,0.01562,1800.0
6423.899086713791,0.008042599999999997,0.008477999999999986,0.01562,1800.0
6423.999048471451,0.00910699999999999,0.007339200000000046,0.01562,1800.0
6424.099118947983,0.00910699999999999,0.007339200000000046,0.01562,1800.0
6424.199146032333,0.010113800000000006,0.0058495000000000075,0.01562,1800.0
6424.299695968628,0.010800199999999996,0.004450900000000035,0.01562,1800.0
6424.3998119831085,0.011299299999999998,0.0029751000000000083,0.01562,1800.0
6424.49910235405,0.0116208,0.0013279999999999959,0.01562,1800.0
6424.599077939987,0.011673600000000006,-0.00046869999999998857,0.01562,1800.0
6424.699166059494,0.011505900000000013,-0.0020172999999999996,0.01562,1800.0
6424.799154996872,0.01113950000000001,-0.0035314999999999652,0.01562,1800.0
6424.899090528488,0.010526300000000002,-0.005093699999999979,0.01562,1800.0
6424.999178409576,0.009679500000000008,-0.006542599999999954,0.01562,1800.0
6425.099243879318,0.008721200000000012,-0.007770700000000019,0.01562,1800.0
6425.199094772339,0.008721200000000012,-0.007770700000000019,0.01562,1800.0
6425.299224853516,0.007521700000000006,-0.008943799999999946,0.01562,1800.0
6425.399186372757,0.006167500000000006,-0.009934999999999972,0.01562,1800.0
6425.499415874481,0.004788000000000001,-0.01066060000000002,0.01562,1800.0
6425.599155664444,0.003210500000000005,-0.011231799999999958,0.01562,1800.0
6425.699318408966,0.0015697999999999962,-0.011582099999999984,0.01562,1800.0
6425.799054145813,1.5500000000001624e-05,-0.011699199999999965,0.01562,1800.0
6425.899073600769,-0.0016575999999999952,-0.0115672,0.01562,1800.0
6425.999087810516,-0.0032960999999999963,-0.011207199999999973,0.01562,1800.0
6426.099164247513,-0.004759399999999997,-0.010672499999999974,0.01562,1800.0
6426.199165344238,-0.006242600000000001,-0.009887299999999988,0.01562,1800.0
6426.299196004868,-0.007498699999999997,-0.008964499999999986,0.01562,1800.0
6426.399224758148,-0.007498699999999997,-0.008964499999999986,0.01562,1800.0
6426.499069929123,-0.008700600000000003,-0.007793800000000017,0.01562,1800.0
6426.599129915237,-0.009731000000000004,-0.006469999999999976,0.01562,1800.0
6426.699098825455,-0.01053380000000001,-0.005078099999999974,0.01562,1800.0
6426.799156427383,-0.010588,-0.004962999999999995,0.01562,1800.0
6426.899108409882,-0.010588,-0.004962999999999995,0.01562,0.0
6426.999144077301,-0.005438999999999999,-0.003901600000000005,0.01562,0.0
6427.499128818512,0.013486999999999999,5.551115123125783e-17,0.01562,0.0
6427.59928560257,0.013486600000000001,7.900000000060636e-06,0.01562,1800.0
6427.699288606644,0.013417600000000002,0.0012787000000000215,0.01562,1800.0
6427.799248933792,0.01316139999999999,0.002937800000000046,0.01562,1800.0
6427.899198055267,0.012727699999999995,0.004435100000000025,0.01562,1800.0
6427.999168395996,0.012080099999999996,0.005983399999999972,0.01562,1800.0
6428.099152326584,0.01124520000000001,0.007440000000000058,0.01562,1800.0
6428.199072599411,0.010229200000000008,0.008776200000000012,0.01562,1800.0
6428.2993285655975,0.009150900000000003,0.009901500000000063,0.01562,1800.0
6428.399167060852,0.007943599999999995,0.010887900000000061,0.01562,1800.0
6428.499140501022,0.006529300000000002,0.011791000000000051,0.01562,1800.0
6428.599171161652,0.005015600000000009,0.012516600000000044,0.01562,1800.0
6428.699201822281,0.005015600000000009,0.012516600000000044,0.01562,1800.0
6428.799073219299,0.00342039999999999,0.013040100000000054,0.01562,1800.0
6428.899110078812,0.0018921999999999967,0.013345100000000054,0.01562,1800.0
6428.999270200729,0.00021920000000000273,0.01348290000000002,0.01562,1800.0
6429.099101066589,-0.0014576000000000033,0.013399600000000012,0.01562,1800.0
6429.199112892151,-0.0031112999999999974,0.013114099999999962,0.01562,1800.0
6429.2992079257965,-0.004607,0.012674200000000024,0.01562,1800.0
6429.399089813232,-0.006035899999999997,0.012051099999999981,0.01562,1800.0
6429.499183654785,-0.0074877,0.011209300000000033,0.01562,1800.0
6429.599100112915,-0.008825300000000008,0.010194800000000004,0.01562,1800.0
6429.699074983597,-0.009938899999999987,0.009104100000000004,0.01562,1800.0
6429.79913020134,-0.010995699999999997,0.007800300000000038,0.01562,1800.0
6429.8991441726685,-0.010995699999999997,0.007800300000000038,0.01562,1800.0
6429.999042272568,-0.011880000000000002,0.006373200000000023,0.01562,1800.0
6430.099330425262,-0.012532199999999993,0.004957700000000009,0.01562,1800.0
6430.199068307877,-0.013085100000000002,0.003246799999999994,0.01562,1800.0
6430.299055099487,-0.013371800000000003,0.0017144000000000048,0.01562,1800.0
6430.399059057236,-0.013478000000000004,3.959999999997299e-05,0.01562,1800.0
6430.499140024185,-0.013401599999999986,-0.0015173999999999466,0.01562,1800.0
6430.599086046219,-0.013101999999999989,-0.003169299999999986,0.01562,1800.0
6430.699043035507,-0.012605199999999997,-0.004772199999999949,0.01562,1800.0
6430.799182653427,-0.01197659999999999,-0.006198799999999949,0.01562,1800.0
6430.899107933044,-0.01110839999999999,-0.007635700000000023,0.01562,1800.0
6430.999048948288,-0.010154699999999989,-0.008868299999999996,0.01562,1800.0
6431.099094390869,-0.010154699999999989,-0.008868299999999996,0.01562,1800.0
6431.199140071869,-0.008975200000000003,-0.010062999999999989,0.01562,1800.0
6431.299143075943,-0.0076515999999999945,-0.011095199999999972,0.01562,1800.0
6431.399174213409,-0.0063222,-0.011908799999999997,0.01562,1800.0
6431.499062776566,-0.0047928,-0.012601099999999976,0.01562,1800.0
6431.5990397930145,-0.0031887000000000026,-0.013094700000000015,0.01562,1800.0
6431.6991086006165,-0.0015369999999999967,-0.01339250000000003,0.01562,1800.0
6431.799282073975,1.9500000000005624e-05,-0.013479299999999972,0.01562,1800.0
6431.899145126343,0.001694100000000004,-0.013371099999999969,0.01562,1800.0
6431.999081850052,0.0034591000000000066,-0.013029199999999963,0.01562,1800.0
6432.099094390869,0.004827999999999999,-0.012585299999999966,0.01562,1800.0
6432.199119091034,0.004827999999999999,-0.012585299999999966,0.01562,1800.0
6432.299205780029,0.006352899999999995,-0.011884600000000023,0.01562,1800.0
6432.399115562439,0.0076878999999999975,-0.011079300000000014,0.01562,1800.0
6432.499177932739,0.0090007,-0.010032900000000011,0.01562,1800.0
6432.599155426025,0.010177600000000009,-0.008836599999999972,0.01562,1800.0
6432.699138879776,0.011202900000000002,-0.0075072999999999945,0.01562,1800.0
6432.7992606163025,0.011987700000000004,-0.0061602000000000046,0.01562,1800.0
6432.899445056915,0.012622399999999992,-0.00473659999999998,0.01562,1800.0
6432.999186992645,0.013143100000000005,-0.00301499999999999,0.01562,1800.0
6433.099178791046,0.013395999999999991,-0.0014768000000000003,0.01562,1800.0
6433.19916844368,0.0134861,-2.340000000000675e-05,0.01562,1800.0
6433.299046754837,0.013486999999999999,5.551115123125783e-17,0.01562,1800.0
6433.399155378342,0.013486999999999999,5.551115123125783e-17,0.01562,1800.0
6433.499195098877,0.013479099999999994,-1.7999999999407379e-06,0.01562,0.0
6433.5993802547455,0.007138699999999998,-0.0013996999999999482,0.01562,0.0
6433.999465942383,-0.012143000000000001,-0.005650999999999962,0.01562,0.0
6434.099171876907,-0.012143000000000001,-0.005650999999999962,0.01562,1800.0
6434.199085712433,-0.012451299999999998,-0.0049083999999999794,0.01562,1800.0
6434.299066543579,-0.0129716,-0.003312899999999952,0.01562,1800.0
6434.399421930313,-0.013289099999999998,-0.0016647999999999663,0.01562,1800.0
6434.499103784561,-0.013289099999999998,-0.0016647999999999663,0.01562,1800.0
6434.5990858078,-0.01339689999999999,-0.00010939999999998173,0.01562,1800.0
6434.699138402939,-0.013304400000000008,0.0015668000000000348,0.01562,1800.0
6434.799208879471,-0.012998599999999999,0.0032174999999999843,0.01562,1800.0
6434.899173498154,-0.012535199999999996,0.004705999999999988,0.01562,1800.0
6434.999148607254,-0.011842699999999998,0.00623480000000004,0.01562,1800.0
6435.099183082581,-0.010966799999999999,0.007666000000000006,0.01562,1800.0
6435.199150323868,-0.010001899999999994,0.00888899999999998,0.01562,1800.0
6435.299146413803,-0.008811399999999997,0.010071300000000005,0.01562,1800.0
6435.399130105972,-0.0075809999999999905,0.011026800000000003,0.01562,1800.0
6435.599195718765,-0.0046099,0.012575000000000003,0.01562,1800.0
6435.69931435585,-0.0046099,0.012575000000000003,0.01562,1800.0
6435.799082279205,-0.0031172000000000005,0.01302610000000004,0.01562,1800.0
6435.899234294891,-0.001464000000000007,0.013320500000000013,0.01562,1800.0
6435.999162912369,0.0002132999999999996,0.013390999999999986,0.01562,1800.0
6436.099159955978,0.0017675999999999942,0.013272799999999974,0.01562,1800.0
6436.199111461639,0.0034129000000000104,0.01294270000000003,0.01562,1800.0
6436.2991490364075,0.005115300000000003,0.01236520000000002,0.01562,1800.0
6436.399174213409,0.006517700000000001,0.011686400000000041,0.01562,1800.0
6436.499183654785,0.0078318,0.010849300000000006,0.01562,1800.0
6436.599248409271,0.009129899999999996,0.009786500000000031,0.01562,1800.0
6436.699184179306,0.01028670000000001,0.008570400000000034,0.01562,1800.0
6436.799124240875,0.011213500000000001,0.007317100000000021,0.01562,1800.0
6436.899454116821,0.011213500000000001,0.007317100000000021,0.01562,1800.0
6436.999162912369,0.012044800000000008,0.005858399999999986,0.01562,1800.0
6437.099154472351,0.012644799999999998,0.004419000000000006,0.01562,1800.0
6437.199054479599,0.013097000000000011,0.0028022000000000324,0.01562,1800.0
6437.299108028412,0.013332200000000002,0.001261100000000015,0.01562,1800.0
6437.399211883545,0.013379600000000005,-0.0004161999999999777,0.01562,1800.0
6437.49920129776,0.013218700000000014,-0.00208629999999993,0.01562,1800.0
6437.5991888046265,0.012853500000000004,-0.0037235999999999936,0.01562,1800.0
6437.6992383003235,0.012333400000000008,-0.00519219999999998,0.01562,1800.0
6437.799140691757,0.011588199999999993,-0.006695700000000027,0.01562,1800.0
6437.899119138718,0.010662600000000008,-0.008095699999999983,0.01562,1800.0
6437.9991545677185,0.009651000000000007,-0.009281499999999943,0.01562,1800.0
6438.099210977554,0.009651000000000007,-0.009281499999999943,0.01562,1800.0
6438.199175357819,0.008418900000000007,-0.010422199999999993,0.01562,1800.0
6438.299208641052,0.007046600000000014,-0.011390199999999961,0.01562,1800.0
6438.399177074432,0.005674800000000008,-0.01213179999999997,0.01562,1800.0
6438.499829530716,0.0041110000000000035,-0.012742299999999984,0.01562,1800.0
6438.599134683609,0.0024836000000000025,-0.013151300000000032,0.01562,1800.0
6438.699110031128,0.0008186000000000027,-0.013357099999999955,0.01562,1800.0
6438.799143791199,-0.0007389000000000007,-0.013361599999999973,0.01562,1800.0
6438.899146318436,-0.0024049000000000015,-0.01316470000000003,0.01562,1800.0
6438.999176740646,-0.003918900000000003,-0.012797499999999962,0.01562,1800.0
6439.099155187607,-0.005601599999999998,-0.012163599999999997,0.01562,1800.0
6439.199159383774,-0.005601599999999998,-0.012163599999999997,0.01562,1800.0
6439.299158573151,-0.0069786000000000015,-0.0114321,0.01562,1800.0
6439.399276018143,-0.008260099999999992,-0.010543300000000033,0.01562,1800.0
6439.499135971069,-0.009596799999999989,-0.009340099999999962,0.01562,1800.0
6439.599141597748,-0.010616199999999992,-0.008160699999999965,0.01562,1800.0
6439.699074268341,-0.01154970000000001,-0.006765699999999986,0.01562,1800.0
6439.799151659012,-0.012140700000000004,-0.005656099999999997,0.01562,1800.0
6439.899071216583,-0.012143000000000001,-0.005650999999999962,0.01562,1800.0
6439.999068260193,-0.012143000000000001,-0.005650999999999962,0.01562,0.0
6440.099152565002,-0.012143000000000001,-0.005650999999999962,0.01562,0.0
6443.893236045814,0.016889,-0.015628822315218893,0.01562,0.0
