3037.4991431236267,0.011140999999999998,0.013458000000000025,0.00923,1800.0
3037.599090576172,0.010318000000000008,0.014093000000000022,0.00923,1800.0
3037.699149608612,0.008917899999999992,0.015019800000000028,0.00923,1800.0
3037.799177646637,0.007542399999999991,0.015754500000000005,0.00923,1800.0
3037.8992023468018,0.0061068000000000094,0.01636310000000002,0.00923,1800.0
3037.99910902977,0.0045076999999999895,0.016875500000000043,0.00923,1800.0
3038.099169254303,0.002866399999999991,0.01723060000000004,0.00923,1800.0
3038.199107170105,0.0011985999999999941,0.01742579999999999,0.00923,1800.0
3038.299161672592,-0.00048030000000000295,0.017459200000000008,0.00923,1800.0
3038.3991029262543,-0.0020357000000000014,0.017348699999999995,0.00923,1800.0
3038.499051094055,-0.0036925000000000013,0.017074599999999995,0.00923,1800.0
3038.599140405655,-0.0036925000000000013,0.017074599999999995,0.00923,1800.0
3038.699114561081,-0.00519950000000001,0.016674000000000022,0.00923,1800.0
3038.7991859912872,-0.0067767999999999995,0.01609780000000005,0.00923,1800.0
3038.8991973400116,-0.0082922,0.015374200000000005,0.00923,1800.0
3038.9991879463196,-0.009631799999999996,0.01457590000000003,0.00923,1800.0
3039.0990908145905,-0.010983199999999999,0.013579000000000008,0.00923,1800.0
3039.199063062668,-0.012236999999999998,0.012462099999999976,0.00923,1800.0
3039.2991354465485,-0.013380799999999998,0.011232600000000037,0.00923,1800.0
3039.39911031723,-0.014325399999999988,0.009991799999999995,0.00923,1800.0
3039.4991796016693,-0.015215699999999999,0.008568300000000029,0.00923,1800.0
3039.5991842746735,-0.015971,0.007068700000000039,0.00923,1800.0
3039.699166536331,-0.015971,0.007068700000000039,0.00923,1800.0
3039.799210548401,-0.01657710000000001,0.005502899999999977,0.00923,1800.0
3039.8991689682007,-0.016821799999999998,0.004699500000000023,0.00923,1800.0
3039.9991340637207,-0.017074400000000003,0.003659200000000029,0.00923,1800.0
3040.0991353988647,-0.017304700000000006,0.0023380000000000067,0.00923,1800.0
3040.199198246002,-0.017423099999999997,0.0011516000000000304,0.00923,1800.0
3040.29914188385,-0.017460000000000003,-0.00023089999999997834,0.00923,1800.0
3040.399200439453,-0.017419699999999996,-0.0012107999999999564,0.00923,1800.0
3040.499228000641,-0.01725489999999999,-0.002675299999999936,0.00923,1800.0
3040.599081516266,-0.01705659999999999,-0.0037433999999999523,0.00923,1800.0
3040.6990327835083,-0.01677010000000001,-0.004874199999999995,0.00923,1800.0
3040.7991166114807,-0.01642479999999999,-0.0059363000000000055,0.00923,1800.0
3040.89915060997,-0.01642479999999999,-0.0059363000000000055,0.00923,1800.0
3040.9990754127502,-0.01577669999999999,-0.00748519999999997,0.00923,1800.0
3041.099049806595,-0.014988399999999999,-0.008967700000000023,0.00923,1800.0
3041.199154615402,-0.014131099999999994,-0.010270200000000007,0.00923,1800.0
3041.299156665802,-0.012996500000000008,-0.011666399999999966,0.00923,1800.0
3041.399181365967,-0.01190419999999999,-0.012778899999999982,0.00923,1800.0
3041.4991550445557,-0.010720000000000007,-0.013793600000000017,0.00923,1800.0
3041.5991365909576,-0.009344900000000003,-0.014757300000000029,0.00923,1800.0
3041.699158191681,-0.00799119999999999,-0.015531300000000026,0.00923,1800.0
3041.799074649811,-0.006462399999999993,-0.016225999999999963,0.00923,1800.0
3041.8991389274597,-0.004875199999999996,-0.01677419999999996,0.00923,1800.0
3041.9991867542267,-0.0032422000000000006,-0.017166199999999965,0.00923,1800.0
3042.099169254303,-0.0032422000000000006,-0.017166199999999965,0.00923,1800.0
3042.199154853821,-0.0016978999999999883,-0.01738289999999998,0.00923,1800.0
3042.2991285324097,-0.00014089999999998548,-0.017465499999999967,0.00923,1800.0
3042.3991689682007,0.0015370999999999996,-0.01739999999999997,0.00923,1800.0
3042.499176979065,0.0032008000000000036,-0.017172599999999982,0.00923,1800.0
3042.5991554260254,0.004834200000000011,-0.016782799999999987,0.00923,1800.0
3042.699150323868,0.006424299999999994,-0.016243199999999958,0.00923,1800.0
3042.799172401428,0.007847800000000002,-0.015606399999999965,0.00923,1800.0
3042.8991219997406,0.009308400000000008,-0.01477809999999996,0.00923,1800.0
3042.9991478919983,0.01058880000000001,-0.013888200000000017,0.00923,1800.0
3043.0991730690002,0.011874900000000008,-0.012808700000000006,0.00923,1800.0
3043.199177503586,0.011874900000000008,-0.012808700000000006,0.00923,1800.0
3043.2991771698,0.01305139999999999,-0.011610599999999971,0.00923,1800.0
3043.399177789688,0.014031699999999994,-0.010397900000000015,0.00923,1800.0
3043.4991466999054,0.0149653,-0.009002300000000019,0.00923,1800.0
3043.59916973114,0.015764199999999992,-0.007525299999999957,0.00923,1800.0
3043.6990869045258,0.016410499999999995,-0.005975600000000025,0.00923,1800.0
3043.7991168498993,0.016875200000000007,-0.004487399999999975,0.00923,1800.0
3043.899165391922,0.017230499999999996,-0.002846399999999971,0.00923,1800.0
3043.9991624355316,0.017422400000000005,-0.0012987999999999889,0.00923,1800.0
3044.099185228348,0.017458200000000007,0.0003798999999999886,0.00923,1800.0
3044.199131011963,0.017339999999999994,0.0020547000000000204,0.00923,1800.0
3044.299172401428,0.0170917,0.0035938999999999832,0.00923,1800.0
3044.399106025696,0.0170917,0.0035938999999999832,0.00923,1800.0
3044.499080181122,0.016669099999999992,0.005218900000000026,0.00923,1800.0
3044.5991673469543,0.0160869,0.0067938000000000165,0.00923,1800.0
3044.699166536331,0.015361899999999998,0.00830829999999999,0.00923,1800.0
3044.7991211414337,0.014565300000000003,0.009648900000000016,0.00923,1800.0
3044.8990676403046,0.013566700000000001,0.010998999999999981,0.00923,1800.0
3044.9991257190704,0.012530700000000006,0.012164300000000017,0.00923,1800.0
3045.0991888046265,0.011319999999999997,0.013300700000000054,0.00923,1800.0
3045.1991539001465,0.011140999999999998,0.013458000000000025,0.00923,1800.0
3045.299160003662,0.011140999999999998,0.013458000000000025,0.00923,1800.0
3045.399156332016,0.008366300000000007,0.010151399999999977,0.00923,0.0
3045.4991188049316,0.0027824000000000043,0.0034973000000000365,0.00923,0.0
3045.8991672992706,-0.0061329999999999996,-0.0071269999999999945,0.00923,0.0
3045.999167442322,-0.0061329999999999996,-0.0071269999999999945,0.00923,1800.0
3046.0991473197937,-0.00655180000000001,-0.006753200000000015,0.00923,1800.0
3046.1991579532623,-0.007638699999999998,-0.0054762999999999895,0.00923,1800.0
3046.2991874217987,-0.008502499999999996,-0.004038499999999945,0.00923,1800.0
3046.3991656303406,-0.009042999999999995,-0.002577099999999999,0.00923,1800.0
3046.4991607666016,-0.009348099999999998,-0.0010494000000000336,0.00923,1800.0
3046.599157810211,-0.009383600000000006,0.0006276000000000059,0.00923,1800.0
3046.699093103409,-0.009383600000000006,0.0006276000000000059,0.00923,1800.0
3046.7990596294403,-0.00912339999999999,0.0022844000000000197,0.00923,1800.0
3046.899151802063,-0.00857369999999999,0.003869400000000023,0.00923,1800.0
3046.999198436737,-0.007744999999999988,0.0053267000000000175,0.00923,1800.0
3047.0991926193237,-0.006762899999999988,0.00653560000000003,0.00923,1800.0
3047.1991999149323,-0.005492899999999995,0.00763050000000004,0.00923,1800.0
3047.299106836319,-0.004052100000000003,0.008489400000000036,0.00923,1800.0
3047.399163246155,-0.0025943999999999967,0.009038600000000008,0.00923,1800.0
3047.4990680217743,-0.0009478999999999876,0.009358000000000033,0.00923,1800.0
3047.5990509986877,0.000729400000000005,0.009375700000000042,0.00923,1800.0
3047.6991114616394,0.0022666000000000075,0.009127300000000005,0.00923,1800.0
3047.7990720272064,0.0038509999999999933,0.008577000000000057,0.00923,1800.0
3047.8991503715515,0.0038509999999999933,0.008577000000000057,0.00923,1800.0
3047.9991569519043,0.0053137999999999935,0.007757800000000037,0.00923,1800.0
3048.0991010665894,0.00652309999999999,0.006775800000000054,0.00923,1800.0
3048.199143409729,0.007621900000000001,0.00550860000000003,0.00923,1800.0
3048.2991671562195,0.008481500000000003,0.003959199999999996,0.00923,1800.0
3048.399174451828,0.009032100000000001,0.0026108999999999716,0.00923,1800.0
3048.4990515708923,0.009358400000000003,0.0009659999999999669,0.00923,1800.0
3048.599148273468,0.009373900000000004,-0.0007112999999999703,0.00923,1800.0
3048.6991095542908,0.009135900000000002,-0.0022503999999999857,0.00923,1800.0
3048.7991020679474,0.008587999999999998,-0.003836299999999959,0.00923,1800.0
3048.8990750312805,0.007769399999999996,-0.00530029999999998,0.00923,1800.0
3048.9991133213043,0.006706200000000009,-0.00659789999999999,0.00923,1800.0
3049.099181175232,0.006706200000000009,-0.00659789999999999,0.00923,1800.0
3049.1991336345673,0.005522100000000002,-0.007610299999999959,0.00923,1800.0
3049.2991287708282,0.004086199999999998,-0.008477599999999974,0.00923,1800.0
3049.3991725444794,0.002627400000000002,-0.009023999999999976,0.00923,1800.0
3049.4992032051086,0.0009844000000000103,-0.009362099999999984,0.00923,1800.0
3049.599198579788,-0.0006935999999999887,-0.009379599999999988,0.00923,1800.0
3049.6991131305695,-0.002349099999999993,-0.009109499999999993,0.00923,1800.0
3049.799109697342,-0.0038204000000000016,-0.008596199999999998,0.00923,1800.0
3049.8991050720215,-0.005284700000000003,-0.007778400000000019,0.00923,1800.0
3049.9991681575775,-0.0061329999999999996,-0.0071269999999999945,0.00923,1800.0
3050.099298477173,-0.0061329999999999996,-0.0071269999999999945,0.00923,1800.0
3050.1991288661957,-0.0061329999999999996,-0.0071269999999999945,0.00923,1800.0
3050.299169063568,-0.005766999999999994,-0.007330399999999959,0.00923,0.0
3050.3991980552673,0.0007139000000000034,-0.010930400000000007,0.00923,0.0
3050.5991802215576,0.006717000000000001,-0.014265000000000028,0.00923,0.0
3050.699047088623,0.006717000000000001,-0.014265000000000028,0.00923,1800.0
3050.7991275787354,0.006717000000000001,-0.014265000000000028,0.00923,1800.0
3050.899166584015,0.007637199999999997,-0.013791799999999965,0.00923,1800.0
3050.9991734027863,0.009062899999999999,-0.012904799999999994,0.00923,1800.0
3051.0991353988647,0.010380400000000012,-0.011863899999999983,0.00923,1800.0
3051.1991550922394,0.011585100000000001,-0.010694499999999996,0.00923,1800.0
3051.2991330623627,0.012584700000000004,-0.0094978,0.00923,1800.0
3051.399167776108,0.012584700000000004,-0.0094978,0.00923,1800.0
3051.4991676807404,0.013521700000000011,-0.008104599999999962,0.00923,1800.0
3051.59908080101,0.014309600000000006,-0.006621900000000014,0.00923,1800.0
3051.699138879776,0.014928200000000003,-0.005060999999999982,0.00923,1800.0
3051.7991650104523,0.015359600000000001,-0.0035626999999999742,0.00923,1800.0
3051.899176120758,0.015645900000000004,-0.0019084999999999797,0.00923,1800.0
3051.999118566513,0.015762399999999996,-0.00023360000000000047,0.00923,1800.0
3052.099154472351,0.015710299999999996,0.0013245000000000617,0.00923,1800.0
3052.1991527080536,0.015475799999999998,0.0029869000000000145,0.00923,1800.0
3052.2991859912872,0.0152481,0.003988900000000017,0.00923,1800.0
3052.399158477783,0.014819399999999996,0.005374199999999996,0.00923,1800.0
3052.499081850052,0.014165600000000014,0.006920500000000052,0.00923,1800.0
3052.599139690399,0.014165600000000014,0.006920500000000052,0.00923,1800.0
3052.6991713047028,0.013346799999999992,0.00838620000000001,0.00923,1800.0
3052.799165248871,0.012459700000000004,0.009668500000000024,0.00923,1800.0
3052.8991837501526,0.011356100000000008,0.010934100000000058,0.00923,1800.0
3052.9990816116333,0.010131000000000001,0.012082400000000049,0.00923,1800.0
3053.0991661548615,0.008887700000000012,0.013023400000000018,0.00923,1800.0
3053.199167251587,0.007451399999999997,0.013893199999999994,0.00923,1800.0
3053.299169063568,0.005932800000000002,0.014609099999999986,0.00923,1800.0
3053.3991725444794,0.0044601999999999975,0.015121700000000016,0.00923,1800.0
3053.4990832805634,0.0028274999999999967,0.015513999999999972,0.00923,1800.0
3053.5991158485413,0.0011615999999999987,0.015725900000000015,0.00923,1800.0
3053.6991670131683,0.0011615999999999987,0.015725900000000015,0.00923,1800.0
3053.799168109894,-0.0003973000000000032,0.015760300000000005,0.00923,1800.0
3053.899115085602,-0.002071400000000001,0.015631300000000015,0.00923,1800.0
3053.9990723133087,-0.003721199999999994,0.015319699999999992,0.00923,1800.0
3054.099116563797,-0.00533009999999999,0.014839700000000011,0.00923,1800.0
3054.1991531848907,-0.006769300000000006,0.014239700000000022,0.00923,1800.0
3054.299178123474,-0.008244799999999997,0.013438200000000011,0.00923,1800.0
3054.3991549015045,-0.009534100000000004,0.012561199999999995,0.00923,1800.0
3054.499167919159,-0.010811500000000002,0.011471500000000023,0.00923,1800.0
3054.5991044044495,-0.011973299999999992,0.010259500000000032,0.00923,1800.0
3054.6990928649902,-0.012926499999999994,0.009025600000000022,0.00923,1800.0
3054.799052000046,-0.013810899999999987,0.0075985000000000635,0.00923,1800.0
3054.8991146087646,-0.013810899999999987,0.0075985000000000635,0.00923,1800.0
3054.99919962883,-0.014544799999999997,0.006088499999999997,0.00923,1800.0
3055.099112510681,-0.014865299999999998,0.005252599999999996,0.00923,1800.0
3055.1991426944733,-0.015307499999999988,0.003770300000000004,0.00923,1800.0
3055.299131155014,-0.0156033,0.002220500000000014,0.00923,1800.0
3055.3991758823395,-0.015713699999999997,0.0012156999999999862,0.00923,1800.0
3055.4991796016693,-0.015759999999999996,-0.0003426999999999736,0.00923,1800.0
3055.5991938114166,-0.015640299999999996,-0.0019728999999999997,0.00923,1800.0
3055.699094057083,-0.015497300000000006,-0.002918099999999979,0.00923,1800.0
3055.7991342544556,-0.015127100000000004,-0.004432699999999956,0.00923,1800.0
3055.899180650711,-0.014753899999999986,-0.0055502999999999525,0.00923,1800.0
3055.9991552829742,-0.014260599999999998,-0.006713899999999995,0.00923,1800.0
3056.0991671085358,-0.014260599999999998,-0.006713899999999995,0.00923,1800.0
3056.1991443634033,-0.013471499999999997,-0.008195899999999978,0.00923,1800.0
3056.299068212509,-0.012519600000000006,-0.009579100000000007,0.00923,1800.0
3056.3991134166718,-0.011513200000000001,-0.010769899999999943,0.00923,1800.0
3056.499125480652,-0.010303599999999996,-0.011934099999999948,0.00923,1800.0
3056.5991537570953,-0.008975399999999994,-0.012961200000000006,0.00923,1800.0
3056.6991651058197,-0.007547499999999999,-0.013844499999999982,0.00923,1800.0
3056.7991614341736,-0.006142800000000004,-0.014521499999999965,0.00923,1800.0
3056.8991627693176,-0.004563999999999999,-0.015093399999999979,0.00923,1800.0
3056.999179124832,-0.002933399999999989,-0.015494499999999967,0.00923,1800.0
3057.099157810211,-0.001388200000000006,-0.015704300000000004,0.00923,1800.0
3057.1991209983826,-0.001388200000000006,-0.015704300000000004,0.00923,1800.0
3057.299152612686,0.00028970000000000384,-0.01576379999999994,0.00923,1800.0
3057.39915394783,0.0018452000000000052,-0.015658499999999964,0.00923,1800.0
3057.4991512298584,0.0035004000000000007,-0.015375099999999975,0.00923,1800.0
3057.5991563796997,0.005115400000000006,-0.014915299999999965,0.00923,1800.0
3057.6991510391235,0.006534100000000001,-0.014347999999999972,0.00923,1800.0
3057.7990481853485,0.006717000000000001,-0.014265000000000028,0.00923,1800.0
3057.8991193771362,0.006717000000000001,-0.014265000000000028,0.00923,0.0
3057.9991636276245,0.0023929999999999924,-0.012451800000000013,0.00923,0.0
3058.399132490158,-0.0072519999999999946,-0.008406999999999998,0.00923,0.0
3058.499176263809,-0.0072580000000000006,-0.008401699999999956,0.00923,1800.0
3058.599170923233,-0.008250400000000005,-0.007426299999999997,0.00923,1800.0
3058.6990785598755,-0.009279199999999987,-0.006101299999999976,0.00923,1800.0
3058.799042701721,-0.010050100000000006,-0.0047467999999999955,0.00923,1800.0
3058.8991491794586,-0.010639900000000008,-0.0031756000000000006,0.00923,1800.0
3058.9991641044617,-0.011000200000000002,-0.001536599999999999,0.00923,1800.0
3059.0991191864014,-0.011106000000000005,1.8200000000023753e-05,0.00923,1800.0
3059.199160337448,-0.010975100000000002,0.0016911000000000564,0.00923,1800.0
3059.2991733551025,-0.010596599999999998,0.0033259000000000483,0.00923,1800.0
3059.3990795612335,-0.009977399999999997,0.004885300000000037,0.00923,1800.0
3059.49911403656,-0.0091889,0.006229099999999987,0.00923,1800.0
3059.59916973114,-0.0091889,0.006229099999999987,0.00923,1800.0
3059.6991460323334,-0.008225999999999997,0.007453500000000002,0.00923,1800.0
3059.799119234085,-0.007012599999999994,0.008612000000000009,0.00923,1800.0
3059.8990757465363,-0.005636199999999994,0.00957150000000001,0.00923,1800.0
3059.999130487442,-0.004239300000000001,0.01026260000000001,0.00923,1800.0
3060.0990676879883,-0.0026460999999999985,0.010789800000000016,0.00923,1800.0
3060.199149131775,-0.0009900000000000048,0.011062000000000016,0.00923,1800.0
3060.299150943756,0.0006875999999999965,0.01108020000000004,0.00923,1800.0
3060.4089572429657,0.002351099999999995,0.010860599999999998,0.00923,1800.0
3060.599137067795,0.005263500000000004,0.009773699999999996,0.00923,1800.0
3060.699097633362,0.005263500000000004,0.009773699999999996,0.00923,1800.0
3060.799131155014,0.006678000000000003,0.008871500000000032,0.00923,1800.0
3060.8991482257843,0.007941799999999999,0.007767500000000038,0.00923,1800.0
3060.9990775585175,0.0090176,0.00647960000000003,0.00923,1800.0
3061.099138021469,0.009837799999999994,0.0051543000000000005,0.00923,1800.0
3061.199151992798,0.010502300000000006,0.0036135999999999946,0.00923,1800.0
3061.2991466522217,0.010922199999999993,0.0019892000000000243,0.00923,1800.0
3061.3990836143494,0.01109199999999999,0.00044080000000001895,0.00923,1800.0
3061.4991159439087,0.011044700000000005,-0.0012363999999999709,0.00923,1800.0
3061.5991594791412,0.010722999999999996,-0.0028832999999999775,0.00923,1800.0
3061.699127674103,0.0102135,-0.004355999999999971,0.00923,1800.0
3061.799153327942,0.009442000000000006,-0.005845900000000015,0.00923,1800.0
3061.899181365967,0.009442000000000006,-0.005845900000000015,0.00923,1800.0
3061.999156475067,0.008454599999999993,-0.0072026000000000034,0.00923,1800.0
3062.0991501808167,0.007360499999999992,-0.008312399999999998,0.00923,1800.0
3062.1991682052612,0.006029300000000001,-0.009334399999999965,0.00923,1800.0
3062.2990396022797,0.004550300000000007,-0.010126799999999991,0.00923,1800.0
3062.39905500412,0.0029717999999999967,-0.010694099999999984,0.00923,1800.0
3062.4991579055786,0.0014466000000000062,-0.011010499999999979,0.00923,1800.0
3062.5990850925446,-0.0002284000000000036,-0.011108300000000015,0.00923,1800.0
3062.699042081833,-0.0018980999999999998,-0.010940199999999956,0.00923,1800.0
3062.799191713333,-0.003412499999999999,-0.010572099999999973,0.00923,1800.0
3062.899073600769,-0.0049647000000000024,-0.00993389999999994,0.00923,1800.0
3062.999146938324,-0.006304699999999996,-0.009138999999999953,0.00923,1800.0
3063.099152326584,-0.006304699999999996,-0.009138999999999953,0.00923,1800.0
3063.1991498470306,-0.0072519999999999946,-0.008406999999999998,0.00923,1800.0
3063.299163341522,-0.0072519999999999946,-0.008406999999999998,0.00923,1800.0
3063.3991696834564,-0.007137499999999991,-0.008194800000000002,0.00923,0.0
3063.499170780182,-0.003440699999999991,-0.0013452999999999937,0.00923,0.0
3063.899164915085,0.004483000000000001,0.013336000000000015,0.00923,0.0
3063.9991569519043,0.004351599999999997,0.013377799999999995,0.00923,1800.0
3064.0991518497467,0.0027895000000000003,0.01378619999999997,0.00923,1800.0
3064.1991741657257,0.0027895000000000003,0.01378619999999997,0.00923,1800.0
3064.2991371154785,0.0011275999999999925,0.014024000000000036,0.00923,1800.0
3064.399168729782,-0.0004312999999999956,0.01405890000000004,0.00923,1800.0
3064.499158859253,-0.0021032999999999885,0.013909000000000005,0.00923,1800.0
3064.5991671085358,-0.003745300000000007,0.013558700000000035,0.00923,1800.0
3064.6990900039673,-0.005333699999999997,0.013015200000000005,0.00923,1800.0
3064.799117565155,-0.0067424999999999985,0.012347300000000005,0.00923,1800.0
3064.899178981781,-0.008164400000000002,0.011454599999999981,0.00923,1800.0
3064.9991714954376,-0.009383699999999995,0.010482900000000017,0.00923,1800.0
3065.0991520881653,-0.010562999999999989,0.009287900000000016,0.00923,1800.0
3065.1990764141083,-0.011592900000000003,0.007962300000000033,0.00923,1800.0
3065.299117088318,-0.0124036,0.0066305999999999865,0.00923,1800.0
3065.399167060852,-0.0124036,0.0066305999999999865,0.00923,1800.0
3065.4991154670715,-0.0131029,0.0051047000000000176,0.00923,1800.0
3065.599166870117,-0.013624799999999992,0.0035089999999999844,0.00923,1800.0
3065.6991698741913,-0.013937999999999992,0.001859500000000014,0.00923,1800.0
3065.799167394638,-0.01405999999999999,0.00030570000000001984,0.00923,1800.0
3065.8991706371307,-0.013997599999999999,-0.0013720999999999872,0.00923,1800.0
3065.999144077301,-0.0137322,-0.0030295999999999657,0.00923,1800.0
3066.099164247513,-0.013317999999999997,-0.004532499999999995,0.00923,1800.0
3066.19903755188,-0.012677299999999989,-0.006084299999999987,0.00923,1800.0
3066.2991087436676,-0.011930899999999994,-0.007452999999999987,0.00923,1800.0
3066.3991622924805,-0.010955699999999999,-0.008819799999999989,0.00923,1800.0
3066.499154806137,-0.0098279,-0.010062999999999989,0.00923,1800.0
3066.599165916443,-0.0098279,-0.010062999999999989,0.00923,1800.0
3066.6991510391235,-0.008562,-0.011165999999999954,0.00923,1800.0
3066.799167871475,-0.007270499999999999,-0.01203949999999998,0.00923,1800.0
3066.899154663086,-0.005785499999999999,-0.012822699999999965,0.00923,1800.0
3066.999201774597,-0.0042161,-0.013419000000000014,0.00923,1800.0
3067.0991599559784,-0.00258789999999999,-0.01382829999999996,0.00923,1800.0
3067.199064016342,-0.0010415999999999898,-0.01402890000000001,0.00923,1800.0
3067.2990725040436,0.0006371000000000016,-0.01405240000000002,0.00923,1800.0
3067.3990981578827,0.0023067000000000087,-0.013876299999999953,0.00923,1800.0
3067.499045610428,0.0038277000000000033,-0.013534399999999946,0.00923,1800.0
3067.599039077759,0.0054144,-0.012985599999999986,0.00923,1800.0
3067.6991081237793,0.0054144,-0.012985599999999986,0.00923,1800.0
3067.7991468906403,0.006816200000000008,-0.012303199999999959,0.00923,1800.0
3067.8991763591766,0.008234500000000006,-0.011405200000000004,0.00923,1800.0
3067.999174594879,0.0094452,-0.010422600000000004,0.00923,1800.0
3068.0991592407227,0.010618699999999995,-0.009222299999999961,0.00923,1800.0
3068.199141025543,0.011643500000000001,-0.007794299999999976,0.00923,1800.0
3068.299190759659,0.012497499999999995,-0.006447299999999989,0.00923,1800.0
3068.3992006778717,0.013141100000000003,-0.0050271000000000066,0.00923,1800.0
3068.4990882873535,0.013609700000000002,-0.003540099999999935,0.00923,1800.0
3068.5990421772003,0.013950299999999999,-0.0017745999999999595,0.00923,1800.0
3068.6991336345673,0.0140618,-0.00021959999999998647,0.00923,1800.0
3068.799131155014,0.013986399999999996,0.0014572000000000473,0.00923,1800.0
3068.8991911411285,0.013986399999999996,0.0014572000000000473,0.00923,1800.0
3068.999197244644,0.013744599999999996,0.002997300000000036,0.00923,1800.0
3069.099087715149,0.013283799999999998,0.0046115999999999935,0.00923,1800.0
3069.1991267204285,0.012643500000000002,0.006163300000000038,0.00923,1800.0
3069.2990913391113,0.012057899999999996,0.007237400000000005,0.00923,1800.0
3069.399053812027,0.011344999999999994,0.008311800000000036,0.00923,1800.0
3069.4990689754486,0.010275300000000001,0.009605300000000039,0.00923,1800.0
3069.5990586280823,0.009058200000000002,0.010761800000000044,0.00923,1800.0
3069.699060201645,0.007811499999999999,0.011698099999999989,0.00923,1800.0
3069.799047470093,0.006363300000000002,0.01254749999999999,0.00923,1800.0
3069.899121761322,0.004822300000000002,0.013212100000000004,0.00923,1800.0
3069.999125480652,0.004483000000000001,0.013336000000000015,0.00923,1800.0
3070.099065065384,0.004483000000000001,0.013336000000000015,0.00923,1800.0
3070.1990621089935,0.004483000000000001,0.013336000000000015,0.00923,0.0
3070.299154281616,0.002685800000000002,0.010117100000000046,0.00923,0.0
3070.699164390564,-0.008371000000000003,-0.009687000000000001,0.00923,0.0
3070.799134492874,-0.008371000000000003,-0.009687000000000001,0.00923,1800.0
3070.899147748947,-0.008789599999999995,-0.009313000000000016,0.00923,1800.0
3070.9991641044617,-0.009937799999999997,-0.008088600000000001,0.00923,1800.0
3071.0991475582123,-0.010849899999999996,-0.006823899999999994,0.00923,1800.0
3071.1991081237793,-0.010849899999999996,-0.006823899999999994,0.00923,1800.0
3071.2991755008698,-0.011642899999999998,-0.00534399999999996,0.00923,1800.0
3071.399125814438,-0.012203599999999995,-0.0038893999999999873,0.00923,1800.0
3071.4991636276245,-0.012602799999999997,-0.002259100000000014,0.00923,1800.0
3071.599182844162,-0.012790700000000002,-0.0005913000000000168,0.00923,1800.0
3071.6991443634033,-0.0127631,0.0010870000000000046,0.00923,1800.0
3071.7991077899933,-0.0125397,0.002630200000000027,0.00923,1800.0
3071.8991537094116,-0.012086199999999991,0.004246699999999992,0.00923,1800.0
3071.999167919159,-0.0114789,0.005682300000000029,0.00923,1800.0
3072.099175930023,-0.010632799999999998,0.00713140000000001,0.00923,1800.0
3072.199230670929,-0.009607499999999991,0.008459300000000003,0.00923,1800.0
3072.299153804779,-0.008508799999999997,0.009563800000000011,0.00923,1800.0
3072.399173259735,-0.008508799999999997,0.009563800000000011,0.00923,1800.0
3072.4990746974945,-0.00718669999999999,0.010597200000000029,0.00923,1800.0
3072.5991525650024,-0.0057395999999999975,0.01144700000000004,0.00923,1800.0
3072.6991415023804,-0.0041934,0.0121,0.00923,1800.0
3072.7990984916687,-0.0026922999999999947,0.012519400000000014,0.00923,1800.0
3072.899092197418,-0.0011514999999999997,0.012754600000000005,0.00923,1800.0
3072.9991376399994,0.0005261000000000016,0.012790800000000047,0.00923,1800.0
3073.099177122116,0.0021941000000000044,0.012611099999999986,0.00923,1800.0
3073.1990926265717,0.003824800000000003,0.012217299999999987,0.00923,1800.0
3073.299083709717,0.005391500000000007,0.011616600000000032,0.00923,1800.0
3073.399162530899,0.0067638,0.010877599999999987,0.00923,1800.0
3073.499094247818,0.008130700000000005,0.00990279999999999,0.00923,1800.0
3073.5991275310516,0.008130700000000005,0.00990279999999999,0.00923,1800.0
3073.699099302292,0.009271200000000007,0.008839299999999994,0.00923,1800.0
3073.7991836071014,0.0103443,0.0075485000000000135,0.00923,1800.0
3073.8991525173187,0.011240800000000009,0.00612950000000001,0.00923,1800.0
3073.9991421699524,0.0119485,0.004607800000000051,0.00923,1800.0
3074.0991151332855,0.012423300000000012,0.003122899999999984,0.00923,1800.0
3074.1991715431213,0.0127332,0.0014726999999999935,0.00923,1800.0
3074.299153327942,0.012808299999999995,-0.00020439999999999348,0.00923,1800.0
3074.399145126343,0.0126854,-0.0017581999999999876,0.00923,1800.0
3074.4991993904114,0.012343300000000001,-0.0034010999999999902,0.00923,1800.0
3074.599122285843,0.011792499999999997,-0.004986399999999946,0.00923,1800.0
3074.699169397354,0.011792499999999997,-0.004986399999999946,0.00923,1800.0
3074.7992091178894,0.011041700000000002,-0.0064873999999999765,0.00923,1800.0
3074.8991770744324,0.01017549999999999,-0.007783600000000002,0.00923,1800.0
3074.999196767807,0.009067100000000008,-0.009044399999999952,0.00923,1800.0
3075.099172115326,0.007900600000000008,-0.010078299999999984,0.00923,1800.0
3075.199184179306,0.006513200000000011,-0.01102249999999999,0.00923,1800.0
3075.299139022827,0.005014299999999999,-0.011775900000000006,0.00923,1800.0
3075.399215221405,0.0035467,-0.012297699999999967,0.00923,1800.0
3075.49911737442,0.0019085999999999964,-0.012658800000000026,0.00923,1800.0
3075.599162340164,0.00023689999999999822,-0.012802199999999986,0.00923,1800.0
3075.699192762375,-0.0013201000000000046,-0.012738499999999986,0.00923,1800.0
3075.7991178035736,-0.0029751000000000083,-0.012457999999999969,0.00923,1800.0
3075.8991718292236,-0.0029751000000000083,-0.012457999999999969,0.00923,1800.0
3075.9990785121918,-0.004578600000000002,-0.011961299999999953,0.00923,1800.0
3076.0991537570953,-0.005996399999999999,-0.011313799999999985,0.00923,1800.0
3076.1990973949432,-0.007422999999999985,-0.010430099999999998,0.00923,1800.0
3076.29914355278,-0.008371000000000003,-0.009687000000000001,0.00923,1800.0
3076.3991165161133,-0.008371000000000003,-0.009687000000000001,0.00923,1800.0
3076.499179124832,-0.008371000000000003,-0.009687000000000001,0.00923,0.0
3076.5991818904877,-0.008371000000000003,-0.009687000000000001,0.00923,0.0
3080.248144745078,0.011134799999999986,-0.00216596008454472,0.00923,0.0
