3356.7528768848924,-0.004624,-0.0035714,0.03905,0.0
3356.8534582924394,-0.0046330784504923,-0.0035657347351862,0.03905,0.0
3356.9540249180345,-0.0047871614307198,-0.0034695341930099,0.03905,0.0
3357.054586298421,-0.005888016588593,-0.0027814427958284,0.03905,0.0
3357.155131943181,-0.0069988596706344,-0.0020871417428467,0.03905,0.0
3357.2557061981706,-0.0081334350325357,-0.0013779349952394,0.03905,0.0
3357.3504751991777,-0.009167975731326,-0.0007313151679211,0.03905,0.0
3357.451039440587,-0.0103019836892613,-2.2525907143522428e-05,0.03905,0.0
3357.551616795018,-0.0114393552497845,0.000688370959763,0.03905,0.0
3357.6521929573564,-0.0125400632176632,0.0013763270110395,0.03905,0.0
3357.752764351323,-0.0136558414085587,0.0020737257806335,0.03905,0.0
3357.8533335995226,-0.0147479535876533,0.0027563920047076,0.03905,0.0
3357.9538997482805,-0.0154808672851417,0.0032144995965775,0.03905,0.0
3358.0543869804887,-0.015488,0.003219,0.03905,0.0
3358.154977924779,-0.0155464017297699,0.0029323594974684,0.03905,1800.0
3358.245499021962,-0.0157159230675402,0.0016519657406334,0.03905,1800.0
3358.346074945882,-0.0158024008154351,0.0001842327061862,0.03905,1800.0
3358.4466446709184,-0.0157385904911388,-0.0013337745804635,0.03905,1800.0
3358.547472841695,-0.015535718360926,-0.0028615826202564,0.03905,1800.0
3358.648968346074,-0.0151955677954095,-0.0043324393101766,0.03905,1800.0
3358.749540693715,-0.0147155377099219,-0.0057473589674106,0.03905,1800.0
3358.8501070808916,-0.0140913313069522,-0.0071453083571826,0.03905,1800.0
3358.9506856274156,-0.0133623847541619,-0.0084388925962889,0.03905,1800.0
3359.051267273381,-0.0125020443533324,-0.0096796238463922,0.03905,1800.0
3359.1517618965654,-0.0115188270622605,-0.0108420035652729,0.03905,1800.0
3359.2523318600206,-0.0104785475246605,-0.0118460148011071,0.03905,1800.0
3359.352896578267,-0.0092326634331657,-0.0128325612252734,0.03905,1800.0
3359.4534608196764,-0.0079882442584967,-0.0136371720404304,0.03905,1800.0
3359.5540126633196,-0.0066512247182472,-0.0143297443398118,0.03905,1800.0
3359.654580719426,-0.0052513151026038,-0.0148994456810144,0.03905,1800.0
3359.7550989460497,-0.0038481695468884,-0.0153196742567916,0.03905,1800.0
3359.8456226658373,-0.0027352769375117,-0.0155754832156181,0.03905,1800.0
3359.9506205391435,-0.0015617484675304,-0.0157262386052168,0.03905,1800.0
3360.051184065297,-7.266615696355228e-05,-0.015798537173965,0.03905,1800.0
3360.151923067525,0.0014869214421177,-0.0157405706986067,0.03905,1800.0
3360.2524706196336,0.0029678853128725,-0.0155330436749619,0.03905,1800.0
3360.353051788762,0.0043936682193416,-0.0151938791074704,0.03905,1800.0
3360.461629278615,0.0059382639653953,-0.0146630298470198,0.03905,1800.0
3360.5521100830583,0.007200951554803,-0.0140699870773665,0.03905,1800.0
3360.6526833843736,0.008480637315018,-0.0133315268749856,0.03905,1800.0
3360.753257162526,0.0097293961312154,-0.0124445763860166,0.03905,1800.0
3360.8538190197496,0.0108752718135593,-0.0114577127128415,0.03905,1800.0
3360.9543920826463,0.011900223023698,-0.0103876635299192,0.03905,1800.0
3361.0549780201463,0.0128415043878535,-0.0092022138116665,0.03905,1800.0
3361.145502932027,0.0136035834398365,-0.0080444491358195,0.03905,1800.0
3361.2460793327837,0.0143101154517488,-0.00671452342212,0.03905,1800.0
3361.3466614555864,0.0148943845567825,-0.0053057894230538,0.03905,1800.0
3361.4471894573717,0.0153333392478729,-0.0038818047852564,0.03905,1800.0
3361.547754890874,0.0156308748345967,-0.0023835982967247,0.03905,1800.0
3361.64831460233,0.0157758912275033,-0.0009374628277705,0.03905,1800.0
3361.7488805126695,0.015792566048554,0.0006123542826695,0.03905,1800.0
3361.849461681798,0.0156582606199684,0.0021112553416964,0.03905,1800.0
3361.95081914182,0.0153903764782395,0.0035697620034012,0.03905,1800.0
3362.051391966298,0.014975421636932,0.0050268101851007,0.03905,1800.0
3362.151960260823,0.0144341611243961,0.0064275067772068,0.03905,1800.0
3362.2525268864183,0.0137683853811805,0.0077485054562029,0.03905,1800.0
3362.353084690526,0.0129589143999635,0.0090443760569801,0.03905,1800.0
3362.453646786168,0.0120326163197608,0.0102478306306346,0.03905,1800.0
3362.555129415944,0.0110096267034725,0.0113403262128392,0.03905,1800.0
3362.6456638645677,0.0099807818092959,0.0122741651595805,0.03905,1800.0
3362.7462328743486,0.0087559232052146,0.013159339382453,0.03905,1800.0
3362.8468109440355,0.0074667762027023,0.0139267767198352,0.03905,1800.0
3362.947557575658,0.0061137754778976,0.0145734981805356,0.03905,1800.0
3363.048183090642,0.0047277780669164,0.0150778951706501,0.03905,1800.0
3363.1487099003343,0.0032436479522035,0.0154578534434725,0.03905,1800.0
3363.2492820095567,0.0017422026379911,0.0157039698948628,0.03905,1800.0
3363.350237734273,0.0002473102212486,0.0157964923191205,0.03905,1800.0
3363.4508124660997,-0.001233320178058,0.0157561355704159,0.03905,1800.0
3363.5514127087145,-0.0025469207107779,0.0156045281594869,0.03905,1800.0
3363.651984817937,-0.003629995943911,0.0153832226375361,0.03905,1800.0
3363.7535315823106,-0.0051229802851856,0.0149548485354081,0.03905,1800.0
3363.854111082509,-0.0065262768792445,0.014411223481565,0.03905,1800.0
3363.945900566533,-0.0077577036946852,0.0137697386544286,0.03905,1800.0
3364.0464698147325,-0.0090424217240093,0.0129652278822617,0.03905,1800.0
3364.1472150158434,-0.0102368757053789,0.0120376532275597,0.03905,1800.0
3364.247766144231,-0.0113058644393236,0.0110374991008934,0.03905,1800.0
3364.3483346771745,-0.0122979987230496,0.0099147835090062,0.03905,1800.0
3364.4489165615587,-0.013186474812719,0.0087020181762976,0.03905,1800.0
3364.549490339711,-0.0139392817145297,0.0074264470776939,0.03905,1800.0
3364.6500476669817,-0.0145882649043785,0.0060659876048185,0.03905,1800.0
3364.7506100010423,-0.0151061793181917,0.0046579349596257,0.03905,1800.0
3364.851174004033,-0.015443724960125,0.0034156816839845,0.03905,1800.0
3364.9517647099046,-0.015488,0.0032189999999999,0.03905,1800.0
3365.0422679256944,-0.0130685957431633,0.0046821919470474,0.03905,1800.0
3365.1440478634386,-0.0071989657308579,0.0082320153410607,0.03905,1800.0
3365.2454179596452,-0.0041377106318175,0.0100833902051469,0.03905,1800.0
3365.3459664654283,-0.0034289999999999,0.010512,0.03905,1800.0
3365.4465249847917,-0.0034261589844863,0.010512789170976,0.03905,1800.0
3365.547084219411,-0.0028645669012657,0.0106603618956967,0.03905,1800.0
3365.6476417851,-0.0015619194354414,0.010907894587525,0.03905,1800.0
3365.7481938671617,-2.022655413545793e-05,0.0110302858567513,0.03905,1800.0
3365.848788149312,0.0014206599996088,0.0109481283970188,0.03905,1800.0
3365.949338324025,0.0029357972263521,0.0106451471608043,0.03905,1800.0
3366.0498927902727,0.0043259788922826,0.0101638823711207,0.03905,1800.0
3366.1504458260088,0.0057309273412048,0.009440355456081,0.03905,1800.0
3366.251002676442,0.0069343381792746,0.0085897029970098,0.03905,1800.0
3366.3515509438066,0.0080557067771464,0.0075312383690678,0.03905,1800.0
3366.445982820943,0.0089331269708962,0.0064705830610368,0.03905,1800.0
3366.546553976491,0.0097221796640048,0.005199494845279,0.03905,1800.0
3366.6471422981767,0.0103312361017572,0.0038383691478376,0.03905,1800.0
3366.7477063011675,0.010759577360335,0.0024054790498376,0.03905,1800.0
3366.848268158391,0.0109884016441208,0.0008702302333755,0.03905,1800.0
3366.9488929581194,0.0110113838704637,-0.0006403496815675,0.03905,1800.0
3367.04945696111,0.0108271443519069,-0.0020972044153657,0.03905,1800.0
3367.150007851079,0.0104471600427864,-0.0036032805855744,0.03905,1800.0
3367.250555164769,0.0099094019842224,-0.0049955644643506,0.03905,1800.0
3367.35112751241,0.0091014332747081,-0.0062579671254357,0.03905,1800.0
3367.4516967606096,0.0081974907600863,-0.0073869612881749,0.03905,1800.0
3367.5422083210497,0.0071880254323659,-0.0083597479865242,0.03905,1800.0
3367.642733461812,0.005956163385982,-0.0092734357583056,0.03905,1800.0
3367.7433039021043,0.0046863297031778,-0.0099801195591017,0.03905,1800.0
3367.846294052556,0.0032836930947303,-0.010524251567741,0.03905,1800.0
3367.9468599628954,0.0018049542760649,-0.0108798343082056,0.03905,1800.0
3368.04741657491,0.0002935029046169,-0.01101603031871,0.03905,1800.0
3368.147978670552,-0.0012431650383599,-0.0109612139187989,0.03905,1800.0
3368.2485014271288,-0.0026539076669864,-0.0106928850207697,0.03905,1800.0
3368.3490568470506,-0.0041802458294367,-0.0102256874216739,0.03905,1800.0
3368.44980395551,-0.0054560428821339,-0.0096075739833083,0.03905,1800.0
3368.55033624883,-0.0067524444436726,-0.0087414652516375,0.03905,1800.0
3368.650903351262,-0.0078550797323946,-0.0077527495302568,0.03905,1800.0
3368.751481897786,-0.0088102375811027,-0.0066293591337995,0.03905,1800.0
3368.842000372365,-0.0095750636716117,-0.0054577456366127,0.03905,1800.0
3368.9425705742387,-0.0102349513422379,-0.0040888499836104,0.03905,1800.0
3369.0431555580644,-0.010694255338365,-0.0026832906363186,0.03905,1800.0
3369.1470688652544,-0.010965216095859,-0.0011278876170371,0.03905,1800.0
3369.2476297688036,-0.011022949498448,0.0003877906607498,0.03905,1800.0
3369.3481954407243,-0.0108846650238065,0.0018241954792566,0.03905,1800.0
3369.448705084279,-0.0105493100708506,0.0032568049665995,0.03905,1800.0
3369.549271233037,-0.0099891766559666,0.0047242522876435,0.03905,1800.0
3369.654934771016,-0.0092114023531448,0.0061054298266111,0.03905,1800.0
3369.745439655736,-0.0084139922332275,0.0071351575447634,0.03905,1800.0
3369.8459993671922,-0.007310460779542,0.0082619927515127,0.03905,1800.0
3369.9465438198595,-0.0061511040567115,0.0091562988793574,0.03905,1800.0
3370.047088749364,-0.0048174805793228,0.0099078409987566,0.03905,1800.0
3370.147668487981,-0.0038050452362007,0.0103721741358884,0.03905,1800.0
3370.248237974599,-0.0034289999999999,0.010512,0.03905,1800.0
3370.348794825032,-0.0034834629798501,0.0104671636485495,0.03905,1800.0
3370.4493590664415,-0.005200462638124,0.0090539270930306,0.03905,1800.0
3370.5499240231065,-0.010565881114177,0.0046377957619432,0.03905,1800.0
3370.650454170659,-0.0140039999999999,0.001808,0.03905,1800.0
3370.740966446355,-0.0140429185703197,0.0014828440694143,0.03905,1800.0
3370.845726377919,-0.0140997320083144,0.0001902945781226,0.03905,1800.0
3370.9462491344957,-0.0140409169343071,-0.0012971468801626,0.03905,1800.0
3371.047004349187,-0.0138164671534731,-0.0027992051324991,0.03905,1800.0
3371.1475678753404,-0.0134507602439534,-0.004220763032457,0.03905,1800.0
3371.248134262517,-0.0129232861022315,-0.0056129180655172,0.03905,1800.0
3371.3487254452257,-0.0122288424667693,-0.0070200401072323,0.03905,1800.0
3371.4492813419847,-0.0114218886162058,-0.0082705636534913,0.03905,1800.0
3371.5498429607896,-0.0105052612370737,-0.0094164028558825,0.03905,1800.0
3371.6504062485246,-0.009474491620565,-0.0104614498698637,0.03905,1800.0
3371.740917093709,-0.0083673979666028,-0.0113617443790973,0.03905,1800.0
3371.841490633443,-0.0070894308795712,-0.0121945884802718,0.03905,1800.0
3371.9420570206194,-0.0058158138702129,-0.0128769179905439,0.03905,1800.0
3372.0427137684374,-0.0044081213503703,-0.0134057386349038,0.03905,1800.0
3372.1432923149614,-0.0029052695740974,-0.0137907259761794,0.03905,1800.0
3372.2453991245775,-0.0013831068590713,-0.0140286046687072,0.03905,1800.0
3372.345902092412,0.0001140138811601,-0.0140956612591321,0.03905,1800.0
3372.4464689564256,0.0016133143896515,-0.0140049179237866,0.03905,1800.0
3372.547039873555,0.0030699500197289,-0.0137651436111616,0.03905,1800.0
3372.647575504735,0.0044981551307747,-0.0133694711659457,0.03905,1800.0
3372.7483118843584,0.0059348029182697,-0.0127994291568997,0.03905,1800.0
3372.8498107265978,0.0072235481802724,-0.0121305964003894,0.03905,1800.0
3372.9503606628923,0.0085221678973773,-0.0112464158479378,0.03905,1800.0
3373.0408586334734,0.0095900678077628,-0.0103405661100966,0.03905,1800.0
3373.1413964104204,0.0106180289119352,-0.0092732461164416,0.03905,1800.0
3373.2419568371324,0.0115400203617218,-0.0080987305745969,0.03905,1800.0
3373.3425580334215,0.0123217213351587,-0.0068522667891821,0.03905,1800.0
3373.4431144070177,0.0129622663111887,-0.0055264444253657,0.03905,1800.0
3373.542398340657,0.0134806210501416,-0.0041330320796691,0.03905,1800.0
3373.643398411229,0.0138516004735749,-0.0026238633211893,0.03905,1800.0
3373.7439619373827,0.0140563698764196,-0.0010736469117501,0.03905,1800.0
3373.844526655629,0.0141017682718293,0.0004002275811774,0.03905,1800.0
3373.945096142247,0.0139914529164965,0.0018435383613511,0.03905,1800.0
3374.0456246208696,0.0137245690514631,0.0033157931039694,0.03905,1800.0
3374.1461862396745,0.0132779082068532,0.0047793569692193,0.03905,1800.0
3374.2467020821123,0.0126917275773915,0.0061484661643065,0.03905,1800.0
3374.347263939336,0.01195316499524,0.0074762989686755,0.03905,1800.0
3374.44784749265,0.0110601043459559,0.0087363335941322,0.03905,1800.0
3374.5484162640123,0.0100686851943592,0.0098647636273408,0.03905,1800.0
3374.6489805054216,0.0089805224390714,0.0108584481997721,0.03905,1800.0
3374.7495306801347,0.0079221786882247,0.0116691382120954,0.03905,1800.0
3374.8501030277757,0.006888633128832,0.0123044268723914,0.03905,1800.0
3374.9417384933977,0.0057348570100048,0.0128854251560696,0.03905,1800.0
3375.0423017811327,0.0042859356280354,0.0134444838996522,0.03905,1800.0
3375.1429013084917,0.0027983518836741,0.0138368949423846,0.03905,1800.0
3375.2434557747392,0.0013937129662252,0.0140447399695937,0.03905,1800.0
3375.3440047573595,-0.0001738307638237,0.0141035620636014,0.03905,1800.0
3375.444581873372,-0.0016274637676063,0.0140093681588983,0.03905,1800.0
3375.5451551746874,-0.0030872625602474,0.0137525632902218,0.03905,1800.0
3375.645716316655,-0.0045361145500549,0.0133414257663453,0.03905,1800.0
3375.746276743367,-0.0059827640469656,0.0127598798044564,0.03905,1800.0
3375.846845753148,-0.0073385282502672,0.0120366106070156,0.03905,1800.0
3375.947336084798,-0.0085481325103516,0.0112076066021977,0.03905,1800.0
3376.0479000877885,-0.0096929568516235,0.0102405925225961,0.03905,1800.0
3376.148411638692,-0.0107565129015882,0.0091238290443294,0.03905,1800.0
3376.2489835094957,-0.0116243833892209,0.0079946899965185,0.03905,1800.0
3376.350357181981,-0.0124273652742558,0.0066928760970618,0.03905,1800.0
3376.440865881398,-0.0130187296305181,0.0054215137382603,0.03905,1800.0
3376.541401512578,-0.0135106723134334,0.004044253719427,0.03905,1800.0
3376.643308289006,-0.0138737149052418,0.0025101361557765,0.03905,1800.0
3376.743862039998,-0.0139899760994012,0.001902584555863,0.03905,1800.0
3376.844422943547,-0.0140039999999999,0.001808,0.03905,1800.0
3376.944982416585,-0.0130404426704265,0.0027973489673983,0.03905,1800.0
3377.045624382451,-0.0095115826917362,0.0064206162482656,0.03905,1800.0
3377.146183140233,-0.0052337302072374,0.0108129006015567,0.03905,1800.0
3377.2467502426653,-0.0039499999999999,0.012131,0.03905,1800.0
3377.347306377843,-0.0038192906408469,0.0121659603443372,0.03905,1800.0
3377.447866804555,-0.0026575922196323,0.0124766754842843,0.03905,1800.0
3377.5484262775926,-0.0011881040990164,0.0126910713856321,0.03905,1800.0
3377.649540550664,0.000277477411322,0.0127354048219798,0.03905,1800.0
3377.750100500539,0.0018250042911461,0.0125946584399168,0.03905,1800.0
3377.8405925106554,0.003180490202901,0.0123225282098148,0.03905,1800.0
3377.941160089925,0.0045920613285374,0.0118743842747195,0.03905,1800.0
3378.041720516637,0.0059508574914159,0.0112519288082756,0.03905,1800.0
3378.143880970433,0.0072739159656116,0.0104547352637079,0.03905,1800.0
3378.24445737119,0.0084314575497504,0.0095431957413839,0.03905,1800.0
3378.3450447392015,0.0095109943339448,0.0084649395435256,0.03905,1800.0
3378.4456175636797,0.0104574399223639,0.007278971902033,0.03905,1800.0
3378.5461918186693,0.0112133647525998,0.0060676868957486,0.03905,1800.0
3378.64675749059,0.0118597350301786,0.0046894863839753,0.03905,1800.0
3378.7473183941393,0.0123317778810603,0.003193412226624,0.03905,1800.0
3378.847901709035,0.0126220633722583,0.0017421207469702,0.03905,1800.0
3378.9484783482103,0.0127312126544321,0.0002080846928624,0.03905,1800.0
3379.0490387749223,0.0126592291231655,-0.0013016535395556,0.03905,1800.0
3379.149603493169,0.012427354706254,-0.0027471819083322,0.03905,1800.0
3379.2501741718797,0.0120151409735985,-0.0041891537160782,0.03905,1800.0
3379.3406893085985,0.0114926694456741,-0.0054737060034051,0.03905,1800.0
3379.441264755681,0.0107774911254647,-0.0067883465695232,0.03905,1800.0
3379.542004234746,0.0099453267976423,-0.0079660767787684,0.03905,1800.0
3379.644084341481,0.0088778355083743,-0.0091522045535551,0.03905,1800.0
3379.7446976971178,0.0077279045354962,-0.0101398465169098,0.03905,1800.0
3379.8452457260637,0.0065244943602554,-0.0109485734264663,0.03905,1800.0
3379.9460502934007,0.0051949666331099,-0.0116270131881884,0.03905,1800.0
3380.046622402623,0.0038053760846904,-0.0121514862043823,0.03905,1800.0
3380.147209055379,0.002318717735489,-0.012513840878021,0.03905,1800.0
3380.247775680974,0.0007770059797199,-0.0127051036578479,0.03905,1800.0
3380.3483580421953,-0.0007150177784871,-0.0127086166540236,0.03905,1800.0
3380.448889143422,-0.002177612461692,-0.0125431453028586,0.03905,1800.0
3380.5494607758073,-0.003651876734338,-0.0121927972673537,0.03905,1800.0
3380.650028831914,-0.0050874242749118,-0.0116713342495668,0.03905,1800.0
3380.740484840825,-0.0063349096330042,-0.0110568099220563,0.03905,1800.0
3380.8410545658617,-0.0075827835320883,-0.0102450038726679,0.03905,1800.0
3380.9416350197343,-0.0087568979215353,-0.009263398646415,0.03905,1800.0
3381.042189485982,-0.0097740687389834,-0.008178831003299,0.03905,1800.0
3381.14276064153,-0.0106592782697901,-0.0069660142197641,0.03905,1800.0
3381.243333466008,-0.0114008078820298,-0.0056730915769858,0.03905,1800.0
3381.3439186882524,-0.0119919629715704,-0.004262799578471,0.03905,1800.0
3381.444485075429,-0.0124057917566213,-0.0028407514553537,0.03905,1800.0
3381.5450502705125,-0.0126489393461266,-0.0013620127686869,0.03905,1800.0
3381.6456068825273,-0.0127271559910384,0.0001507048526924,0.03905,1800.0
3381.7461870979814,-0.0126215982813327,0.0016333754048017,0.03905,1800.0
3381.8467570614366,-0.012340424334108,0.0031633679825076,0.03905,1800.0
3381.947524673894,-0.0118863892167325,0.0045899580810527,0.03905,1800.0
3382.0481463741808,-0.0112859325119329,0.0059264528188656,0.03905,1800.0
3382.1487246822862,-0.0104758664757421,0.0072585575582465,0.03905,1800.0
3382.2492786716966,-0.009570467068459,0.0084070485632904,0.03905,1800.0
3382.3498426746874,-0.008532326686663,0.0094553353130006,0.03905,1800.0
3382.440356142476,-0.007432796483263,0.0103310753771507,0.03905,1800.0
3382.540925152257,-0.0061676838086759,0.0111396330752333,0.03905,1800.0
3382.6414982151537,-0.0048531618735224,0.011769779800566,0.03905,1800.0
3382.7420729469804,-0.0040573028277209,0.0120929046574599,0.03905,1800.0
3382.8426345657854,-0.00395,0.012131,0.03905,1800.0
3382.943193085149,-0.0039499999999999,0.012131,0.03905,0.0
