3799.1992309093475,0.008910000000000001,-0.014811999999999992,0.01136,1800.0
3799.2991552352905,0.009179300000000001,-0.014637899999999981,0.01136,1800.0
3799.3991849422455,0.0104582,-0.013752199999999992,0.01136,1800.0
3799.4993596076965,0.011746500000000007,-0.01267549999999995,0.01136,1800.0
3799.5993931293488,0.012920799999999996,-0.011475200000000019,0.01136,1800.0
3799.6992440223694,0.013898900000000006,-0.010260999999999965,0.01136,1800.0
3799.7993268966675,0.014455300000000004,-0.009470299999999987,0.01136,1800.0
3799.899193048477,0.015300999999999995,-0.00802029999999998,0.01136,1800.0
3799.9991970062256,0.0159638,-0.006609199999999982,0.01136,1800.0
3800.099198579788,0.016536399999999993,-0.005030499999999993,0.01136,1800.0
3800.1991999149323,0.016937800000000003,-0.003400000000000014,0.01136,1800.0
3800.299150466919,0.01717450000000001,-0.0018591000000000024,0.01136,1800.0
3800.3992009162903,0.01717450000000001,-0.0018591000000000024,0.01136,1800.0
3800.4991722106934,0.01727909999999999,-0.00018329999999999735,0.01136,1800.0
3800.599190235138,0.0172147,0.0014944000000000068,0.01136,1800.0
3800.6991834640503,0.0170057,0.0030394000000000254,0.01136,1800.0
3800.799179792404,0.0166313,0.004676100000000016,0.01136,1800.0
3800.899263381958,0.016105900000000006,0.006270900000000024,0.01136,1800.0
3800.999240875244,0.015415100000000001,0.007801400000000014,0.01136,1800.0
3801.0995433330536,0.0146482,0.009158800000000022,0.01136,1800.0
3801.199159860611,0.014083899999999996,0.010006000000000015,0.01136,1800.0
3801.2991864681244,0.013080999999999995,0.011286000000000018,0.01136,1800.0
3801.399432182312,0.012014200000000003,0.012423199999999968,0.01136,1800.0
3801.4991381168365,0.012014200000000003,0.012423199999999968,0.01136,1800.0
3801.599343776703,0.0107516,0.013530199999999992,0.01136,1800.0
3801.699164867401,0.009384600000000007,0.014505200000000051,0.01136,1800.0
3801.7992334365845,0.008040000000000005,0.015294400000000041,0.01136,1800.0
3801.8995518684387,0.006519200000000003,0.016006299999999973,0.01136,1800.0
3801.99911570549,0.005048799999999992,0.01652560000000003,0.01136,1800.0
3802.099179983139,0.00342039999999999,0.016935000000000033,0.01136,1800.0
3802.1991803646088,0.0017614000000000102,0.017194600000000004,0.01136,1800.0
3802.2991700172424,8.429999999999549e-05,0.017281500000000005,0.01136,1800.0
3802.399164915085,-0.0014735000000000026,0.01721520000000004,0.01136,1800.0
3802.499405145645,-0.0031375999999999904,0.016991400000000045,0.01136,1800.0
3802.5991661548615,-0.004773199999999991,0.01661109999999999,0.01136,1800.0
3802.6992313861847,-0.004773199999999991,0.01661109999999999,0.01136,1800.0
3802.7995455265045,-0.006249699999999997,0.016109600000000057,0.01136,1800.0
3802.8996851444244,-0.007782899999999995,0.015425100000000025,0.01136,1800.0
3802.999158859253,-0.009246299999999999,0.01460170000000005,0.01136,1800.0
3803.099180698395,-0.010525499999999993,0.013709599999999988,0.01136,1800.0
3803.1992082595825,-0.011888300000000004,0.012535100000000021,0.01136,1800.0
3803.2991983890533,-0.012972200000000003,0.011414400000000047,0.01136,1800.0
3803.399173259735,-0.0139518,0.010201100000000018,0.01136,1800.0
3803.4991595745087,-0.014812000000000006,0.008900499999999978,0.01136,1800.0
3803.5991508960724,-0.015601799999999999,0.007418900000000006,0.01136,1800.0
3803.699205160141,-0.016251100000000004,0.005870399999999998,0.01136,1800.0
3803.799142599106,-0.016746299999999992,0.00426610000000005,0.01136,1800.0
3803.899146080017,-0.016746299999999992,0.00426610000000005,0.01136,1800.0
3803.9991114139557,-0.017074900000000004,0.002619499999999997,0.01136,1800.0
3804.099076271057,-0.01724239999999999,0.0010695000000000565,0.01136,1800.0
3804.1996953487396,-0.01727400000000001,-0.0006092999999999793,0.01136,1800.0
3804.29922747612,-0.017125299999999996,-0.0022818000000000005,0.01136,1800.0
3804.3991622924805,-0.016848000000000002,-0.003815999999999986,0.01136,1800.0
3804.4992253780365,-0.016402399999999998,-0.005434799999999962,0.01136,1800.0
3804.599608182907,-0.0158489,-0.006892500000000024,0.01136,1800.0
3804.699146270752,-0.015099600000000005,-0.008395199999999992,0.01136,1800.0
3804.799376010895,-0.014214199999999996,-0.009821699999999989,0.01136,1800.0
3804.8992581367493,-0.013199100000000005,-0.011159299999999983,0.01136,1800.0
3804.9991211891174,-0.013199100000000005,-0.011159299999999983,0.01136,1800.0
3805.0991604328156,-0.012136600000000011,-0.0123008,0.01136,1800.0
3805.199207305908,-0.010883100000000007,-0.013417999999999985,0.01136,1800.0
3805.2991077899933,-0.009533,-0.014416299999999993,0.01136,1800.0
3805.3991782665253,-0.008088600000000001,-0.015272900000000034,0.01136,1800.0
3805.4991500377655,-0.0066768999999999995,-0.01593509999999998,0.01136,1800.0
3805.5991489887238,-0.005099199999999998,-0.01650969999999996,0.01136,1800.0
3805.6991662979126,-0.0035912999999999917,-0.016907000000000005,0.01136,1800.0
3805.799181699753,-0.0019329999999999903,-0.017172399999999977,0.01136,1800.0
3805.899168252945,-0.0002570999999999962,-0.017275299999999993,0.01136,1800.0
3805.9991767406464,0.001301499999999997,-0.017231799999999964,0.01136,1800.0
3806.099164247513,0.002968200000000004,-0.017026899999999956,0.01136,1800.0
3806.1993141174316,0.002968200000000004,-0.017026899999999956,0.01136,1800.0
3806.2991819381714,0.004604999999999998,-0.01665230000000001,0.01136,1800.0
3806.3992371559143,0.006087900000000007,-0.01617029999999997,0.01136,1800.0
3806.499178647995,0.007630700000000004,-0.01550760000000001,0.01136,1800.0
3806.5992550849915,0.0088945,-0.014820999999999973,0.01136,1800.0
3806.699162006378,0.008910000000000001,-0.014811999999999992,0.01136,1800.0
3806.7991828918457,0.008902099999999996,-0.014807899999999985,0.01136,0.0
3806.8995308876038,0.0031091000000000035,-0.011694399999999994,0.01136,0.0
3807.2991840839386,-0.007500999999999994,-0.005991999999999997,0.01136,0.0
3807.3991866111755,-0.007500999999999994,-0.005991999999999997,0.01136,1800.0
3807.499186515808,-0.007897799999999996,-0.0054322999999999455,0.01136,1800.0
3807.599193572998,-0.008729499999999987,-0.003976599999999997,0.01136,1800.0
3807.699092388153,-0.009288199999999996,-0.002394599999999969,0.01136,1800.0
3807.799206018448,-0.009555599999999997,-0.0008599000000000245,0.01136,1800.0
3807.8992686271667,-0.009564500000000004,0.000698299999999985,0.01136,1800.0
3807.9992339611053,-0.009299799999999997,0.0023544000000000342,0.01136,1800.0
3808.0990641117096,-0.008745500000000003,0.003937899999999994,0.01136,1800.0
3808.1991271972656,-0.007991299999999993,0.0053003000000000355,0.01136,1800.0
3808.2990684509277,-0.006864999999999996,0.006700600000000001,0.01136,1800.0
3808.399151325226,-0.00568790000000001,0.007720300000000013,0.01136,1800.0
3808.4991784095764,-0.00568790000000001,0.007720300000000013,0.01136,1800.0
3808.5991678237915,-0.004257700000000003,0.008597200000000027,0.01136,1800.0
3808.699111700058,-0.0028085000000000054,0.009168800000000032,0.01136,1800.0
3808.799131631851,-0.0011690000000000034,0.009525200000000011,0.01136,1800.0
3808.899074077606,0.0005078000000000027,0.009573500000000013,0.01136,1800.0
3808.999129295349,0.002053000000000013,0.009375000000000022,0.01136,1800.0
3809.0991616249084,0.0036500000000000005,0.008862900000000007,0.01136,1800.0
3809.199158191681,0.005145400000000008,0.008102800000000021,0.01136,1800.0
3809.299253463745,0.0064718,0.007075400000000065,0.01136,1800.0
3809.3991165161133,0.007536700000000007,0.0059383000000000075,0.01136,1800.0
3809.4991698265076,0.008450600000000003,0.004531500000000022,0.01136,1800.0
3809.5991361141205,0.009113499999999997,0.0029910000000000214,0.01136,1800.0
3809.6991539001465,0.009113499999999997,0.0029910000000000214,0.01136,1800.0
3809.7991573810577,0.009472900000000006,0.0014753000000000682,0.01136,1800.0
3809.8996284008026,0.00958980000000001,-0.0001971000000000056,0.01136,1800.0
3809.99920129776,0.009426799999999999,-0.0017462999999999784,0.01136,1800.0
3810.099118709564,0.008983500000000005,-0.0033635999999999666,0.01136,1800.0
3810.1991217136383,0.008260100000000006,-0.004877399999999976,0.01136,1800.0
3810.2994430065155,0.0072826,-0.006240399999999979,0.01136,1800.0
3810.399153470993,0.006087900000000007,-0.007418499999999939,0.01136,1800.0
3810.526484966278,0.004802799999999996,-0.008299099999999948,0.01136,1800.0
3810.5991129875183,0.003396099999999999,-0.008968100000000034,0.01136,1800.0
3810.699154853821,0.0017820999999999948,-0.009421199999999963,0.01136,1800.0
3810.799181699753,0.0017820999999999948,-0.009421199999999963,0.01136,1800.0
3810.8991961479187,0.00011350000000000249,-0.009592500000000004,0.01136,1800.0
3810.999160051346,-0.0015584000000000015,-0.009460400000000035,0.01136,1800.0
3811.0991265773773,-0.0030715999999999938,-0.009089699999999978,0.01136,1800.0
3811.1991426944733,-0.004604999999999998,-0.00840970000000002,0.01136,1800.0
3811.2991559505463,-0.006004499999999996,-0.007484999999999964,0.01136,1800.0
3811.399176597595,-0.007129300000000005,-0.006407300000000005,0.01136,1800.0
3811.4991357326508,-0.007500999999999994,-0.005991999999999997,0.01136,1800.0
3811.599138736725,-0.007500999999999994,-0.005991999999999997,0.01136,0.0
3811.699145555496,-0.004932300000000001,-0.0072116999999999876,0.01136,0.0
3812.099036216736,0.008021,-0.013361999999999985,0.01136,0.0
3812.1991143226624,0.008021,-0.013361999999999985,0.01136,1800.0
3812.2991466522217,0.008021,-0.013361999999999985,0.01136,1800.0
3812.3992817401886,0.008990500000000012,-0.012730399999999975,0.01136,1800.0
3812.499195098877,0.010303099999999996,-0.011683300000000008,0.01136,1800.0
3812.599174976349,0.011504799999999996,-0.010510599999999981,0.01136,1800.0
3812.699189186096,0.012492100000000006,-0.009303999999999979,0.01136,1800.0
3812.799059152603,0.01342320000000001,-0.007906899999999994,0.01136,1800.0
3812.8992671966553,0.014196600000000004,-0.0064168,0.01136,1800.0
3812.9992547035217,0.014512999999999998,-0.005673499999999998,0.01136,1800.0
3813.099152326584,0.015020900000000004,-0.004118500000000025,0.01136,1800.0
3813.1991007328033,0.015020900000000004,-0.004118500000000025,0.01136,1800.0
3813.299414396286,0.015380999999999992,-0.002478699999999945,0.01136,1800.0
3813.3990650177,0.015516299999999997,-0.0013936999999999977,0.01136,1800.0
3813.499448776245,0.015584,-2.340000000000675e-05,0.01136,1800.0
3813.5992019176483,0.0154865,0.0016528000000000098,0.01136,1800.0
3813.6996870040894,0.015246800000000005,0.00319330000000001,0.01136,1800.0
3813.799140930176,0.014814500000000008,0.004815300000000022,0.01136,1800.0
3813.8991634845734,0.014210500000000001,0.006381899999999996,0.01136,1800.0
3813.999148130417,0.0135044,0.007771799999999995,0.01136,1800.0
3814.09912776947,0.012584899999999996,0.009176500000000032,0.01136,1800.0
3814.199169397354,0.011530499999999999,0.01048319999999997,0.01136,1800.0
3814.2991445064545,0.010421299999999994,0.011579100000000009,0.01136,1800.0
3814.3991672992706,0.010421299999999994,0.011579100000000009,0.01136,1800.0
3814.4990644454956,0.009116300000000008,0.012635400000000019,0.01136,1800.0
3814.599109172821,0.007702899999999999,0.013541399999999981,0.01136,1800.0
3814.6990888118744,0.006200499999999998,0.014290899999999995,0.01136,1800.0
3814.7991333007812,0.004742399999999994,0.014843100000000053,0.01136,1800.0
3814.899191379547,0.003116599999999997,0.0152621,0.01136,1800.0
3814.999055147171,0.0015761999999999998,0.015503800000000012,0.01136,1800.0
3815.099761724472,-0.00010119999999999574,0.015577300000000016,0.01136,1800.0
3815.199232816696,-0.0017772999999999956,0.01547900000000002,0.01136,1800.0
3815.299544095993,-0.0034321999999999964,0.015196299999999996,0.01136,1800.0
3815.3991882801056,-0.004933699999999985,0.014776200000000017,0.01136,1800.0
3815.4991850852966,-0.004933699999999985,0.014776200000000017,0.01136,1800.0
3815.599334001541,-0.006497199999999995,0.014164100000000013,0.01136,1800.0
3815.6991832256317,-0.007980799999999996,0.013377799999999995,0.01136,1800.0
3815.7991716861725,-0.009280499999999997,0.012516699999999992,0.01136,1800.0
3815.8991413116455,-0.01057029999999999,0.011441900000000005,0.01136,1800.0
3815.999297618866,-0.011661599999999994,0.010328400000000015,0.01136,1800.0
3816.099152803421,-0.012707499999999997,0.009015200000000057,0.01136,1800.0
3816.1991727352142,-0.013587299999999997,0.007614500000000024,0.01136,1800.0
3816.2991614341736,-0.0140372,0.006750100000000037,0.01136,1800.0
3816.3991572856903,-0.014644099999999993,0.005313999999999985,0.01136,1800.0
3816.4996209144592,-0.015103400000000003,0.0038242,0.01136,1800.0
3816.5992159843445,-0.015422900000000003,0.0021759000000000084,0.01136,1800.0
3816.699161529541,-0.015422900000000003,0.0021759000000000084,0.01136,1800.0
3816.7992391586304,-0.015574000000000005,0.0005039000000000016,0.01136,1800.0
3816.8991911411285,-0.015530299999999997,-0.0011744999999999672,0.01136,1800.0
3816.99929356575,-0.015341800000000003,-0.0028407999999999767,0.01136,1800.0
3817.099144220352,-0.014954499999999996,-0.004355600000000015,0.01136,1800.0
3817.19917845726,-0.014401299999999992,-0.005940899999999971,0.01136,1800.0
3817.2991235256195,-0.013678599999999999,-0.007455999999999963,0.01136,1800.0
3817.399587392807,-0.012862799999999994,-0.008784599999999976,0.01136,1800.0
3817.4992382526398,-0.011926199999999998,-0.010031100000000015,0.01136,1800.0
3817.5990839004517,-0.010772799999999999,-0.011251200000000017,0.01136,1800.0
3817.6990444660187,-0.009502699999999989,-0.012349500000000013,0.01136,1800.0
3817.7993750572205,-0.008116800000000007,-0.01329709999999995,0.01136,1800.0
3817.899188041687,-0.008116800000000007,-0.01329709999999995,0.01136,1800.0
3817.9991450309753,-0.006639400000000004,-0.014094899999999966,0.01136,1800.0
3818.0995075702667,-0.005198399999999992,-0.014690499999999995,0.01136,1800.0
3818.1991543769836,-0.003585900000000003,-0.015158600000000022,0.01136,1800.0
3818.2991824150085,-0.0019345999999999947,-0.015461899999999973,0.01136,1800.0
3818.3991689682007,-0.0003793999999999881,-0.015572499999999989,0.01136,1800.0
3818.4991602897644,0.0012992000000000004,-0.015529300000000024,0.01136,1800.0
3818.599126815796,0.002961599999999995,-0.015294099999999977,0.01136,1800.0
3818.699166059494,0.004475500000000007,-0.01492159999999998,0.01136,1800.0
3818.7990736961365,0.006056199999999998,-0.01435599999999998,0.01136,1800.0
3818.899092197418,0.007563899999999998,-0.013617199999999996,0.01136,1800.0
3818.9991743564606,0.007563899999999998,-0.013617199999999996,0.01136,1800.0
3819.0991492271423,0.008021,-0.013361999999999985,0.01136,1800.0
3819.1990847587585,0.008021,-0.013361999999999985,0.01136,0.0
3819.2991404533386,0.005385699999999993,-0.012375699999999934,0.01136,0.0
3819.5991632938385,-0.008831999999999993,-0.007054000000000005,0.01136,0.0
3819.69917178154,-0.008831999999999993,-0.007054000000000005,0.01136,1800.0
3819.799251794815,-0.009159399999999998,-0.0065921999999999925,0.01136,1800.0
3819.8991725444794,-0.010039599999999996,-0.005164399999999958,0.01136,1800.0
3819.9991221427917,-0.01066149999999999,-0.003735499999999947,0.01136,1800.0
3820.099170446396,-0.011091100000000007,-0.0021133999999999875,0.01136,1800.0
3820.1991765499115,-0.011091100000000007,-0.0021133999999999875,0.01136,1800.0
3820.299399137497,-0.011280899999999996,-0.0004462000000000077,0.01136,1800.0
3820.399225950241,-0.0112429,0.0011120000000000019,0.01136,1800.0
3820.499146461487,-0.01095009999999999,0.0027647000000000643,0.01136,1800.0
3820.5991446971893,-0.010413199999999997,0.004354400000000036,0.01136,1800.0
3820.6991753578186,-0.009659899999999999,0.005853600000000014,0.01136,1800.0
3820.799171924591,-0.0087647,0.007129100000000055,0.01136,1800.0
3820.89923286438,-0.007693400000000003,0.008260800000000013,0.01136,1800.0
3820.9991512298584,-0.006384399999999998,0.009310299999999994,0.01136,1800.0
3821.099374771118,-0.004936299999999991,0.010158100000000003,0.01136,1800.0
3821.1990418434143,-0.0033754999999999896,0.01077450000000002,0.01136,1800.0
3821.299144268036,-0.0018593999999999972,0.011133799999999971,0.01136,1800.0
3821.399160385132,-0.0018593999999999972,0.011133799999999971,0.01136,1800.0
3821.4990739822388,-6.909999999998861e-05,0.01129990000000003,0.01136,1800.0
3821.5995004177094,0.0014860000000000012,0.011193799999999976,0.01136,1800.0
3821.6991770267487,0.0031264000000000014,0.010843300000000056,0.01136,1800.0
3821.799118041992,0.004591100000000015,0.010313200000000022,0.01136,1800.0
3821.8991737365723,0.005971000000000004,0.00958939999999997,0.01136,1800.0
3821.999132871628,0.007322700000000001,0.008595200000000025,0.01136,1800.0
3822.0991678237915,0.008514099999999997,0.00741360000000002,0.01136,1800.0
3822.19912815094,0.009523699999999996,0.006073300000000004,0.01136,1800.0
3822.299283027649,0.01026690000000001,0.0047032000000000185,0.01136,1800.0
3822.3991401195526,0.010844599999999996,0.003127800000000014,0.01136,1800.0
3822.499133348465,0.010844599999999996,0.003127800000000014,0.01136,1800.0
3822.599179983139,0.011195300000000005,0.001487100000000019,0.01136,1800.0
3822.699169397354,0.011293299999999992,-0.00018760000000000998,0.01136,1800.0
3822.799206495285,0.011152499999999996,-0.001739400000000002,0.01136,1800.0
3822.899322986603,0.0107738,-0.0033736999999999795,0.01136,1800.0
3822.9992122650146,0.010210100000000014,-0.004826600000000014,0.01136,1800.0
3823.099140882492,0.009381500000000001,-0.0062857999999999525,0.01136,1800.0
3823.1991379261017,0.008343600000000007,-0.007604300000000008,0.01136,1800.0
3823.2996213436127,0.007131600000000002,-0.008765299999999976,0.01136,1800.0
3823.3991005420685,0.005853400000000009,-0.009657499999999986,0.01136,1800.0
3823.4996330738068,0.004354800000000006,-0.01041139999999996,0.01136,1800.0
3823.5992155075073,0.0027652000000000093,-0.010947099999999987,0.01136,1800.0
3823.699142932892,0.0027652000000000093,-0.010947099999999987,0.01136,1800.0
3823.799157857895,0.0012331000000000009,-0.01123289999999999,0.01136,1800.0
3823.899167776108,-0.0004443000000000086,-0.01128079999999998,0.01136,1800.0
3823.9991462230682,-0.002111600000000005,-0.011091300000000026,0.01136,1800.0
3824.0991020202637,-0.0036198000000000063,-0.010698900000000011,0.01136,1800.0
3824.1992251873016,-0.005057999999999993,-0.01009779999999999,0.01136,1800.0
3824.299118757248,-0.0064952000000000065,-0.009162299999999957,0.01136,1800.0
3824.3991034030914,-0.0077948000000000045,-0.00817049999999997,0.01136,1800.0
3824.4991483688354,-0.008808399999999994,-0.007080399999999987,0.01136,1800.0
3824.599282503128,-0.008831999999999993,-0.007054000000000005,0.01136,1800.0
3824.6991629600525,-0.008831999999999993,-0.007054000000000005,0.01136,1800.0
3824.799679994583,-0.008831999999999993,-0.007054000000000005,0.01136,0.0
3824.8990445137024,-0.004242300000000004,-0.0030698999999999588,0.01136,0.0
3825.299115419388,0.010174000000000002,0.009444000000000008,0.01136,0.0
3825.3991661071777,0.010174000000000002,0.009444000000000008,0.01136,1800.0
3825.4991664886475,0.009694900000000006,0.009931699999999988,0.01136,1800.0
3825.599144935608,0.008519100000000002,0.01095489999999999,0.01136,1800.0
3825.6990878582,0.007137500000000005,0.0119089,0.01136,1800.0
3825.799038887024,0.005644500000000011,0.01267670000000004,0.01136,1800.0
3825.899039030075,0.004073599999999997,0.013267900000000055,0.01136,1800.0
3825.999039411545,0.004073599999999997,0.013267900000000055,0.01136,1800.0
3826.0991294384003,0.0024423999999999974,0.013665199999999988,0.01136,1800.0
3826.199065208435,0.0008943000000000006,0.013849500000000015,0.01136,1800.0
3826.2991766929626,-0.0006647000000000042,0.013867200000000024,0.01136,1800.0
3826.3992347717285,-0.0023330000000000017,0.013679500000000011,0.01136,1800.0
3826.49915599823,-0.0039687000000000056,0.013301900000000033,0.01136,1800.0
3826.599488735199,-0.005544999999999994,0.012723800000000007,0.01136,1800.0
3826.699145555496,-0.0069362000000000035,0.012020699999999995,0.01136,1800.0
3826.7991762161255,-0.008339299999999994,0.011098899999999967,0.01136,1800.0
3826.899196624756,-0.0096141,0.010006499999999974,0.01136,1800.0
3826.999176502228,-0.010678800000000002,0.008867800000000037,0.01136,1800.0
3827.099203109741,-0.011669100000000002,0.0075121000000000215,0.01136,1800.0
3827.199469804764,-0.011669100000000002,0.0075121000000000215,0.01136,1800.0
3827.2991569042206,-0.012488699999999991,0.006047400000000036,0.01136,1800.0
3827.399173259735,-0.013093099999999996,0.004610300000000012,0.01136,1800.0
3827.4992246627808,-0.013405,0.003607000000000027,0.01136,1800.0
3827.599347114563,-0.013617599999999994,0.002682600000000035,0.01136,1800.0
3827.6991398334503,-0.013823699999999994,0.0012045000000000528,0.01136,1800.0
3827.799434900284,-0.013873999999999997,-0.00035360000000000946,0.01136,1800.0
3827.8991661071777,-0.013726199999999994,-0.002025499999999958,0.01136,1800.0
3827.9991738796234,-0.013560599999999992,-0.002940300000000007,0.01136,1800.0
3828.099149942398,-0.013346399999999994,-0.003800199999999976,0.01136,1800.0
3828.1991999149323,-0.012838600000000006,-0.0052686999999999595,0.01136,1800.0
3828.2996804714203,-0.012838600000000006,-0.0052686999999999595,0.01136,1800.0
3828.399163722992,-0.012254100000000004,-0.006522299999999981,0.01136,1800.0
3828.4991941452026,-0.011683799999999994,-0.007490699999999961,0.01136,1800.0
3828.5991542339325,-0.010769100000000004,-0.008753099999999958,0.01136,1800.0
3828.699177980423,-0.009633500000000003,-0.009989099999999973,0.01136,1800.0
3828.7994301319122,-0.008360300000000001,-0.011083400000000021,0.01136,1800.0
3828.899169921875,-0.006958900000000004,-0.01200789999999996,0.01136,1800.0
3828.9991426467896,-0.0055690999999999935,-0.012714100000000006,0.01136,1800.0
3829.0991632938385,-0.003993499999999997,-0.013294000000000028,0.01136,1800.0
3829.1991732120514,-0.0023587999999999942,-0.013675199999999998,0.01136,1800.0
3829.299157857895,-0.0006908000000000053,-0.013866500000000004,0.01136,1800.0
3829.39918923378,0.0009881000000000056,-0.013844399999999979,0.01136,1800.0
3829.499220609665,0.0009881000000000056,-0.013844399999999979,0.01136,1800.0
3829.5993955135345,0.002534400000000006,-0.01364649999999995,0.01136,1800.0
3829.6991572380066,0.0040484999999999965,-0.013275199999999987,0.01136,1800.0
3829.7991955280304,0.005620699999999992,-0.012687499999999963,0.01136,1800.0
3829.899169445038,0.007115300000000005,-0.011922600000000005,0.01136,1800.0
3829.999181985855,0.00840310000000001,-0.011043899999999995,0.01136,1800.0
3830.0991728305817,0.009677000000000005,-0.009950899999999985,0.01136,1800.0
3830.1991727352142,0.010807899999999995,-0.008709899999999993,0.01136,1800.0
3830.299181699753,0.011775900000000006,-0.0073386000000000284,0.01136,1800.0
3830.399107694626,0.012531500000000001,-0.005974800000000002,0.01136,1800.0
3830.5990884304047,0.0133886,-0.00364169999999997,0.01136,1800.0
3830.699141263962,0.0133886,-0.00364169999999997,0.01136,1800.0
3830.7991223335266,0.013737500000000014,-0.0019994999999999874,0.01136,1800.0
3830.899084329605,0.013870800000000003,-0.0003258999999999901,0.01136,1800.0
3830.9990785121918,0.013822399999999999,0.0012320000000000109,0.01136,1800.0
3831.0991938114166,0.013573299999999996,0.0028923000000000143,0.01136,1800.0
3831.199145555496,0.013121800000000003,0.004508900000000038,0.01136,1800.0
3831.2991774082184,0.012487200000000004,0.006062800000000035,0.01136,1800.0
3831.399094581604,0.011724299999999993,0.0074224999999999985,0.01136,1800.0
3831.499148607254,0.0107439,0.008784799999999982,0.01136,1800.0
3831.599073410034,0.010174000000000002,0.009444000000000008,0.01136,1800.0
3831.699161052704,0.010174000000000002,0.009444000000000008,0.01136,1800.0
3831.79918384552,0.009241399999999997,0.008638800000000058,0.01136,1800.0
3831.8992159366608,0.009241399999999997,0.008638800000000058,0.01136,0.0
3831.9993827342987,0.0027572000000000013,0.003039999999999987,0.01136,0.0
3832.3991498947144,-0.010163000000000005,-0.008116000000000012,0.01136,0.0
3832.499165534973,-0.010353100000000004,-0.007847900000000019,0.01136,1800.0
3832.5991730690002,-0.011215399999999986,-0.006553299999999984,0.01136,1800.0
3832.699138879776,-0.012010099999999996,-0.00494089999999997,0.01136,1800.0
3832.799147129059,-0.012517799999999996,-0.0034677999999999654,0.01136,1800.0
3832.899186372757,-0.012843799999999989,-0.0019438999999999984,0.01136,1800.0
3832.9991784095764,-0.012843799999999989,-0.0019438999999999984,0.01136,1800.0
3833.0991790294647,-0.012993100000000007,-0.00027199999999999447,0.01136,1800.0
3833.19953417778,-0.012919299999999995,0.0014051999999999953,0.01136,1800.0
3833.2996475696564,-0.012629200000000007,0.003058599999999967,0.01136,1800.0
3833.399569272995,-0.0121695,0.004547899999999994,0.01136,1800.0
3833.49938082695,-0.0114784,0.006076899999999996,0.01136,1800.0
3833.59911441803,-0.0105967,0.007503800000000005,0.01136,1800.0
3833.6991713047028,-0.009542899999999993,0.008808700000000003,0.01136,1800.0
3833.7992742061615,-0.008330500000000005,0.009968599999999994,0.01136,1800.0
3833.8991899490356,-0.007077899999999998,0.010895800000000011,0.01136,1800.0
3833.9990837574005,-0.005722500000000005,0.011665900000000007,0.01136,1800.0
3834.0991179943085,-0.004283999999999996,0.012266800000000022,0.01136,1800.0
3834.1991703510284,-0.004283999999999996,0.012266800000000022,0.01136,1800.0
3834.2993965148926,-0.002549599999999999,0.01274179999999997,0.01136,1800.0
3834.3991470336914,-0.0010048999999999891,0.012950500000000031,0.01136,1800.0
3834.499197244644,0.0006728000000000012,0.012969100000000011,0.01136,1800.0
3834.5991978645325,0.0023391999999999996,0.01277480000000003,0.01136,1800.0
3834.699174642563,0.003852099999999997,0.012403200000000003,0.01136,1800.0
3834.7991828918457,0.005421000000000009,0.011808600000000002,0.01136,1800.0
3834.899156332016,0.006796700000000003,0.011015900000000023,0.01136,1800.0
3834.9991714954376,0.008170200000000002,0.010110699999999972,0.01136,1800.0
3835.0992228984833,0.009402399999999991,0.008970400000000045,0.01136,1800.0
3835.1991419792175,0.01047640000000001,0.0076805000000000345,0.01136,1800.0
3835.299157857895,0.011319799999999991,0.006370000000000042,0.01136,1800.0
3835.3991725444794,0.011319799999999991,0.006370000000000042,0.01136,1800.0
3835.499143600464,0.0120455,0.004856900000000053,0.01136,1800.0
3835.5995202064514,0.012574500000000002,0.003264199999999995,0.01136,1800.0
3835.699138879776,0.012877600000000003,0.001735399999999998,0.01136,1800.0
3835.799169778824,0.013003399999999998,6.140000000004475e-05,0.01136,1800.0
3835.899177312851,0.012898099999999996,-0.00161420000000001,0.01136,1800.0
3835.9991550445557,0.012575299999999998,-0.0032614000000000254,0.01136,1800.0
3836.0991592407227,0.012092599999999995,-0.004743300000000006,0.01136,1800.0
3836.19926571846,0.011379200000000006,-0.006262299999999998,0.01136,1800.0
3836.2991468906403,0.010478199999999993,-0.0076780999999999655,0.01136,1800.0
3836.3991510868073,0.009484500000000007,-0.008878799999999964,0.01136,1800.0
3836.499158143997,0.009484500000000007,-0.008878799999999964,0.01136,1800.0
3836.5991728305817,0.008264999999999995,-0.010032399999999941,0.01136,1800.0
3836.6991906166077,0.006903200000000012,-0.01101439999999998,0.01136,1800.0
3836.799172639847,0.005534399999999995,-0.011760900000000019,0.01136,1800.0
3836.899183988571,0.00397030000000001,-0.012369200000000025,0.01136,1800.0
3836.9991767406464,0.0024605000000000044,-0.012754199999999993,0.01136,1800.0
3837.09933757782,0.0007957000000000103,-0.012962499999999988,0.01136,1800.0
3837.1991872787476,-0.0008819999999999939,-0.012957799999999964,0.01136,1800.0
3837.2991502285004,-0.0024281999999999915,-0.012762300000000004,0.01136,1800.0
3837.399153470993,-0.004054699999999994,-0.012347300000000005,0.01136,1800.0
3837.499197244644,-0.005612200000000012,-0.011720600000000025,0.01136,1800.0
3837.5991888046265,-0.007075300000000007,-0.010897599999999952,0.01136,1800.0
3837.6992213726044,-0.007075300000000007,-0.010897599999999952,0.01136,1800.0
3837.799150943756,-0.008328199999999994,-0.009970699999999999,0.01136,1800.0
3837.8991816043854,-0.009540799999999988,-0.00881109999999996,0.01136,1800.0
3837.9991545677185,-0.010163000000000005,-0.008116000000000012,0.01136,1800.0
3838.0992860794067,-0.010163000000000005,-0.008116000000000012,0.01136,1800.0
3838.1991386413574,-0.010163000000000005,-0.008116000000000012,0.01136,0.0
3838.299201965332,-0.010163000000000005,-0.008116000000000012,0.01136,0.0
3841.9482301466132,0.008910000000000001,-0.030440801162693723,0.01136,0.0
