1963.7258262665882,-0.0112109999999999,-0.0197093999999999,0.017750000000000002,0.0
1963.8263945611134,-0.0111996342216013,-0.019705239666362,0.017750000000000002,0.0
1963.9269602330342,-0.0109315360887906,-0.0196071049288127,0.017750000000000002,0.0
1964.0288579495564,-0.0099866031033789,-0.0192608891704396,0.017750000000000002,0.0
1964.1294493706837,-0.0090270254643114,-0.0189093633669036,0.017750000000000002,0.0
1964.2299788029804,-0.0080547545356742,-0.0185532414877509,0.017750000000000002,0.0
1964.3305523427143,-0.0071058417408961,-0.018205634425805,0.017750000000000002,0.0
1964.4311227830067,-0.0061923914632993,-0.0178710168729268,0.017750000000000002,0.0
1964.523460391344,-0.0053292975388551,-0.0175548335820741,0.017750000000000002,0.0
1964.6239962609425,-0.0043688006563895,-0.0172029946943148,0.017750000000000002,0.0
1964.7245638402119,-0.0034312631078426,-0.0168596061295822,0.017750000000000002,0.0
1964.8251328499928,-0.0025648985500849,-0.0165422028761222,0.017750000000000002,0.0
1964.9256987603321,-0.0021139999999999,-0.0163769999999999,0.017750000000000002,0.0
1965.0263009102955,-0.0017565523736033,-0.0164102728228447,0.017750000000000002,1800.0
1965.126871827425,-0.0004225678994144,-0.0164841195076548,0.017750000000000002,1800.0
1965.2248544724598,0.0010857575342385,-0.0164543554126417,0.017750000000000002,1800.0
1965.3254025014057,0.0025773978139136,-0.0162869980960924,0.017750000000000002,1800.0
1965.4260051282063,0.0040343579779018,-0.0159832035389461,0.017750000000000002,1800.0
1965.5265593560352,0.005473910311745,-0.0155520534490699,0.017750000000000002,1800.0
1965.6271095307484,0.006886788631945,-0.014981919574557,0.017750000000000002,1800.0
1965.7276618512287,0.008242749089373,-0.0142825850281747,0.017750000000000002,1800.0
1965.8282341988697,0.0094665108427541,-0.0135085875743355,0.017750000000000002,1800.0
1965.9288373025074,0.010703761464641,-0.0125566221799551,0.017750000000000002,1800.0
1966.029409888567,0.0117531631040915,-0.0115847817376625,0.017750000000000002,1800.0
1966.1299846203938,0.0123879116407026,-0.0109051812508714,0.017750000000000002,1800.0
1966.220509055437,0.0131871855445465,-0.009903696122853,0.017750000000000002,1800.0
1966.3210618527546,0.0140520414865685,-0.0086265712719925,0.017750000000000002,1800.0
1966.4216270478382,0.0147947258781544,-0.0072854707580419,0.017750000000000002,1800.0
1966.5221884282246,0.0153952543690246,-0.0058932857987162,0.017750000000000002,1800.0
1966.6251041920796,0.0158727588663274,-0.0044721438168824,0.017750000000000002,1800.0
1966.7256732018604,0.0162091957410662,-0.0030241107068267,0.017750000000000002,1800.0
1966.8262488873615,0.016419088646638,-0.0014765374595845,0.017750000000000002,1800.0
1966.9267754586353,0.0164883625983768,3.321354600377413e-05,0.017750000000000002,1800.0
1967.0273494752064,0.016434346925077,0.0015170518358287,0.017750000000000002,1800.0
1967.127892020525,0.0162320693679279,0.0029600027290783,0.017750000000000002,1800.0
1967.2284526856556,0.0158999828306066,0.0044183042930585,0.017750000000000002,1800.0
1967.329011205019,0.0154172934525626,0.0058731900737731,0.017750000000000002,1800.0
1967.4295842679157,0.0148186588079618,0.0072436232357296,0.017750000000000002,1800.0
1967.5301561387196,0.0140854664924114,0.0085733559514327,0.017750000000000002,1800.0
1967.6206660302296,0.013323363198911,0.009710895557068,0.017750000000000002,1800.0
1967.721227410616,0.0125033491339711,0.0107650307184433,0.017750000000000002,1800.0
1967.8218939335957,0.0117156211471712,0.0116148209826518,0.017750000000000002,1800.0
1967.9224517377033,0.0107416880382141,0.0125033908154503,0.017750000000000002,1800.0
1968.0243670972004,0.0095258253777774,0.013461725574984,0.017750000000000002,1800.0
1968.1255793603077,0.0082741614199393,0.0142710555086573,0.017750000000000002,1800.0
1968.2261514695301,0.0068934054695444,0.0149885033636172,0.017750000000000002,1800.0
1968.326718810381,0.0054850667502477,0.0155661567083327,0.017750000000000002,1800.0
1968.427312615694,0.0041211148727775,0.0159845743601521,0.017750000000000002,1800.0
1968.5278792412892,0.0025653678658462,0.0162972794443485,0.017750000000000002,1800.0
1968.6284425290241,0.0011202402744078,0.0164551196759364,0.017750000000000002,1800.0
1968.7289516957417,-0.0004251877325938,0.0164827170148078,0.017750000000000002,1800.0
1968.829523804964,-0.0019152434156772,0.0163774575966195,0.017750000000000002,1800.0
1968.9300901921406,-0.0033634957032158,0.0161382067124243,0.017750000000000002,1800.0
1969.0206115277424,-0.0046022696566197,0.0158332651159038,0.017750000000000002,1800.0
1969.1211681397572,-0.005831991330427,0.0154332683699773,0.017750000000000002,1800.0
1969.2219488652363,-0.0069790471729847,0.014946852482667,0.017750000000000002,1800.0
1969.3256115944996,-0.0083270435274583,0.0142392318641806,0.017750000000000002,1800.0
1969.426179173769,-0.0096179537364022,0.0134033501137957,0.017750000000000002,1800.0
1969.5267694028034,-0.010756212910321,0.0125180607618073,0.017750000000000002,1800.0
1969.6273474724903,-0.0118709233728996,0.0114448897991005,0.017750000000000002,1800.0
1969.727916005434,-0.012866477997501,0.0103215154702205,0.017750000000000002,1800.0
1969.8285474808827,-0.0137571300666478,0.0090981751730474,0.017750000000000002,1800.0
1969.9249167473927,-0.0145112989022714,0.0078242045576684,0.017750000000000002,1800.0
1970.0254831345692,-0.0151687733628171,0.0064481748324618,0.017750000000000002,1800.0
1970.1260538132801,-0.0156892829489296,0.0050742044810666,0.017750000000000002,1800.0
1970.2266242535725,-0.0160828590311775,0.0036367326994458,0.017750000000000002,1800.0
1970.3271987469807,-0.0163498824761262,0.002135147245062,0.017750000000000002,1800.0
1970.4277234109059,-0.0164758457578787,0.0006772134584623,0.017750000000000002,1800.0
1970.5282771618977,-0.0164825422797416,-0.0008735578383522,0.017750000000000002,1800.0
1970.6288206608906,-0.0163316875050509,-0.0023306532839608,0.017750000000000002,1800.0
1970.7293298276081,-0.0160436741229491,-0.0038686673609589,0.017750000000000002,1800.0
1970.8298847706928,-0.0156251940430335,-0.0053230504611573,0.017750000000000002,1800.0
1970.9203870328083,-0.0151399620782651,-0.0065403442170058,0.017750000000000002,1800.0
1971.02093911487,-0.0144708304932362,-0.0078905278092678,0.017750000000000002,1800.0
1971.1214573414936,-0.0136990633015161,-0.009181416181458,0.017750000000000002,1800.0
1971.2220518620625,-0.0128056807797034,-0.0103842578572623,0.017750000000000002,1800.0
1971.3227655919209,-0.0118062161211318,-0.0115076255946755,0.017750000000000002,1800.0
1971.423342946352,-0.0106985368076073,-0.0125463948610809,0.017750000000000002,1800.0
1971.5239052804127,-0.0094763158962734,-0.0134966484475664,0.017750000000000002,1800.0
1971.624419692339,-0.0081989115897807,-0.0143157702868464,0.017750000000000002,1800.0
1971.7249450715199,-0.006947947570748,-0.0149660372224376,0.017750000000000002,1800.0
1971.825525286974,-0.0056260431708071,-0.0155233591611937,0.017750000000000002,1800.0
1971.92620921451,-0.0045944033434851,-0.0158580654092361,0.017750000000000002,1800.0
1972.0267701180592,-0.003213560311222,-0.0161810165515056,0.017750000000000002,1800.0
1972.1272993119373,-0.0023359005255988,-0.0163402011605687,0.017750000000000002,1800.0
1972.2278468640461,-0.0021139999999999,-0.0163769999999999,0.017750000000000002,1800.0
1972.3292155297413,-0.0022680589712482,-0.0161161782219266,0.017750000000000002,1800.0
1972.429786923708,-0.0044094825993331,-0.012489329716827,0.017750000000000002,1800.0
1972.520304206194,-0.0075289151658038,-0.0072059734650191,0.017750000000000002,1800.0
1972.623856070818,-0.0098112688086601,-0.0033403430252776,0.017750000000000002,1800.0
1972.724424365343,-0.0098249999999999,-0.0033169999999999,0.017750000000000002,1800.0
1972.8249440224781,-0.0098429854343341,-0.0032541718903133,0.017750000000000002,1800.0
1972.9255049260273,-0.009974593516728,-0.002756047149323,0.017750000000000002,1800.0
1973.0260753663197,-0.0102765436917157,-0.0013224387129583,0.017750000000000002,1800.0
1973.1266284020558,-0.0103487212839256,0.0001215119604435,0.017750000000000002,1800.0
1973.227196696581,-0.0102059271203431,0.0016616149609352,0.017750000000000002,1800.0
1973.327762130083,-0.0098627254976987,0.0031215236376263,0.017750000000000002,1800.0
1973.4282996686115,-0.0092714269950562,0.004547518453597,0.017750000000000002,1800.0
1973.5288226636067,-0.0085269751626821,0.0058395150059434,0.017750000000000002,1800.0
1973.629417422594,-0.0075888444884605,0.0070065975225939,0.017750000000000002,1800.0
1973.730274680437,-0.0065030616311691,0.0080270112606119,0.017750000000000002,1800.0
1973.8210203679218,-0.0054425076914493,0.0087886766748798,0.017750000000000002,1800.0
1973.9257295163288,-0.0040315948332948,0.009525866613606,0.017750000000000002,1800.0
1974.0262928040638,-0.0025559124220167,0.0100263438598497,0.017750000000000002,1800.0
1974.1268641980305,-0.0010797926491761,0.0102997589464438,0.017750000000000002,1800.0
1974.2274267705097,0.0004474711688072,0.0103473122845283,0.017750000000000002,1800.0
1974.3279697926655,0.0018433342931934,0.0101667640513246,0.017750000000000002,1800.0
1974.4285264046803,0.0032963241053133,0.00979947410813,0.017750000000000002,1800.0
1974.5227282078877,0.004591599324805,0.0092533950000491,0.017750000000000002,1800.0
1974.6232905419483,0.0059340256219408,0.0084580705507446,0.017750000000000002,1800.0
1974.723858598055,0.0071034641820622,0.0075058695520063,0.017750000000000002,1800.0
1974.8244390519276,0.0081024910031066,0.006398788229779,0.017750000000000002,1800.0
1974.9250032933369,0.008973277018528,0.0051489596687024,0.017750000000000002,1800.0
1975.0255684884205,0.0095998245684249,0.0038273230407382,0.017750000000000002,1800.0
1975.1261146100178,0.010054187931323,0.0024181323573979,0.017750000000000002,1800.0
1975.2266383202686,0.0103165696718373,0.0008819954379636,0.017750000000000002,1800.0
1975.3271987469807,0.0103361307258848,-0.0006319245591689,0.017750000000000002,1800.0
1975.4277594121113,0.0101427803404478,-0.0021347666898389,0.017750000000000002,1800.0
1975.5283439190998,0.0097217309777294,-0.0035369146250412,0.017750000000000002,1800.0
1975.628894093813,0.0091045074917524,-0.0048937734752078,0.017750000000000002,1800.0
1975.729448798479,0.0083098602916859,-0.0061554272595907,0.017750000000000002,1800.0
1975.8215432198658,0.0074042205922475,-0.0072011215708719,0.017750000000000002,1800.0
1975.9230225117817,0.0062437326270725,-0.0082276629848971,0.017750000000000002,1800.0
1976.0236132176533,0.0049804809347133,-0.0090580608564257,0.017750000000000002,1800.0
1976.124151233019,0.0036158481166865,-0.0096773679367713,0.017750000000000002,1800.0
1976.2247259648457,0.0021400052665848,-0.0101127814290691,0.017750000000000002,1800.0
1976.3252835305348,0.0006668442127602,-0.0103236469989383,0.017750000000000002,1800.0
1976.4258413346424,-0.0008348464411392,-0.0103200921800147,0.017750000000000002,1800.0
1976.5264108212605,-0.0023284267870288,-0.0100928395438623,0.017750000000000002,1800.0
1976.6269893677845,-0.0037396635604498,-0.0096483513093592,0.017750000000000002,1800.0
1976.7275533707752,-0.0051261212780185,-0.0089843457846574,0.017750000000000002,1800.0
1976.8281192811146,-0.0063526303833303,-0.0081598376912871,0.017750000000000002,1800.0
1976.9286797078266,-0.0074253478857304,-0.007125754142374,0.017750000000000002,1800.0
1977.0292606385365,-0.0083840725915255,-0.0060001844046091,0.017750000000000002,1800.0
1977.129846814455,-0.0091791859116755,-0.0047359858425699,0.017750000000000002,1800.0
1977.224411967577,-0.0096566797337961,-0.003742784034921,0.017750000000000002,1800.0
1977.325165513338,-0.0098249999999999,-0.0033169999999999,0.017750000000000002,1800.0
1977.4257202180042,-0.0096740870535031,-0.0033983466090354,0.017750000000000002,1800.0
1977.526278022112,-0.008175184775052,-0.0042061971835796,0.017750000000000002,1800.0
1977.6268377335682,-0.0014833241635268,-0.0078126231928895,0.017750000000000002,1800.0
1977.7273938687458,0.0052185448291036,-0.0114244365712096,0.017750000000000002,1800.0
1977.827971223177,0.0074075107667631,-0.0126041085517555,0.017750000000000002,1800.0
1977.9285421403065,0.007604,-0.0127099999999999,0.017750000000000002,1800.0
1978.029111865343,0.007607619504429,-0.0127076780537624,0.017750000000000002,1800.0
1978.1296787293568,0.0082742507580059,-0.0122651349764809,0.017750000000000002,1800.0
1978.2202186616078,0.0092671028153838,-0.0115154884382501,0.017750000000000002,1800.0
1978.3208184273853,0.0104089350177071,-0.0104955283381187,0.017750000000000002,1800.0
1978.4213948281422,0.011438006430477,-0.0093716998548384,0.017750000000000002,1800.0
1978.5219657452717,0.0123126514324145,-0.0081906889890859,0.017750000000000002,1800.0
1978.621312144579,0.0130822640395972,-0.0069140860007487,0.017750000000000002,1800.0
1978.7228758366718,0.0137415765268917,-0.0055045209959924,0.017750000000000002,1800.0
1978.8234522374287,0.0141792230134114,-0.0042771965901982,0.017750000000000002,1800.0
1978.9240305455342,0.0144739312926308,-0.0030941141499793,0.017750000000000002,1800.0
1979.024591687502,0.0146984769927378,-0.0016747566215726,0.017750000000000002,1800.0
1979.1251578362599,0.0147879385220859,-0.0001345292172782,0.017750000000000002,1800.0
1979.2257287533894,0.0147199747569501,0.0013793588213637,0.017750000000000002,1800.0
1979.3273847134724,0.0145461711422046,0.002705207796078,0.017750000000000002,1800.0
1979.4279587300434,0.014306089213176,0.003789741078626,0.017750000000000002,1800.0
1979.5284783871784,0.0139713135170938,0.0048720521679682,0.017750000000000002,1800.0
1979.6290450127735,0.0134435908054313,0.0061516978756773,0.017750000000000002,1800.0
1979.7295863659992,0.0127401087703858,0.0075046953161976,0.017750000000000002,1800.0
1979.8301641972675,0.0119359370470823,0.0087372051296973,0.017750000000000002,1800.0
1979.9206724198475,0.0110959392555331,0.0097923843694051,0.017750000000000002,1800.0
1980.021238807024,0.010030862760834,0.0108837175481413,0.017750000000000002,1800.0
1980.1217989953175,0.0088754282391846,0.0118348961815491,0.017750000000000002,1800.0
1980.2223598988667,0.007589941674098,0.0126920527252299,0.017750000000000002,1800.0
1980.3239953549519,0.0062391650747434,0.013409082337641,0.017750000000000002,1800.0
1980.4245770009175,0.0048285504368608,0.0139736185595096,0.017750000000000002,1800.0
1980.5251472027912,0.0033859726086073,0.0143903417981182,0.017750000000000002,1800.0
1980.6257171662464,0.0019115748802591,0.0146555323059905,0.017750000000000002,1800.0
1980.7262990506306,0.0004193949631719,0.0147836963781407,0.017750000000000002,1800.0
1980.827029708208,-0.0010614949155658,0.0147468801241498,0.017750000000000002,1800.0
1980.927601579012,-0.002559804429402,0.014565750538177,0.017750000000000002,1800.0
1981.0281703503742,-0.0040760925504444,0.0142225441358201,0.017750000000000002,1800.0
1981.129528525652,-0.005501245854223,0.0137405780646222,0.017750000000000002,1800.0
1981.2300910981312,-0.0068302466924388,0.0131334364969238,0.017750000000000002,1800.0
1981.3206179173603,-0.0079898956493306,0.012452527400348,0.017750000000000002,1800.0
1981.4211907418385,-0.0092244769651145,0.0115597308637471,0.017750000000000002,1800.0
1981.5217583211079,-0.0103641673772555,0.0105432087293526,0.017750000000000002,1800.0
1981.6223304303303,-0.0113716872391644,0.0094494197499847,0.017750000000000002,1800.0
1981.7240281136646,-0.0122819226182421,0.0082245677370569,0.017750000000000002,1800.0
1981.8245983155384,-0.01306629380172,0.0069102018723849,0.017750000000000002,1800.0
1981.9251604111805,-0.0137084241450917,0.0055330526812784,0.017750000000000002,1800.0
1982.02573132831,-0.0141701460029148,0.004273044143598,0.017750000000000002,1800.0
1982.126302007021,-0.0144216113942313,0.0032971839436226,0.017750000000000002,1800.0
1982.2268633874073,-0.0146777819389398,0.0018873576988077,0.017750000000000002,1800.0
1982.3274350197926,-0.0148033001102922,0.0003158965617272,0.017750000000000002,1800.0
1982.428014519991,-0.014756912674841,-0.0011623353536843,0.017750000000000002,1800.0
1982.5285882981434,-0.0145563202048271,-0.0026629237511692,0.017750000000000002,1800.0
1982.6291723282948,-0.0143262733163058,-0.0037170580184481,0.017750000000000002,1800.0
1982.7297458680287,-0.013915740205148,-0.0049908749384626,0.017750000000000002,1800.0
1982.8217332394734,-0.0134200322185062,-0.0062177334746731,0.017750000000000002,1800.0
1982.9223010571613,-0.0127334231523782,-0.007516967464001,0.017750000000000002,1800.0
1983.0228648217335,-0.011888742275941,-0.0087870775714073,0.017750000000000002,1800.0
1983.1237630875721,-0.0109248414217654,-0.0099668446238241,0.017750000000000002,1800.0
1983.2243375809803,-0.0098744675547633,-0.0110097520263341,0.017750000000000002,1800.0
1983.3249125512257,-0.0086929050617929,-0.011978746547346,0.017750000000000002,1800.0
1983.4254817994251,-0.0074420543033204,-0.0127969757381751,0.017750000000000002,1800.0
1983.5260458024159,-0.0060923946430013,-0.013499915344309,0.017750000000000002,1800.0
1983.626562598528,-0.0047291085977076,-0.0140218976566158,0.017750000000000002,1800.0
1983.7271270783558,-0.003237532060172,-0.014440633566019,0.017750000000000002,1800.0
1983.8277049096241,-0.001715243774924,-0.0146839008549965,0.017750000000000002,1800.0
1983.9282803567066,-0.0002564977954808,-0.0147907616619835,0.017750000000000002,1800.0
1984.0288374455586,0.0012549218975572,-0.0147308457340012,0.017750000000000002,1800.0
1984.1294143231526,0.002748989874404,-0.0145269665015683,0.017750000000000002,1800.0
1984.22073006946,0.0040612822703411,-0.014222645376722,0.017750000000000002,1800.0
1984.321310284914,0.0054804409558946,-0.0137339385245546,0.017750000000000002,1800.0
1984.4254272015705,0.0068026094684281,-0.0131484393809357,0.017750000000000002,1800.0
1984.5259819062367,0.007604,-0.0127099999999999,0.017750000000000002,1800.0
1984.6279668839588,0.0076010649988481,-0.0127086373208937,0.017750000000000002,1800.0
1984.728539708437,0.007552292879115,-0.0126859931224462,0.017750000000000002,1800.0
1984.829101804079,0.0020652543676513,-0.0101313070468282,0.017750000000000002,1800.0
1984.9296703370228,-0.0047287743460995,-0.0069680996872886,0.017750000000000002,1800.0
1985.023879054369,-0.0095263243855588,-0.0047343955328397,0.017750000000000002,1800.0
1985.1244463952198,-0.0114429999999999,-0.003842,0.017750000000000002,1800.0
1985.2249777348652,-0.0115517961237711,-0.0034578294001355,0.017750000000000002,1800.0
1985.3255205186024,-0.0118117244609263,-0.0023259232162973,0.017750000000000002,1800.0
1985.4260988267079,-0.0120150464866967,-0.0007925577194113,0.017750000000000002,1800.0
1985.526669982256,-0.0120254647916941,0.0006754834846151,0.017750000000000002,1800.0
1985.6272218258991,-0.0118557087893141,0.0021292476973518,0.017750000000000002,1800.0
1985.7277822526112,-0.0115009902311308,0.0036164146064641,0.017750000000000002,1800.0
1985.8283474476948,-0.0109587543003128,0.0050377217604639,0.017750000000000002,1800.0
1985.928912881197,-0.0102575913910274,0.0063427120696668,0.017750000000000002,1800.0
1986.029473307909,-0.0093577553481829,0.0075836501224748,0.017750000000000002,1800.0
1986.1199746163502,-0.0084324700160457,0.0085817550359498,0.017750000000000002,1800.0
1986.220485928835,-0.007283306508414,0.0095766253124887,0.017750000000000002,1800.0
1986.323518279375,-0.0060013535823605,0.0104386140530279,0.017750000000000002,1800.0
1986.4240913422718,-0.0046515494136698,0.0111045550066956,0.017750000000000002,1800.0
1986.5246293576374,-0.0032221298160306,0.0115991372009942,0.017750000000000002,1800.0
1986.625200274767,-0.0017653303837864,0.0119096125664246,0.017750000000000002,1800.0
1986.7257812054768,-0.0002814111501268,0.0120379197828704,0.017750000000000002,1800.0
1986.8263547452107,0.0011962750574631,0.0119987815215034,0.017750000000000002,1800.0
1986.9269242318287,0.0026661807391108,0.0117688195204388,0.017750000000000002,1800.0
1987.0275211365833,0.0041156418467239,0.0113333591018426,0.017750000000000002,1800.0
1987.1281068356648,0.0055235900889673,0.0107027586318065,0.017750000000000002,1800.0
1987.2287097008839,0.0067943612550178,0.0099414607535703,0.017750000000000002,1800.0
1987.3292777569905,0.0079641759210315,0.0090264107286511,0.017750000000000002,1800.0
1987.4198024304524,0.0089374983132737,0.0080631883949193,0.017750000000000002,1800.0
1987.5203757317677,0.0098829843227742,0.0068703739463952,0.017750000000000002,1800.0
1987.6209211381092,0.0106535391530621,0.0056040584743604,0.017750000000000002,1800.0
1987.723425153078,0.0112708384024039,0.0042225150464564,0.017750000000000002,1800.0
1987.8240089448109,0.0117303174472146,0.0027276861505573,0.017750000000000002,1800.0
1987.9245770009175,0.0119949955050515,0.0012263089151002,0.017750000000000002,1800.0
1988.0251545937672,0.0120570812213177,-0.0002522818546493,0.017750000000000002,1800.0
1988.1257357628956,0.0119318968024904,-0.0017118937673358,0.017750000000000002,1800.0
1988.2262606652394,0.0116207932876102,-0.0031869763939698,0.017750000000000002,1800.0
1988.3276395829334,0.0111067933850082,-0.00466498137341,0.017750000000000002,1800.0
1988.4282119305744,0.0104389587823056,-0.0060061542105968,0.017750000000000002,1800.0
1988.5287911923542,0.009642490597833,-0.007218363636095,0.017750000000000002,1800.0
1988.6293616326466,0.0086676204940612,-0.0083479955155284,0.017750000000000002,1800.0
1988.719893935503,0.0076630959526291,-0.0092745632378966,0.017750000000000002,1800.0
1988.8204641373768,0.0064292973461831,-0.0101760639974721,0.017750000000000002,1800.0
1988.9209721120014,0.0050749341039451,-0.0109287080702994,0.017750000000000002,1800.0
1989.024239304842,0.0036358046258992,-0.0114854766424941,0.017750000000000002,1800.0
1989.1248118909016,0.002159139933794,-0.0118545075082757,0.017750000000000002,1800.0
1989.2253861458912,0.0006797336171894,-0.0120368201532255,0.017750000000000002,1800.0
1989.3259277375355,-0.0008345650985647,-0.0120228297913644,0.017750000000000002,1800.0
1989.4265091450825,-0.0022619064179839,-0.0118389999234521,0.017750000000000002,1800.0
1989.527063134493,-0.0037245126099116,-0.0114618249164207,0.017750000000000002,1800.0
1989.6233792336598,-0.0050361686303498,-0.010933955090306,0.017750000000000002,1800.0
1989.7239625485554,-0.0063865902349145,-0.0101963277922829,0.017750000000000002,1800.0
1989.8245914013996,-0.0076446946940076,-0.0092894835497228,0.017750000000000002,1800.0
1989.9251146348133,-0.0087538374820706,-0.008262934115825,0.017750000000000002,1800.0
1990.0256810219898,-0.0097058900900989,-0.0071430808405079,0.017750000000000002,1800.0
1990.1262099774494,-0.0104780655708604,-0.0059332287253534,0.017750000000000002,1800.0
1990.2267875702992,-0.0111077652590702,-0.0046862066730053,0.017750000000000002,1800.0
1990.3273513348713,-0.0114429999999999,-0.003842,0.017750000000000002,1800.0
1990.4279265435352,-0.0114429999999999,-0.003842,0.017750000000000002,0.0
