918.9746222311849,-0.0071669999999999,-0.0260533999999999,0.00852,0.0
919.075179796874,-0.0071778024233252,-0.0259927808966303,0.00852,0.0
919.175753813445,-0.0072507791620477,-0.0255829279804952,0.00852,0.0
919.2762868220204,-0.0074522212345193,-0.0244511384942405,0.00852,0.0
919.3768691832418,-0.0076554627802166,-0.0233090509823043,0.00852,0.0
919.4774324709767,-0.0078609423771241,-0.0221543870538216,0.00852,0.0
919.5679499918813,-0.0080451014014211,-0.0211195311087026,0.00852,0.0
919.6685154253835,-0.0082510713323951,-0.0199625323041849,0.00852,0.0
919.7690768057698,-0.0084585924583115,-0.0187965421604561,0.00852,0.0
919.8727385813588,-0.0086690470387555,-0.017613922006047,0.00852,0.0
919.9733032996053,-0.0088751329812639,-0.0164558531576425,0.00852,0.0
920.0738668257588,-0.0090514329025483,-0.015465193118239,0.00852,0.0
920.1743981654042,-0.0091419999999999,-0.0149561914816678,0.00852,0.0
920.2749895865315,-0.0091419999999999,-0.0149559999999999,0.00852,0.0
920.3755564505452,-0.0090426363487036,-0.015015178266566,0.00852,1800.0
920.4761233145589,-0.0085379199879154,-0.015305107505651,0.00852,1800.0
920.576766949355,-0.0072680747106586,-0.0159464715117252,0.00852,1800.0
920.6773378664845,-0.0058542294293799,-0.0165170091370683,0.00852,1800.0
920.7779083067769,-0.0044194769408546,-0.0169539501300114,0.00852,1800.0
920.8684181982869,-0.0030957362695267,-0.0172396933003693,0.00852,1800.0
920.9689869696492,-0.0015606228111221,-0.0174382005752835,0.00852,1800.0
921.0695559794301,-5.72228445767653e-05,-0.0175130356892924,0.00852,1800.0
921.170115929305,0.0014460814370149,-0.0174498300760321,0.00852,1800.0
921.2749807650441,0.0030399649902453,-0.0172428932433027,0.00852,1800.0
921.3755488211507,0.0045015897543869,-0.016923597734142,0.00852,1800.0
921.4761395270223,0.0058896416071304,-0.0164995894022236,0.00852,1800.0
921.5766846949452,0.0073036965918757,-0.0159226140068442,0.00852,1800.0
921.6772479826802,0.0086163054767485,-0.0152528401342703,0.00852,1800.0
921.7778162772054,0.0099391427139781,-0.014436500080884,0.00852,1800.0
921.8683273608083,0.0110452528280348,-0.0136042349261032,0.00852,1800.0
921.9688982779378,0.0121456498526758,-0.0126174449629289,0.00852,1800.0
922.06946371144,0.0131953743406337,-0.0115085247711697,0.00852,1800.0
922.1700458342427,0.0141439455901017,-0.0103259197952659,0.00852,1800.0
922.2706115061635,0.014967454506995,-0.0090947501455648,0.00852,1800.0
922.3711767012471,0.0156856301438336,-0.0077732568094943,0.00852,1800.0
922.4717488104695,0.0162833942238581,-0.0064463746416235,0.00852,1800.0
922.5770716482991,0.0167250362405516,-0.0051939965215647,0.00852,1800.0
922.6679880434865,0.0170140487788971,-0.0041664033618024,0.00852,1800.0
922.7685518080586,0.0172565792470839,-0.0030266629544782,0.00852,1800.0
922.8691201025838,0.0174107544336789,-0.001958991164534,0.00852,1800.0
922.9696597868794,0.0174999785204084,-0.000850656423778,0.00852,1800.0
923.0702423865193,0.0175015557140563,0.0006539722232783,0.00852,1800.0
923.1753072554463,0.017422988346926,0.0018012974071013,0.00852,1800.0
923.2758571917409,0.0172821539948315,0.0028577075812348,0.00852,1800.0
923.37641475743,0.0170455048939899,0.004014453036646,0.00852,1800.0
923.476961594283,0.0167254185309182,0.0051827685554131,0.00852,1800.0
923.5775065237874,0.0162884490903333,0.006425859804246,0.00852,1800.0
923.6680204684133,0.0157654172235189,0.0076308401995733,0.00852,1800.0
923.7685596758718,0.0150689146584458,0.0089330719972489,0.00852,1800.0
923.8691246325368,0.014219963279301,0.0102280980428894,0.00852,1800.0
923.969690066039,0.0132645487254137,0.011447166487262,0.00852,1800.0
924.0702786261434,0.0123006422399609,0.0124880399275702,0.00852,1800.0
924.1708497816915,0.0111592530581969,0.0135091397123453,0.00852,1800.0
924.2714054400319,0.0099177037598676,0.0144395674874955,0.00852,1800.0
924.3719761187429,0.0086732087727996,0.0152168092163007,0.00852,1800.0
924.4725458437795,0.0072976133453215,0.0159209744198838,0.00852,1800.0
924.5682961756581,0.0059885750085501,0.0164576827480391,0.00852,1800.0
924.6688568407887,0.0045630233353665,0.0169037197175611,0.00852,1800.0
924.7694248968953,0.0030800884174193,0.0172365219960119,0.00852,1800.0
924.869952660262,0.0015833414051085,0.017440084820911,0.00852,1800.0
924.9705047423238,5.038384822808606e-05,0.01751544037039,0.00852,1800.0
925.0710739905232,-0.0014454450256293,0.0174636506718012,0.00852,1800.0
925.1716656500691,-0.0028657311633446,0.0172896189195085,0.00852,1800.0
925.2722396666402,-0.0043605984099356,0.0169758375564637,0.00852,1800.0
925.3727907950276,-0.0058596691170905,0.0165111291267026,0.00852,1800.0
925.4733743483418,-0.0072261129698532,0.0159597574158512,0.00852,1800.0
925.5739505106801,-0.008583100355171,0.0152650610525875,0.00852,1800.0
925.6745307261342,-0.009834299096969,0.0144899645380494,0.00852,1800.0
925.7751102263326,-0.0110436001005087,0.0135875919254055,0.00852,1800.0
925.8756875807637,-0.0121656333512323,0.0125921142224291,0.00852,1800.0
925.9688038641805,-0.0131207120629003,0.0115957929329108,0.00852,1800.0
926.0693692976827,-0.0140864967377039,0.0104076085354956,0.00852,1800.0
926.1699287707204,-0.01493384106339,0.0091538446778844,0.00852,1800.0
926.2705085093373,-0.0156911388944689,0.0078016660310554,0.00852,1800.0
926.3710195834035,-0.0162915943426889,0.0064595870240945,0.00852,1800.0
926.4715878779286,-0.0165969021063093,0.0056475781549491,0.00852,1800.0
926.572141867339,-0.0169905183466729,0.0042533697908707,0.00852,1800.0
926.672659855544,-0.0172876769324746,0.0027953206758314,0.00852,1800.0
926.7732229048604,-0.0174428076269791,0.0015703399561905,0.00852,1800.0
926.8737995440358,-0.017504931819342,0.0002897812353268,0.00852,1800.0
926.9743628317708,-0.0174964836306915,-0.0008757122150874,0.00852,1800.0
927.0749409014577,-0.0173849658030232,-0.0020690549260861,0.00852,1800.0
927.1755299383992,-0.0171545898174104,-0.0035044426935778,0.00852,1800.0
927.2779993826741,-0.0167831182884546,-0.0050049392489262,0.00852,1800.0
927.3684217745656,-0.0163976348721917,-0.0061788261776537,0.00852,1800.0
927.4689822012776,-0.0160401352021506,-0.0070602817228506,0.00852,1800.0
927.5695404822225,-0.0153866623270798,-0.0083853526126534,0.00852,1800.0
927.679164391219,-0.0145210993806693,-0.0098066091454857,0.00852,1800.0
927.7696673685903,-0.0137195278406449,-0.0108945385218864,0.00852,1800.0
927.8702909762258,-0.0127231263330203,-0.0120349181785092,0.00852,1800.0
927.9710039908284,-0.0116446187837127,-0.0130811028065569,0.00852,1800.0
928.0715682322377,-0.0104807917665993,-0.0140252300262438,0.00852,1800.0
928.1721346194142,-0.0095294828450412,-0.0147041410468925,0.00852,1800.0
928.2726697737569,-0.0091419999999999,-0.0149559999999999,0.00852,1800.0
928.3732354456777,-0.0091070606174642,-0.0148778336279948,0.00852,1800.0
928.4738073164815,-0.0082194058063022,-0.0128927855134068,0.00852,1800.0
928.5743815714711,-0.00598040055806,-0.0078859034699564,0.00852,1800.0
928.6749474818105,-0.005751,-0.007373,0.00852,1800.0
928.7755236441487,-0.0059734518163956,-0.007182685272737,0.00852,1800.0
928.8761050516957,-0.0069827063463202,-0.0061770669697409,0.00852,1800.0
928.9766866976613,-0.0078797564337552,-0.0049766604340298,0.00852,1800.0
929.0718362147206,-0.008522472145007,-0.0037405839136496,0.00852,1800.0
929.1724006945485,-0.0090009542197754,-0.0022971554374426,0.00852,1800.0
929.2729561144704,-0.0092702097963049,-0.0007972008584892,0.00852,1800.0
929.3735220248097,-0.0092816538974263,0.0006746160120355,0.00852,1800.0
929.4740867430562,-0.0090614415340812,0.0021388410069561,0.00852,1800.0
929.5746655279988,-0.0086063043671486,0.0035746535293038,0.00852,1800.0
929.6752500349874,-0.0079016617869864,0.0049365270228794,0.00852,1800.0
929.7758006865377,-0.0070057830296774,0.0061600868196425,0.00852,1800.0
929.8763849551076,-0.0059760065069389,0.0071759498234914,0.00852,1800.0
929.9769587332601,-0.0047780988246756,0.008064615981083,0.00852,1800.0
930.0774960333699,-0.0033979815523024,0.008689559577363,0.00852,1800.0
930.1680068785543,-0.0021135252087145,0.0090636670436409,0.00852,1800.0
930.2685882861012,-0.0006245604462249,0.0092902096713355,0.00852,1800.0
930.369170408904,0.000918013065067,0.0092590475903016,0.00852,1800.0
930.4716825301045,0.0024142000736373,0.0089915703660216,0.00852,1800.0
930.573137741744,0.0038008373438406,0.008496040294913,0.00852,1800.0
930.6736986452931,0.0051331959987746,0.0077668624992634,0.00852,1800.0
930.7742287928456,0.0063483856244518,0.0068209413395312,0.00852,1800.0
930.874785643279,0.0073928715214528,0.0056873408328513,0.00852,1800.0
930.9753403479451,0.008199044063095,0.0044556291170159,0.00852,1800.0
931.0758993441457,0.0088252879695305,0.0030628328046077,0.00852,1800.0
931.1764354521627,0.0091739055970845,0.0016878557816776,0.00852,1800.0
931.2770154291982,0.0093094656352033,0.0001402721056182,0.00852,1800.0
931.3675272280568,0.0092323271155911,-0.0011986789045552,0.00852,1800.0
931.4680633360738,0.0089124367529761,-0.0026719861787277,0.00852,1800.0
931.5686211401814,0.0083516642339972,-0.0040936220330873,0.00852,1800.0
931.669184666335,0.0075974626494167,-0.0053963767592292,0.00852,1800.0
931.7764086539144,0.006562650594372,-0.0066002406328569,0.00852,1800.0
931.8769733721608,0.0054242335079227,-0.0075708061971866,0.00852,1800.0
931.9674539381856,0.0042847132483338,-0.0082890950891108,0.00852,1800.0
932.0686862284535,0.0028698082732879,-0.0088850844564213,0.00852,1800.0
932.1692366415853,0.0014945358958858,-0.0092156910011276,0.00852,1800.0
932.2766730601186,-0.0001221047042928,-0.0093372655792089,0.00852,1800.0
932.3772363478536,-0.0016192556354125,-0.0091825892063256,0.00852,1800.0
932.467750530898,-0.0029767341022208,-0.0088214915754624,0.00852,1800.0
932.5682835394734,-0.0043428649667715,-0.0082401201436083,0.00852,1800.0
932.6688875967855,-0.0053353702759307,-0.0076591807345434,0.00852,1800.0
932.7709593588704,-0.0057509999999999,-0.007373,0.00852,1800.0
932.871529083907,-0.0056895331529477,-0.007410224850691,0.00852,1800.0
932.9720709139699,-0.0038241594154913,-0.0085389442000333,0.00852,1800.0
933.0726413542623,0.001828900817245,-0.0119594018780894,0.00852,1800.0
933.1732156092519,0.0061112215668278,-0.0145505174949098,0.00852,1800.0
933.2738017851705,0.006165,-0.014583,0.00852,1800.0
933.3743543440694,0.0061691450145979,-0.0145811253324492,0.00852,1800.0
933.4749426657552,0.0065970316985642,-0.0143876048362295,0.00852,1800.0
933.5755157286519,0.007844789826555,-0.0137320403916718,0.00852,1800.0
933.6760783011312,0.0090745672913721,-0.0129499080516027,0.00852,1800.0
933.771702748,0.0101962976493111,-0.0120739430352785,0.00852,1800.0
933.8722739035481,0.0113215228077561,-0.0110404334431639,0.00852,1800.0
933.9728298003072,0.0123103201397227,-0.0099149706271876,0.00852,1800.0
934.0734157378072,0.0131151524645554,-0.0088383822697205,0.00852,1800.0
934.173976879775,0.0137269432790642,-0.0078537787335991,0.00852,1800.0
934.2745265776509,0.0143168682612553,-0.0067081841017855,0.00852,1800.0
934.375093203246,0.0149207223212393,-0.0052567894215385,0.00852,1800.0
934.4756719881887,0.0153550359374877,-0.0038055865071533,0.00852,1800.0
934.5762421900624,0.015648344352235,-0.0023525532195268,0.00852,1800.0
934.6768314654225,0.0157887400981849,-0.000840454622175,0.00852,1800.0
934.7774064356679,0.0157991134683309,0.0006785727063399,0.00852,1800.0
934.8693523222798,0.0156819841241006,0.0020013460191479,0.00852,1800.0
934.9699055964345,0.0154526814098919,0.0033387952329543,0.00852,1800.0
935.0704726988668,0.0151247709834533,0.004599624288775,0.00852,1800.0
935.1719417387837,0.0146691408366506,0.0058953296851104,0.00852,1800.0
935.2725035960073,0.0140788778894548,0.0072011146740092,0.00852,1800.0
935.3730523402089,0.013436758814802,0.0083481774767277,0.00852,1800.0
935.473614435851,0.0127941900006042,0.0092943428329779,0.00852,1800.0
935.574174862563,0.0118550597955215,0.0104768331425373,0.00852,1800.0
935.6747770125264,0.0108575908063985,0.0115184088259116,0.00852,1800.0
935.775354128539,0.0097327598103482,0.0124795676610015,0.00852,1800.0
935.8759391123647,0.0084588105793225,0.0133553024351399,0.00852,1800.0
935.9764790350789,0.007155469651588,0.014104508839217,0.00852,1800.0
936.0770585352773,0.0057564978802208,0.0147234129495402,0.00852,1800.0
936.1675858313436,0.0044510168060293,0.0151664803341057,0.00852,1800.0
936.2681739146108,0.0030040279629461,0.0155217540165571,0.00852,1800.0
936.368754606902,0.0015284113901128,0.0157336639893367,0.00852,1800.0
936.4693260008687,-5.945765992637631e-06,0.0158109920482803,0.00852,1800.0
936.5700268561238,-0.0015069673947614,0.0157451538294869,0.00852,1800.0
936.6706003958577,-0.0029928585065369,0.0155319502691807,0.00852,1800.0
936.771173697173,-0.0044370581601099,0.015193588618692,0.00852,1800.0
936.871917706191,-0.0058133119637043,0.0147186223297582,0.00852,1800.0
936.9826624209279,-0.007405961240415,0.0139820657228786,0.00852,1800.0
937.0731675440663,-0.008552735863243,0.0132975368278239,0.00852,1800.0
937.1737301165456,-0.0097892394307025,0.0124164756884468,0.00852,1800.0
937.2742917353505,-0.0109279598279629,0.0114249131490494,0.00852,1800.0
937.3748619372243,-0.0119330952989928,0.010375989096523,0.00852,1800.0
937.4754302317494,-0.0128580013138575,0.0091818090994917,0.00852,1800.0
937.5759453589314,-0.0137016119341014,0.0078990905695339,0.00852,1800.0
937.6765022093648,-0.0143719772632039,0.0065832383270011,0.00852,1800.0
937.7770068461293,-0.014941119679032,0.0051631730124634,0.00852,1800.0
937.8675076777333,-0.0153421754699234,0.0038745928181576,0.00852,1800.0
937.9680599982137,-0.0155590090698338,0.002923054907363,0.00852,1800.0
938.0686185175771,-0.0157487764176819,0.0014435665006823,0.00852,1800.0
938.1691434199208,-0.0158126004540818,-0.0001046818047279,0.00852,1800.0
938.2697350794667,-0.0157302363798402,-0.0016141454116884,0.00852,1800.0
938.3702995592946,-0.0155050808312103,-0.0030624078766741,0.00852,1800.0
938.4708161169881,-0.0151374835532447,-0.004542097896729,0.00852,1800.0
938.5724928194875,-0.0146364338458902,-0.0059714012866421,0.00852,1800.0
938.6730761343831,-0.0140075453924534,-0.0073224072319437,0.00852,1800.0
938.7736568266744,-0.0132255386605787,-0.0086607142542905,0.00852,1800.0
938.8742298895711,-0.0123316942041509,-0.0098942958239167,0.00852,1800.0
938.9748053366536,-0.0113556090318672,-0.0110133835703378,0.00852,1800.0
939.0753798300618,-0.0102763262477058,-0.0120304645723862,0.00852,1800.0
939.1759428793782,-0.0091313164518873,-0.0129247292115931,0.00852,1800.0
939.2765257174367,-0.0078241137887902,-0.0137589193674219,0.00852,1800.0
939.3770980650777,-0.0064568841512629,-0.0144417125134027,0.00852,1800.0
939.4676108176106,-0.0051735425980442,-0.0149397591878998,0.00852,1800.0
939.5682849699849,-0.0037603667815432,-0.015357269501996,0.00852,1800.0
939.6688570792073,-0.0022739699205698,-0.015641853994486,0.00852,1800.0
939.7696311289662,-0.0007775109307977,-0.0157903871396647,0.00852,1800.0
939.8701953703755,0.0006992412333771,-0.0157935617592826,0.00852,1800.0
939.970767479598,0.0022230409286587,-0.0156545206458303,0.00852,1800.0
940.0713343436116,0.0037249368217411,-0.0153690454317607,0.00852,1800.0
940.1719026381368,0.0051349013282931,-0.0149690881240788,0.00852,1800.0
940.2724811846608,0.006165,-0.014583,0.00852,1800.0
940.3730623537892,0.0022128921579538,-0.0127938756091673,0.00852,1800.0
940.4736528212422,-0.0041110683626924,-0.0099310062486072,0.00852,1800.0
940.5742225462789,-0.006588462249517,-0.0088094335215564,0.00852,1800.0
940.6748170668477,-0.0067969999999999,-0.0087149999999999,0.00852,1800.0
940.7653615290517,-0.0068597690379724,-0.0086613776342274,0.00852,1800.0
940.8659341151113,-0.0073471675373138,-0.0082075744933224,0.00852,1800.0
940.9665200526113,-0.0083968231744765,-0.0071314336064458,0.00852,1800.0
941.06853077954,-0.0093220669830703,-0.005890762664771,0.00852,1800.0
941.1690871531362,-0.0100284057856655,-0.0046141778061478,0.00852,1800.0
941.26966069287,-0.0105549512489786,-0.0032335368588654,0.00852,1800.0
941.3702387625569,-0.0109035315481877,-0.0016998084249533,0.00852,1800.0
941.4708096796865,-0.0110263726925588,-0.0002435716445315,0.00852,1800.0
941.5713839346761,-0.0109584839695691,0.0012238890104097,0.00852,1800.0
941.6719434077138,-0.0106729575301655,0.0027323431859264,0.00852,1800.0
941.7725071722859,-0.0101891593208812,0.0041937680289449,0.00852,1800.0
941.8743052298421,-0.0095028716205995,0.0055651805246637,0.00852,1800.0
941.9748909289235,-0.0086591725391662,0.006795095553652,0.00852,1800.0
942.0653655344838,-0.0077872553634361,0.0077963815998695,0.00852,1800.0
942.1658944899434,-0.0066749330957914,0.0087741854561526,0.00852,1800.0
942.266423445403,-0.0054042592880169,0.0096176902321528,0.00852,1800.0
942.3669917399282,-0.0040051050953293,0.0102876265703192,0.00852,1800.0
942.4684753233785,-0.0025981458626328,0.0107342276731982,0.00852,1800.0
942.5690350348348,-0.0010669458093287,0.0109803518568749,0.00852,1800.0
942.6695987994069,0.0003982323553297,0.011012070312996,0.00852,1800.0
942.7701575571889,0.0018776670262814,0.0108629471558049,0.00852,1800.0
942.8707222754354,0.0033716553377818,0.0104870585069983,0.00852,1800.0
942.9713177496785,0.004749998015013,0.0099366283192265,0.00852,1800.0
943.071870546996,0.0060420096854393,0.0092021562977527,0.00852,1800.0
943.1724431330556,0.0072636451121827,0.0082788730691771,0.00852,1800.0
943.2729904467458,0.0083295703896945,0.00721726074754,0.00852,1800.0
943.3734905535573,0.009215874863911,0.0060386830992625,0.00852,1800.0
943.4740450198049,0.0099733846216888,0.0047002825182857,0.00852,1800.0
943.5746500307912,0.0105279685721863,0.0033243352244419,0.00852,1800.0
943.6651472861165,0.0108538921028776,0.0019645402460772,0.00852,1800.0
943.7667500788564,0.0110106651316504,0.0005272533254511,0.00852,1800.0
943.867306214034,0.0109942841065241,-0.0009515203418815,0.00852,1800.0
943.9678668791646,0.0107418941938044,-0.0024533702888582,0.00852,1800.0
944.0684270674581,0.0102969679069868,-0.0039045414833578,0.00852,1800.0
944.168993216216,0.0096558585517848,-0.0052950988800138,0.00852,1800.0
944.2695741469258,0.0088373314797017,-0.0065705303643652,0.00852,1800.0
944.3701329047078,0.0078861448980555,-0.0076947699121375,0.00852,1800.0
944.4707062060231,0.0067778873844619,-0.00868378271323,0.00852,1800.0
944.5713133627767,0.0054847549207231,-0.0095662259580689,0.00852,1800.0
944.6718847567433,0.0041157545076918,-0.0102283688034784,0.00852,1800.0
944.7724542433614,0.0027687797336963,-0.0106814489442542,0.00852,1800.0
944.8730299288625,0.0012659079306054,-0.0109718241384535,0.00852,1800.0
944.9735984618062,-0.0002203988673035,-0.0110239651915481,0.00852,1800.0
945.0741319472188,-0.0017808282374893,-0.0108774914112619,0.00852,1800.0
945.17470930165,-0.0032527700196669,-0.0105311350348425,0.00852,1800.0
945.2652187163228,-0.0045026429271726,-0.0100488277052409,0.00852,1800.0
945.3657672221059,-0.0058265325208896,-0.0093449463173145,0.00852,1800.0
945.4663317019338,-0.0066752597392076,-0.0088013374886714,0.00852,1800.0
945.5669054800862,-0.0067969999999999,-0.008715,0.00852,1800.0
945.6684348399037,-0.0064957851177969,-0.0083279667702994,0.00852,1800.0
945.7689904982442,-0.0044042875009148,-0.0056405502898353,0.00852,1800.0
945.8695545012349,0.0003992904501329,0.0005318061869166,0.00852,1800.0
945.9701216036672,0.0050546211186027,0.0065137530848912,0.00852,1800.0
946.0706872755879,0.0084501289489923,0.0108767646240739,0.00852,1800.0
946.1712524706716,0.008669,0.011158,0.00852,1800.0
946.2718226725453,0.0081895589313554,0.0115048449364831,0.00852,1800.0
946.3724019343251,0.0071677148008381,0.0121500627895917,0.00852,1800.0
946.4729864413137,0.005833908764495,0.0128405528281109,0.00852,1800.0
946.5735256487721,0.0044152428682175,0.0133970773728916,0.00852,1800.0
946.6741120631093,0.002934276760762,0.013801605617203,0.00852,1800.0
946.7646477038259,0.0016117577221055,0.0140197972329627,0.00852,1800.0
946.8652469927663,0.0001488496724417,0.014120623500436,0.00852,1800.0
946.9658179098958,-0.0013098133724799,0.0140655533824495,0.00852,1800.0
947.0663430506581,-0.0028363904079065,0.0138355829472248,0.00852,1800.0
947.1669037157887,-0.0043492583597465,0.0134308550947643,0.00852,1800.0
947.2674529368276,-0.0057157524552618,0.0129066780628844,0.00852,1800.0
947.3693923766011,-0.0070789784232643,0.0122034521809298,0.00852,1800.0
947.4699842745656,-0.0083280711632317,0.0113820516119838,0.00852,1800.0
947.5705599600667,-0.0094924551122018,0.0104315525449082,0.00852,1800.0
947.6711163336629,-0.0105387448106102,0.0093786695359355,0.00852,1800.0
947.7716736609334,-0.0114639725260288,0.008216983168702,0.00852,1800.0
947.8722283655995,-0.0122913198851947,0.006933109690225,0.00852,1800.0
947.9727799708241,-0.0129453469201089,0.0056063237564451,0.00852,1800.0
948.0732836539144,-0.0134955152391938,0.0041499518882656,0.00852,1800.0
948.1743261629933,-0.01386881198379,0.002650884607513,0.00852,1800.0
948.2648222262258,-0.0140531454705253,0.0012950021582011,0.00852,1800.0
948.3653218562001,-0.014113484956128,-0.0001450192374528,0.00852,1800.0
948.4658655936116,-0.0140040454663382,-0.0016936918875836,0.00852,1800.0
948.5664357954854,-0.0137611787470715,-0.003111376009403,0.00852,1800.0
948.6670918280477,-0.0133975519270901,-0.004418630021903,0.00852,1800.0
948.7676541621083,-0.0128621577361657,-0.0057693874598222,0.00852,1800.0
948.8682298476094,-0.0121815993009248,-0.0071195831130604,0.00852,1800.0
948.968795042693,-0.0113703111391419,-0.0083451360262521,0.00852,1800.0
949.069704991042,-0.0104028254046612,-0.0095323694372601,0.00852,1800.0
949.1714699084157,-0.0092987595040479,-0.0106186670100537,0.00852,1800.0
949.2720343882436,-0.0081080126512208,-0.0115614831446456,0.00852,1800.0
949.3725967223043,-0.0068981179795827,-0.0123322099971139,0.00852,1800.0
949.47313974446,-0.0055526560299689,-0.0129883807017596,0.00852,1800.0
949.5736625010366,-0.0040830938815264,-0.0135030208813147,0.00852,1800.0
949.6742262656087,-0.0026284976954356,-0.0138674718894907,0.00852,1800.0
949.7647430712575,-0.0012997432983789,-0.0140448366182208,0.00852,1800.0
949.8652589136952,0.0001834777005306,-0.0141070928804707,0.00852,1800.0
949.9658157641286,0.0016829652128074,-0.0140040739971687,0.00852,1800.0
950.0678446108693,0.0032026349337151,-0.0137377939460503,0.00852,1800.0
950.1684038454885,0.0046559552179016,-0.0133210523811274,0.00852,1800.0
950.2689678484792,0.0060464859760588,-0.0127490442561877,0.00852,1800.0
950.3695461565846,0.0073509984521387,-0.0120532754734449,0.00852,1800.0
950.4700834566945,0.008653640515263,-0.0111609407179822,0.00852,1800.0
950.570649843871,0.0097907248079567,-0.0101821993224714,0.00852,1800.0
950.6712634379262,0.0108233836963246,-0.0090609166479211,0.00852,1800.0
950.7718188578481,0.0117190629396359,-0.0078653452111044,0.00852,1800.0
950.8737385088796,0.0123848570610133,-0.0067693854909382,0.00852,1800.0
950.9742581660146,0.0129018029829672,-0.0057258080695204,0.00852,1800.0
951.0648853594655,0.0133328470366345,-0.004603730879521,0.00852,1800.0
951.1654214674825,0.0137427109625268,-0.003154099844476,0.00852,1800.0
951.2661120707387,0.0140037803436826,-0.0018165084059476,0.00852,1800.0
951.3666806036824,0.014090535342462,-0.0007162709800488,0.00852,1800.0
951.4672026450032,0.0140958917253825,0.0007342361230895,0.00852,1800.0
951.5677630717153,0.0139937345804757,0.0018535400705368,0.00852,1800.0
951.6683544928426,0.0137466717299072,0.0032339863981693,0.00852,1800.0
951.7689225489491,0.013334601837478,0.0046349399439148,0.00852,1800.0
951.8695101553792,0.0129610549165629,0.005607336889336,0.00852,1800.0
951.9700796419972,0.0123550894950077,0.0068221952880501,0.00852,1800.0
952.0706312472219,0.0115473495889436,0.0081045341397202,0.00852,1800.0
952.1712019259328,0.0106050664150059,0.0092987089658809,0.00852,1800.0
952.2731060797566,0.0095745322913649,0.010361488020155,0.00852,1800.0
952.3738846594686,0.0088762141318636,0.0109918434358309,0.00852,1800.0
952.4655275160665,0.0086689999999999,0.011158,0.00852,1800.0
952.566339712798,0.0084174990391066,0.0108348510183233,0.00852,1800.0
952.6669225508565,0.0068192943662038,0.0087814100009233,0.00852,1800.0
952.7674796397084,0.0019699784293033,0.0025510402398056,0.00852,1800.0
952.8680071646565,-0.0027107132194902,-0.0034628482895364,0.00852,1800.0
952.9685642535085,-0.0071094567825396,-0.0091145743920801,0.00852,1800.0
953.0691182429189,-0.0078043935248488,-0.0100074093354197,0.00852,1800.0
953.1696750933522,-0.0078429999999999,-0.0100569999999999,0.00852,1800.0
953.2702340895528,-0.0080567599782589,-0.0098743549163487,0.00852,1800.0
953.3708021456594,-0.0088713097765804,-0.0091058810608292,0.00852,1800.0
953.4713730627889,-0.0098906507295686,-0.0079823666748822,0.00852,1800.0
953.5719377810353,-0.0107589469437036,-0.0067762948213999,0.00852,1800.0
953.6725044066304,-0.0114761656720058,-0.0054771688323928,0.00852,1800.0
953.7730352694387,-0.0120504737104338,-0.0040817415331941,0.00852,1800.0
953.8736078554982,-0.0124577605398442,-0.002638730077787,0.00852,1800.0
953.9741890246266,-0.0126828082971991,-0.0011749934113267,0.00852,1800.0
954.0646960551137,-0.0127367099685058,0.0002511053812586,0.00852,1800.0
954.1652297789449,-0.0126049290979876,0.0017683508353315,0.00852,1800.0
954.265739184081,-0.0122981828538033,0.00325176324543,0.00852,1800.0
954.3662988955373,-0.0118410568534616,0.0046491043844867,0.00852,1800.0
954.4684657866353,-0.0112081614683292,0.0060132495404346,0.00852,1800.0
954.5690150076741,-0.0104219737412209,0.0073060603009836,0.00852,1800.0
954.6695329958791,-0.0094914473161727,0.0084750495918514,0.00852,1800.0
954.7708892638082,-0.008418946881887,0.0095378802663224,0.00852,1800.0
954.871420365035,-0.0072012695066458,0.0104863897646051,0.00852,1800.0
954.9719476515645,-0.0059043192256371,0.0112732950202205,0.00852,1800.0
955.0725025946492,-0.0045298565517886,0.0119040411800906,0.00852,1800.0
955.1730379874105,-0.0030920726151357,0.0123618940454666,0.00852,1800.0
955.2647659594411,-0.0017436694536163,0.0126148371198895,0.00852,1800.0
955.36536381787,-0.0002925278483797,0.0127200237180197,0.00852,1800.0
955.4659802729482,0.0011869146378294,0.0126730530797531,0.00852,1800.0
955.5678238684529,0.0027051228138749,0.0124259248703569,0.00852,1800.0
955.6683687979573,0.0041319755722621,0.0120205205096541,0.00852,1800.0
955.7689227873677,0.0055100404985885,0.0114579827150257,0.00852,1800.0
955.8696584517354,0.00685113391973,0.0107083945444996,0.00852,1800.0
955.9702267462606,0.0081022016916507,0.0098009566545914,0.00852,1800.0
956.0707902724141,0.0092094310776865,0.0087763005057771,0.00852,1800.0
956.1713115984792,0.0101575449738208,0.0076766246491784,0.00852,1800.0
956.2718887144918,0.0109802577624644,0.0064507275501208,0.00852,1800.0
956.3724472338552,0.011700057202799,0.0050428549991766,0.00852,1800.0
956.4730076605672,0.0122187750630672,0.0035890654216482,0.00852,1800.0
956.5735821539754,0.0125417534971923,0.0021352860473335,0.00852,1800.0
956.674141150176,0.0127104288703949,0.0006803899728057,0.00852,1800.0
956.7646519953603,0.0127058354530712,-0.0006483458862067,0.00852,1800.0
956.8654293829793,0.0125294239908471,-0.0021801106579407,0.00852,1800.0
956.9659874255055,0.0121864271291296,-0.0036683056477577,0.00852,1800.0
957.0667323881978,0.011664799957895,-0.005071077006247,0.00852,1800.0
957.1672959143514,0.0109927471765253,-0.006405931671403,0.00852,1800.0
957.2678644472951,0.0101848742165485,-0.007627077545304,0.00852,1800.0
957.3684267813558,0.0091668447153328,-0.0088342006513711,0.00852,1800.0
957.4689750487203,0.0080628947450383,-0.0098685048028163,0.00852,1800.0
957.5697903448934,0.0068463103926431,-0.0107473526805735,0.00852,1800.0
957.6703607851857,0.0055505324711786,-0.0114541576221927,0.00852,1800.0
957.7709226424092,0.0041621670103793,-0.0120245079664076,0.00852,1800.0
957.8714842612142,0.0027414653263401,-0.0124222362483007,0.00852,1800.0
957.972042542159,0.0012303090177498,-0.0126550857737418,0.00852,1800.0
958.0726027304524,-0.0002897918438454,-0.0127107432380225,0.00852,1800.0
958.1731717402333,-0.0017601650392642,-0.0125977638603894,0.00852,1800.0
958.2737393195027,-0.0032091935984944,-0.0123063803202871,0.00852,1800.0
958.374318342864,-0.0046586635415518,-0.0118355680954695,0.00852,1800.0
958.4647822195882,-0.0059272447070025,-0.0112656112424182,0.00852,1800.0
958.5653567129964,-0.0072173924109834,-0.0105010605427536,0.00852,1800.0
958.6659335905904,-0.0078429999999999,-0.0100569999999999,0.00852,1800.0
958.7674305254811,-0.0078429999999999,-0.0100569999999999,0.00852,0.0
