958.7674305354811,-0.007843,-0.0100569666679823,0.00852,0.0
958.8679699813582,-0.0078429999999999,-0.0100571703746876,0.00852,0.0
958.9685249244429,-0.0078429999999999,-0.0100586457867526,0.00852,0.0
959.0690820132949,-0.0078429999999999,-0.0100614670006579,0.00852,0.0
959.1696526920058,-0.0078429999999999,-0.0100631901293948,0.00852,0.0
959.2702200328566,-0.0078429999999999,-0.0100655185689897,0.00852,0.0
959.3708033477523,-0.0078429999999999,-0.0100674774628805,0.00852,0.0
959.4713716422774,-0.007843,-0.0100688362648363,0.00852,0.0
959.5719332610823,-0.0078429999999999,-0.0100705956630469,0.00852,0.0
959.6725034629561,-0.0078429999999999,-0.0100734033624626,0.00852,0.0
959.7730719958998,-0.007843,-0.0100756325635027,0.00852,0.0
959.8635990535475,-0.0078429999999999,-0.0100775556056791,0.00852,0.0
959.9641759311415,-0.0078429999999999,-0.0100799843199068,0.00852,0.0
960.067438117192,-0.0078429999999999,-0.0100819695835221,0.00852,0.0
960.1680114185073,-0.0078429999999999,-0.010083646000001,0.00852,0.0
960.2685692226149,-0.0078429999999999,-0.0100859927322444,0.00852,0.0
960.3691217815139,-0.0078429999999999,-0.0100879596755869,0.00852,0.0
960.4696886455275,-0.0078429999999999,-0.0100899439446177,0.00852,0.0
960.5705394660689,-0.0078429999999999,-0.010092035682469,0.00852,0.0
960.6711082374312,-0.0078429999999999,-0.0100924315983805,0.00852,0.0
960.7716481601454,-0.0078487841011989,-0.0101830327818894,0.00852,0.0
960.8721821223952,-0.0079368171233837,-0.0115721263599016,0.00852,0.0
960.9727396880843,-0.0080671749012105,-0.0136280845356186,0.00852,0.0
961.0733101283766,-0.0081979238692376,-0.0156904590815369,0.00852,0.0
961.1637532626845,-0.008312761210063,-0.0175025182916008,0.00852,0.0
961.2643008147933,-0.0084448100066765,-0.0195857750918779,0.00852,0.0
961.3648521815993,-0.0085761150967719,-0.0216573122936039,0.00852,0.0
961.4654514705397,-0.0087090519359302,-0.0237546056655743,0.00852,0.0
961.565965882466,-0.0088335471258284,-0.025717763000915,0.00852,0.0
961.6741421138503,-0.0089797786409638,-0.0280247326036344,0.00852,0.0
961.7646522437789,-0.0090911927934139,-0.0297827158313897,0.00852,0.0
961.8656299030043,-0.0091346130394456,-0.0304681457242238,0.00852,0.0
961.966823807881,-0.0091419999999999,-0.0305848208219666,0.00852,0.0
962.0673911487319,-0.0086502497516225,-0.0308632952002525,0.00852,900.0
962.1679170047499,-0.0075166278494909,-0.0314415932404385,0.00852,900.0
962.2684891139724,-0.0061128247108877,-0.0320401587046231,0.00852,900.0
962.3694524680831,-0.0046981379229477,-0.0324987977732025,0.00852,900.0
962.4700090800978,-0.0032358658694244,-0.0328496179751309,0.00852,900.0
962.5705845271804,-0.0017200671795444,-0.0330673277153652,0.00852,900.0
962.6711597358443,-0.0001997692700207,-0.033155402375799,0.00852,900.0
962.7718663131453,0.001294700541978,-0.0331016677109805,0.00852,900.0
962.8724446212508,0.0027884319964401,-0.0329265127017108,0.00852,900.0
962.9730358039595,0.004282713511262,-0.0326113629459765,0.00852,900.0
963.0635149394728,0.0055388761936225,-0.0322409478742875,0.00852,900.0
963.1667358791091,0.0069735694427442,-0.0316881789382898,0.00852,900.0
963.2673089420058,0.0083707502731394,-0.031008096117742,0.00852,900.0
963.3678460036971,0.0096597679299104,-0.0302376557622541,0.00852,900.0
963.4684476768233,0.0108445498801987,-0.0293777595932623,0.00852,900.0
963.5689947520949,0.0120006694956418,-0.0283880042139669,0.00852,900.0
963.6696686660506,0.0130495995573847,-0.0273131778878253,0.00852,900.0
963.770243636296,0.0140147976568368,-0.0261556090236167,0.00852,900.0
963.8709466373183,0.014882351665595,-0.0248818778688298,0.00852,900.0
963.9715123092391,0.0156159516585588,-0.0235684840153546,0.00852,900.0
964.0720350658156,0.0162324999696803,-0.0222232929775716,0.00852,900.0
964.1726019298293,0.0166430700782182,-0.0211114007040111,0.00852,900.0
964.2631113445021,0.0169770785998224,-0.0199134109778345,0.00852,900.0
964.3636193191268,0.0172428110544049,-0.0187484000985669,0.00852,900.0
964.464166632817,0.0173798262096211,-0.0178396196094391,0.00852,900.0
964.5676560317733,0.0174803044868183,-0.0166894711211345,0.00852,900.0
964.6682288562514,0.0175092666279019,-0.015215910154735,0.00852,900.0
964.7687952434279,0.0174258559448249,-0.0138110985952911,0.00852,900.0
964.8693649684645,0.0173046847107783,-0.0128464695744618,0.00852,900.0
964.9699237262465,0.0171385582022566,-0.0119740799299399,0.00852,900.0
965.0713763152816,0.016749839591476,-0.0104578669495975,0.00852,900.0
965.1719343578078,0.0163978509010768,-0.0094412894903206,0.00852,900.0
965.272487870381,0.0157941397454678,-0.0080596740016248,0.00852,900.0
965.36300968282,0.0151551716287316,-0.0068647298008745,0.00852,900.0
965.4635784541823,0.0143640681386802,-0.0056130461659024,0.00852,900.0
965.5641024028517,0.0134388532586691,-0.0044090473313757,0.00852,900.0
965.6646728431441,0.0124245699990652,-0.0032844171903195,0.00852,900.0
965.765228263066,0.0113382015984791,-0.0022848884248395,0.00852,900.0
965.8657877361037,0.0101264153009119,-0.001338677989686,0.00852,900.0
965.96634577863,0.0088861678229612,-0.0005259023914235,0.00852,900.0
966.0669100200392,0.0075765413445766,0.0001712302205969,0.00852,900.0
966.1674823676802,0.0061800634932028,0.0007714772227708,0.00852,900.0
966.2680284892775,0.0047817076640575,0.0012292578325091,0.00852,900.0
966.3685996448256,0.0032785330292221,0.0015752490795641,0.00852,900.0
966.4691708003737,0.0017891522824945,0.0017954585435015,0.00852,900.0
966.5680930530287,0.0002764601481472,0.001875618700611,0.00852,900.0
966.6686348830916,-0.0012301331039657,0.0018422846152547,0.00852,900.0
966.7692117606856,-0.0027189363121541,0.0016681953073008,0.00852,900.0
966.8697636043288,-0.0042164574034,0.0013658290031317,0.00852,900.0
966.9703292762496,-0.0056460262542329,0.0009499965010843,0.00852,900.0
967.0708892261245,-0.0070110845865024,0.0004175902933649,0.00852,900.0
967.1714541827895,-0.0084304949948362,-0.0002697888843825,0.00852,900.0
967.2720191394545,-0.0096814470682919,-0.0010178011361261,0.00852,900.0
967.3725876723983,-0.0108715193051848,-0.0018789779268388,0.00852,900.0
967.4631004249312,-0.0119311406698527,-0.0028094582604307,0.00852,900.0
967.5636212741591,-0.0129958226481747,-0.0038876638602348,0.00852,900.0
967.66419195287,-0.0139656858730264,-0.0050642886552368,0.00852,900.0
967.7647557174422,-0.014819152756276,-0.00630602301782,0.00852,900.0
967.8655633842208,-0.0155576562380251,-0.0075978115256528,0.00852,900.0
967.9661145126082,-0.0161247855824454,-0.0087888674424473,0.00852,900.0
968.0680463229872,-0.016547837533422,-0.009897939181416,0.00852,900.0
968.1686062728621,-0.0169337720020513,-0.01117189393846,0.00852,900.0
968.2691779052474,-0.0172662680837841,-0.0126728590035369,0.00852,900.0
968.3697473918654,-0.0174577067194528,-0.0140976647431944,0.00852,900.0
968.4703197395064,-0.0175185768350458,-0.0150201784452102,0.00852,900.0
968.5708961402632,-0.01749938642302,-0.0165118828983783,0.00852,900.0
968.6715018665053,-0.0174209393901409,-0.0175328451388314,0.00852,900.0
968.7720708762862,-0.0171987797145025,-0.0189419919785792,0.00852,900.0
968.8726344024398,-0.0168398116990344,-0.0204241231890946,0.00852,900.0
968.9631409560897,-0.0165222848242734,-0.0214469785478016,0.00852,900.0
969.0636832629897,-0.0160814650156317,-0.0225566764334806,0.00852,900.0
969.1642351066329,-0.0154812973530994,-0.0238075669457325,0.00852,900.0
969.2648947154738,-0.0147344600941218,-0.0250950987609052,0.00852,900.0
969.3660898124434,-0.0138334214970348,-0.026378107651561,0.00852,900.0
969.4666526233412,-0.012918812629662,-0.0274607979650121,0.00852,900.0
969.5672171031691,-0.0118329203472764,-0.0285557395075304,0.00852,900.0
969.6677877818801,-0.010677900698869,-0.0295345982055474,0.00852,900.0
969.7683491622664,-0.0094891262289967,-0.0303962262818099,0.00852,900.0
969.8689224635817,-0.0091782575951857,-0.0305703772826759,0.00852,900.0
969.9694938575484,-0.0091419999999999,-0.0305848208219666,0.00852,900.0
970.0700843250014,-0.0081894091440535,-0.0284545565606584,0.00852,900.0
970.1706726466872,-0.0065385675644309,-0.0247629411549842,0.00852,900.0
970.2712421333052,-0.0057509999999999,-0.0230018130513005,0.00852,900.0
970.3718128120162,-0.0060256336013389,-0.0227609224742503,0.00852,900.0
970.4723777686812,-0.0068103672079269,-0.0219896781036991,0.00852,900.0
970.5628981506087,-0.00763736958527,-0.0209761866600039,0.00852,900.0
970.6634337817885,-0.0084079843349472,-0.0197103419868818,0.00852,900.0
970.7640099441268,-0.0089468810187358,-0.0182750357660396,0.00852,900.0
970.8645803844191,-0.0092424356299328,-0.016773820793366,0.00852,900.0
970.9651520168044,-0.0093167666524499,-0.0152932966826616,0.00852,900.0
971.0657260333754,-0.009125729146231,-0.0137796285209794,0.00852,900.0
971.1675054942824,-0.0086919986622561,-0.0122919158735482,0.00852,900.0
971.268084279225,-0.0080473740652527,-0.010958595905541,0.00852,900.0
971.3686447059371,-0.0071961706843386,-0.0097238641998112,0.00852,900.0
971.4691901122786,-0.006164139781591,-0.0086475691800121,0.00852,900.0
971.5697574531295,-0.0049922728846135,-0.0077740795094818,0.00852,900.0
971.6703202640273,-0.0036198984752996,-0.0070332458696621,0.00852,900.0
971.7708997642256,-0.0022106381247813,-0.0065681585912901,0.00852,900.0
971.8714668666579,-0.000703322041183,-0.0063189017698038,0.00852,900.0
971.9720437442519,0.000787556494359,-0.0063243573089201,0.00852,900.0
972.0625672256209,0.0020843446804224,-0.0065479103240876,0.00852,900.0
972.1631696140029,0.0035293328247025,-0.0070115267337123,0.00852,900.0
972.2637479221083,0.0048944483684582,-0.0077122700073675,0.00852,900.0
972.3643200313307,0.0060802144921726,-0.0085775744549684,0.00852,900.0
972.4648561393477,0.0071027855217877,-0.0096079790364803,0.00852,900.0
972.5654156123854,0.0079771322093283,-0.0108365814412322,0.00852,900.0
972.6661641513564,0.0086643754253639,-0.0122232131779688,0.00852,900.0
972.766723147557,0.0091118073794266,-0.0136792474146935,0.00852,900.0
972.8672921573378,0.0093044667338269,-0.0151015965669016,0.00852,900.0
972.967866650746,0.0092803915667838,-0.016607401965882,0.00852,900.0
973.0695710098006,0.0089913512017654,-0.0181559633756169,0.00852,900.0
973.170211068318,0.008481457723148,-0.019605435271803,0.00852,900.0
973.2709784423567,0.0077198858031297,-0.0208703466351744,0.00852,900.0
973.3715536510207,0.0067597124460683,-0.0220336110441518,0.00852,900.0
973.4721183692672,0.0056562838406613,-0.0230278934756098,0.00852,900.0
973.5626263534285,0.0045417366756514,-0.0237554096070491,0.00852,900.0
973.6631917869307,0.0031484116873062,-0.0243837394577081,0.00852,900.0
973.7637677108504,0.0016591242461177,-0.0247854931456548,0.00852,900.0
973.8654060279586,0.0001722183556022,-0.0249415297226214,0.00852,900.0
973.9659731303908,-0.0012917795669618,-0.0248536361549437,0.00852,900.0
974.0665395175673,-0.0028125446534664,-0.0245284869926387,0.00852,900.0
974.1671085273482,-0.0042167423992317,-0.023958659035713,0.00852,900.0
974.2678868686415,-0.0054567205536902,-0.0232082129228085,0.00852,900.0
974.368454447911,-0.0057099595393206,-0.0230309241621589,0.00852,900.0
974.4690127288558,-0.0057509999999999,-0.0230018130513005,0.00852,900.0
974.5695805465438,-0.0040054688654167,-0.0240580448891653,0.00852,900.0
974.6701655303694,0.0011262004816858,-0.0271630319037296,0.00852,900.0
974.7706868564345,0.0050645344818569,-0.0295459418262283,0.00852,900.0
974.8712630187728,0.006165,-0.0302117816064203,0.00852,900.0
974.9718439494826,0.0063500514812305,-0.030127809328282,0.00852,900.0
975.0623557483412,0.0069621388829348,-0.0298344602974598,0.00852,900.0
975.1629300033309,0.0082320740965169,-0.0291429690613184,0.00852,900.0
975.2636740123488,0.0095506727207609,-0.0282485551366747,0.00852,900.0
975.3642480289199,0.010689554847008,-0.0272867053121221,0.00852,900.0
975.4647796069838,0.011761868884478,-0.0262009634476177,0.00852,900.0
975.5653510009505,0.0126976395328245,-0.0250518691586594,0.00852,900.0
975.6659328853347,0.0133548849411681,-0.024103214764826,0.00852,900.0
975.7664878284194,0.0139818046761493,-0.0230114574510993,0.00852,900.0
975.8670761501052,0.0145803000298343,-0.0217399296859966,0.00852,900.0
975.9676504050948,0.0150870790260859,-0.0203328947942969,0.00852,900.0
976.0682272826888,0.015475790323182,-0.0188571936465757,0.00852,900.0
976.1687683974959,0.0157082978764557,-0.0174242934323662,0.00852,900.0
976.269333354161,0.0158078936568733,-0.015885684826649,0.00852,900.0
976.3699092780806,0.0157690583251117,-0.0143421653081818,0.00852,900.0
976.4704878246047,0.0155833829775234,-0.0128938448271129,0.00852,900.0
976.5710666095473,0.0153186027133409,-0.0116698597685597,0.00852,900.0
976.6717533981063,0.0149291301969459,-0.0104020586009722,0.00852,900.0
976.76224755399,0.0144522584766182,-0.0092137744999487,0.00852,900.0
976.862845412419,0.0138333059582615,-0.0079746819966711,0.00852,900.0
976.963435879872,0.0132144297669786,-0.0069384802070632,0.00852,900.0
977.0640234863021,0.0124482906239733,-0.0058890884714389,0.00852,900.0
977.1645893966414,0.0114561467604571,-0.0047359414535614,0.00852,900.0
977.2651493465163,0.0103895802054207,-0.0037059599949715,0.00852,900.0
977.3657774841048,0.0092582339680369,-0.0028127344684716,0.00852,900.0
977.4663546001174,0.0079589467670365,-0.0019544386272239,0.00852,900.0
977.5669248019911,0.0066807701153979,-0.0012815086837723,0.00852,900.0
977.66774081342,0.0052861545549157,-0.0007103814078626,0.00852,900.0
977.7683107768752,0.0038008811206822,-0.0002754969320712,0.00852,900.0
977.868891707585,0.0022664246025825,2.128555836826071e-05,0.00852,900.0
977.9694812213637,0.0008077285791746,0.0001626477325506,0.00852,900.0
978.07004093282,-0.000707245618409,0.0001624345890426,0.00852,900.0
978.1706118499495,-0.0022222263055346,2.443819756128146e-05,0.00852,900.0
978.2711706077315,-0.0037146497685032,-0.0002671043016726,0.00852,900.0
978.3716995631911,-0.0051721197797527,-0.0006872507933734,0.00852,900.0
978.4622154151656,-0.0064056847577975,-0.0011694166241091,0.00852,900.0
978.5627715503432,-0.0077064274117026,-0.0018161920927378,0.00852,900.0
978.6634361659743,-0.0090248376299359,-0.0026327414232893,0.00852,900.0
978.764935961888,-0.0101972114806851,-0.003530007292185,0.00852,900.0
978.8654940044142,-0.0113225673054469,-0.0045698273560884,0.00852,900.0
978.9660527621962,-0.0123355481627814,-0.0057310445333021,0.00852,900.0
979.0665831481673,-0.0132197864712242,-0.0069518756089866,0.00852,900.0
979.1671714698531,-0.0139737418394216,-0.0082307091210073,0.00852,900.0
979.2677414333083,-0.014594510268312,-0.0095647229012037,0.00852,900.0
979.3682596599318,-0.0151091018378288,-0.0109934425955582,0.00852,900.0
979.4688322459914,-0.0154543850541468,-0.0122498874642997,0.00852,900.0
979.5694467937209,-0.0156526210022947,-0.0134254958718167,0.00852,900.0
979.6699860011794,-0.0157934917958071,-0.0149260940081399,0.00852,900.0
979.7705531036116,-0.0157929358251135,-0.0164183728110839,0.00852,900.0
979.8711175834395,-0.0156451485365403,-0.0179427178061316,0.00852,900.0
979.9717028056838,-0.0153537986225672,-0.0194498874139401,0.00852,900.0
980.062222233937,-0.0149498464445685,-0.020767652583891,0.00852,900.0
980.1627900516249,-0.0144032496040729,-0.0221489086705652,0.00852,900.0
980.2633690749861,-0.0137308091788869,-0.0234737114012045,0.00852,900.0
980.3639435683943,-0.0129190201986571,-0.0247377321607196,0.00852,900.0
980.4645078098036,-0.0119992635464823,-0.0259209312367877,0.00852,900.0
980.5650689517714,-0.0109611247097039,-0.0270173738200218,0.00852,900.0
980.6656365310408,-0.0098133533663481,-0.0280209321604059,0.00852,900.0
980.7669277106978,-0.0085677041915485,-0.0289155460939162,0.00852,900.0
980.8675091182448,-0.0072553671287389,-0.0296822274716998,0.00852,900.0
980.96807741277,-0.0059121864609838,-0.0303003231615172,0.00852,900.0
981.0686376010634,-0.0045150655705014,-0.0308002267834734,0.00852,900.0
981.1692130481459,-0.003091812714057,-0.031150834118378,0.00852,900.0
981.2697884952285,-0.0015909173312226,-0.0313668002145291,0.00852,900.0
981.3703713332869,-1.812840191670051e-05,-0.0314433201933734,0.00852,900.0
981.4709551250197,0.001506948940697,-0.0313671785455968,0.00852,900.0
981.5715296184279,0.0029860163422488,-0.0311520445757381,0.00852,900.0
981.6620287811019,0.0042698680913727,-0.0308547863676013,0.00852,900.0
981.7626099502303,0.0054826721906068,-0.0304676316779382,0.00852,900.0
981.8631651317336,0.006165,-0.0302117816064203,0.00852,900.0
981.963743439839,0.0061630685050101,-0.0302109278291092,0.00852,900.0
982.0643031512953,0.0052135796946798,-0.0297811490166609,0.00852,900.0
982.1648182784774,-0.0001042178839173,-0.0273737356840182,0.00852,900.0
982.2654023086287,-0.0064812607704415,-0.0244868712327999,0.00852,900.0
982.3659646426894,-0.0067755676487836,-0.0243535440711749,0.00852,900.0
982.4665346061446,-0.0067969999999999,-0.0243438347685221,0.00852,900.0
982.567088595555,-0.0068759090957459,-0.0242763764225682,0.00852,900.0
982.6687951003768,-0.0077178584002476,-0.023489906657318,0.00852,900.0
982.76939224355,-0.0086761466299014,-0.0224097662731461,0.00852,900.0
982.8699467097975,-0.009511579267986,-0.0211741989822471,0.00852,900.0
982.9704718505599,-0.010196387110539,-0.0197920677392954,0.00852,900.0
983.0710427676894,-0.0106726142363078,-0.0183638954546123,0.00852,900.0
983.1716144000746,-0.0109400014663896,-0.0169194210337635,0.00852,900.0
983.2621230994918,-0.0110301958348307,-0.0155525944533886,0.00852,900.0
983.3626522933699,-0.0109208061556433,-0.0140099355183292,0.00852,900.0
983.4632134353377,-0.0105916407703042,-0.012531145113285,0.00852,900.0
983.5637736236312,-0.0100826882780448,-0.0111377038765403,0.00852,900.0
983.6643040096022,-0.0093651401072666,-0.0098168203114666,0.00852,900.0
983.7648928081252,-0.0084718167175197,-0.0085928337445089,0.00852,900.0
983.8654482280471,-0.0074588461092105,-0.0075232583897427,0.00852,900.0
983.9660129462935,-0.0062734836658332,-0.0065760835893107,0.00852,900.0
984.0665769492842,-0.0049928137387087,-0.0058075850645259,0.00852,900.0
984.1671376144149,-0.0036351688872874,-0.0052319007107742,0.00852,900.0
984.2676627551772,-0.0021644743931766,-0.0048242368614531,0.00852,900.0
984.3682370101668,-0.0006603416617967,-0.0046292519593412,0.00852,900.0
984.4687547599532,0.0008065084808976,-0.0046287034646418,0.00852,900.0
984.5693581020095,0.0022732240742426,-0.0048277789337463,0.00852,900.0
984.6708516990401,0.0037893188370094,-0.0052537010939572,0.00852,900.0
984.7714209472396,0.0051765818411618,-0.0058910795150155,0.00852,900.0
984.8619348918654,0.0062883179184251,-0.006579798215219,0.00852,900.0
984.9625205909468,0.0074747650308146,-0.0075427019166417,0.00852,900.0
985.0630822097518,0.0085166392442447,-0.0086391459676482,0.00852,900.0
985.1636478816725,0.0093865265727401,-0.0098685691113573,0.00852,900.0
985.2650093948104,0.0101020756722236,-0.0112267642234121,0.00852,900.0
985.3655130779006,0.0106001916480502,-0.0126420899301939,0.00852,900.0
985.4660794650771,0.0109103395361199,-0.0140841482634878,0.00852,900.0
985.5666506206252,0.0110229673471069,-0.0155406575227319,0.00852,900.0
985.6671519195296,0.0109435088503243,-0.0170890274485389,0.00852,900.0
985.7678418075301,0.0106367149657674,-0.0185842374705407,0.00852,900.0
985.8684086715438,0.0101642461326649,-0.0199279145539675,0.00852,900.0
985.9689907943465,0.0094571593247906,-0.0213005352964991,0.00852,900.0
986.0695230876662,0.0086099403786978,-0.0225183445822766,0.00852,900.0
986.1700794612624,0.0075846916679364,-0.0236189608182286,0.00852,900.0
986.2706470405318,0.0064162574692649,-0.0245833938320249,0.00852,900.0
986.3711945926406,0.0051477069604029,-0.0253691398450547,0.00852,900.0
986.463030329869,0.0038944482562549,-0.0259252833107435,0.00852,900.0
986.5636558448531,0.0024232216034192,-0.0263710937849635,0.00852,900.0
986.6642191325881,0.0009218711755336,-0.0266169566673836,0.00852,900.0
986.7647540485121,-0.0005283139901205,-0.0266448828331084,0.00852,900.0
986.8653089915969,-0.0020167021875661,-0.0264851262962129,0.00852,900.0
986.9658660804488,-0.0035345529283824,-0.0260905463445327,0.00852,900.0
987.0664222156264,-0.0048684906413425,-0.0255316049797708,0.00852,900.0
987.1669893180587,-0.0061965953192553,-0.0247389925602412,0.00852,900.0
987.2675042068221,-0.0067220302163183,-0.0243969944493617,0.00852,900.0
987.3680856143691,-0.0067969999999999,-0.0243438347685221,0.00852,900.0
987.4686624919631,-0.0061288117002621,-0.0234852182529393,0.00852,900.0
987.5693240081526,-0.0029565864457368,-0.0194090728351148,0.00852,900.0
987.6698970710494,0.0019782764654513,-0.0130680591752317,0.00852,900.0
987.7704648887374,0.0062549157672643,-0.0075727796910223,0.00852,900.0
987.8710284148909,0.0086675345690993,-0.0044726375929603,0.00852,900.0
987.9715466415145,0.0086689999999999,-0.0044707696632568,0.00852,900.0
988.0720729743697,0.0083701929684728,-0.0042460400207909,0.00852,900.0
988.1726276790358,0.0072383320661311,-0.0035091744143026,0.00852,900.0
988.274261466191,0.005915709911302,-0.0028139063088861,0.00852,900.0
988.3748714839675,0.0045069606292467,-0.002259187153399,0.00852,900.0
988.4754342948653,0.0030356951776064,-0.0018530307248775,0.00852,900.0
988.5759589587905,0.0015232726338633,-0.0016070195526236,0.00852,900.0
988.676516286061,1.437356499045528e-06,-0.0015243901845995,0.00852,900.0
988.7770945941664,-0.0014771286932165,-0.0015967793225293,0.00852,900.0
988.877651921437,-0.0029345685891335,-0.001828764190863,0.00852,900.0
988.9782090102889,-0.0044269902808809,-0.0022255168245587,0.00852,900.0
989.0787563239791,-0.0057591815847191,-0.0027385279130088,0.00852,900.0
989.1808605109908,-0.007148510106417,-0.0034482450260507,0.00852,900.0
989.2720537101485,-0.0083279700683665,-0.0042280546637069,0.00852,900.0
989.3726205741622,-0.0094576450139046,-0.0051517601505644,0.00852,900.0
989.4731755172469,-0.0105134479400844,-0.0062174301486613,0.00852,900.0
989.5746731673934,-0.0114785080694826,-0.0074313380514196,0.00852,900.0
989.6765031730391,-0.0123055577620043,-0.0087407134254442,0.00852,900.0
989.7770621692397,-0.012960256115204,-0.0100629139292628,0.00852,900.0
989.8776223575331,-0.0134724837048545,-0.0114672087628475,0.00852,900.0
989.9795651351668,-0.0138525902505475,-0.0129689132828194,0.00852,900.0
990.0801293765761,-0.0140551177421023,-0.0144352066626089,0.00852,900.0
990.1806888496138,-0.0141042722816016,-0.0159411149158979,0.00852,900.0
990.2811705981948,-0.0139999766245201,-0.0174461268140258,0.00852,900.0
990.3716816817977,-0.0137388903524461,-0.0187431748930556,0.00852,900.0
990.4722399627425,-0.0134056158543438,-0.020053496497452,0.00852,900.0
990.572804680989,-0.0128852662525486,-0.0213856642959466,0.00852,900.0
990.6735672866561,-0.012187567755834,-0.0227350284745305,0.00852,900.0
990.7741372501113,-0.0113351552830989,-0.024017182322312,0.00852,900.0
990.8747088824965,-0.0103696407639559,-0.0251930085919023,0.00852,900.0
990.9752652560927,-0.0092939887512436,-0.0262383558247597,0.00852,900.0
991.0758314048506,-0.0081358835434712,-0.0271568819167329,0.00852,900.0
991.1763777648665,-0.0068976125733029,-0.0279375955586779,0.00852,900.0
991.2769598876692,-0.0055414981340816,-0.0286041279715275,0.00852,900.0
991.3775324737288,-0.0040891376136528,-0.0291436568345834,0.00852,900.0
991.4781045829512,-0.0026589923544579,-0.0295005100627425,0.00852,900.0
991.5786785995223,-0.0011433985479231,-0.0297076678650413,0.00852,900.0
991.6792521392562,0.0004189611175102,-0.0297426243068087,0.00852,900.0
991.7798349773146,0.0018601724400848,-0.0296222781758225,0.00852,900.0
991.8717176830031,0.0031853913067208,-0.0293701225426611,0.00852,900.0
991.9722862159468,0.0046803195573975,-0.0289345251269512,0.00852,900.0
992.0728535567977,0.0060810443772233,-0.0283580541233989,0.00852,900.0
992.1735408221938,0.007394270898035,-0.027635586003833,0.00852,900.0
992.2749583636977,0.0086718481981795,-0.0267610681831694,0.00852,900.0
992.3755247508742,0.0097819589894295,-0.0257996397321572,0.00852,900.0
992.4761128341414,0.0107973971010194,-0.0247154821900373,0.00852,900.0
992.5766954337813,0.0117372589432,-0.02349051103053,0.00852,900.0
992.6772763644911,0.0124591717082023,-0.0222857981863772,0.00852,900.0
992.7778627788283,0.0128567688190803,-0.0214800019916628,0.00852,900.0
992.8785750781752,0.0133814639811861,-0.0201180852429212,0.00852,900.0
992.9791502868392,0.0137885471366282,-0.0186075960732919,0.00852,900.0
993.0797216808058,0.0139962952374375,-0.0174276243446606,0.00852,900.0
993.1802887832381,0.0140993704320049,-0.0161562131866835,0.00852,900.0
993.2808580314376,0.0140848819634203,-0.0148139074599829,0.00852,900.0
993.3714282428481,0.0139757444191126,-0.0136910884760256,0.00852,900.0
993.4719545757033,0.0137434976918206,-0.0124285041689469,0.00852,900.0
993.5737299834944,0.0133409977943746,-0.0110143705649537,0.00852,900.0
993.6744179641463,0.0129270386313987,-0.0099507525427528,0.00852,900.0
993.7749881660201,0.0123782096912837,-0.0088334726379929,0.00852,900.0
993.8755488311507,0.0115756961530217,-0.0075506450978721,0.00852,900.0
993.9760663425185,0.0106568260930846,-0.0063609234187889,0.00852,900.0
994.0766403590895,0.009583666996517,-0.0052765530158706,0.00852,900.0
994.1771621619918,0.0088452779315577,-0.0046175111149418,0.00852,900.0
994.2777366554,0.0086689999999999,-0.0044707696632568,0.00852,900.0
994.3783011352278,0.0085824615362165,-0.0045819067499559,0.00852,900.0
994.4788782512404,0.0061536860903763,-0.0077024185497066,0.00852,900.0
994.5794658576705,0.0015831754194701,-0.0135747587793255,0.00852,900.0
994.6800482188918,-0.0032186507234359,-0.0197443136603798,0.00852,900.0
994.7806296264388,-0.0071271315958465,-0.0247660201996404,0.00852,900.0
994.8812003051497,-0.0078429999999999,-0.0256857794621521,0.00852,900.0
994.9727165614821,-0.0078431884381266,-0.0256856230537375,0.00852,900.0
995.073294631169,-0.0078479812499732,-0.0256816448985974,0.00852,900.0
995.174141160176,-0.008780432533087,-0.0248617951043226,0.00852,900.0
995.2747054015853,-0.0097769544454644,-0.0237913867126037,0.00852,900.0
995.3752765571334,-0.0106459878746971,-0.0225949603399131,0.00852,900.0
995.4771065627791,-0.0113816435233284,-0.0213082671052144,0.00852,900.0
995.577686301396,-0.0119632363763375,-0.019945406599119,0.00852,900.0
995.6782503043868,-0.0123842456738256,-0.0184948532605218,0.00852,900.0
995.7788147842147,-0.0126498133964497,-0.0170026153387414,0.00852,900.0
995.8777944957473,-0.0127243375498185,-0.0155265384419646,0.00852,900.0
995.9783725654341,-0.0126312052262812,-0.0140367900149517,0.00852,900.0
996.0788986598708,-0.0123616182167452,-0.0125761624662157,0.00852,900.0
996.179474822209,-0.0119041532674246,-0.0110979313493879,0.00852,900.0
996.2800617133834,-0.0112904879873652,-0.0097430431406151,0.00852,900.0
996.380645028279,-0.0105182973878218,-0.008463772717455,0.00852,900.0
996.4812107001998,-0.0095663526424906,-0.0072434139788615,0.00852,900.0
996.5717310821273,-0.0086488013032144,-0.0063019754559841,0.00852,900.0
996.672310343907,-0.0074721885266854,-0.0053438677557982,0.00852,900.0
996.7728745853163,-0.0061947409941566,-0.0045174717672438,0.00852,900.0
996.8744447147109,-0.004823763983976,-0.0038595756812211,0.00852,900.0
996.9749820148207,-0.0033810225877759,-0.0033640295956034,0.00852,900.0
997.075561038182,-0.0019387024980596,-0.0030495261139776,0.00852,900.0
997.176123133824,-0.0004016490698662,-0.0029096580147345,0.00852,900.0
997.2767021571852,0.001118392113136,-0.0029429874564055,0.00852,900.0
997.3778707896926,0.0025676445517083,-0.0031465914046516,0.00852,900.0
997.4784591113784,0.0040352188084051,-0.003544776758821,0.00852,900.0
997.5790121471144,0.0054209954607,-0.0041037887879308,0.00852,900.0
997.6795973693587,0.0067157721077051,-0.0048236198880785,0.00852,900.0
997.7801539813735,0.0079539407592918,-0.0057015559399764,0.00852,900.0
997.8807327663161,0.0090911777569812,-0.0067385598055719,0.00852,900.0
997.9812993919112,0.010095375534517,-0.0078954646974031,0.00852,900.0
998.0718007003524,0.0108627694172659,-0.0089982023634359,0.00852,900.0
998.1723790084578,0.0115534856140051,-0.0102891390582185,0.00852,900.0
998.2729475414015,0.0121075118136716,-0.011691318610801,0.00852,900.0
998.3743307506301,0.0124859693878316,-0.0131380880473085,0.00852,900.0
998.4748980914809,0.0126922295746373,-0.0146218387891713,0.00852,900.0
998.5754635249831,0.0127199021457437,-0.016155244568005,0.00852,900.0
998.6760282432296,0.0125688917667378,-0.0176511957123953,0.00852,900.0
998.776591292546,0.0122353854307335,-0.0191157822337257,0.00852,900.0
998.8799114143111,0.0117134748616459,-0.0205889432296918,0.00852,900.0
998.9804267799117,0.0110379138251333,-0.0219463455039617,0.00852,900.0
999.0809912597396,0.0102122874256571,-0.0232136383770553,0.00852,900.0
999.1714756404616,0.0093455147580926,-0.0242479363532961,0.00852,900.0
999.2720305835463,0.008267427149039,-0.025300035717789,0.00852,900.0
999.372601977513,0.0070445711609767,-0.026221341690519,0.00852,900.0
999.4731888686873,0.0057909441830848,-0.0269684628855061,0.00852,900.0
999.5737640773513,0.004461923666112,-0.0275612021934415,0.00852,900.0
999.6751475249984,0.0029069389959506,-0.0280428947241085,0.00852,900.0
999.7757103358962,0.001463466648499,-0.0282923573067114,0.00852,900.0
999.8762452518203,-4.1845951491231714e-05,-0.0283643529352865,0.00852,900.0
999.976815453694,-0.0014871243693607,-0.0282708735492244,0.00852,900.0
1000.0784821426131,-0.0030101717821947,-0.0279880035750856,0.00852,900.0
1000.1790041839339,-0.0044779808637414,-0.0275313567039015,0.00852,900.0
1000.2795729552962,-0.0058300980113519,-0.0269353600824467,0.00852,900.0
1000.3801426803328,-0.0070543551858421,-0.026218000357052,0.00852,900.0
1000.4807593738295,-0.0077965445657229,-0.0257188242262393,0.00852,900.0
1000.5781047260024,-0.0078429999999999,-0.0256857794621521,0.00852,900.0
1000.6797346984603,-0.0078429999999999,-0.0256854828581103,0.00852,0.0
1000.7802872573592,-0.0078429999999999,-0.0256836532492404,0.00852,0.0
1000.8808569823958,-0.0078429999999999,-0.0256815909558553,0.00852,0.0
1000.9713575755812,-0.0078429999999999,-0.0256808395814057,0.00852,0.0
1001.0719242011763,-0.007843,-0.0256798955251769,0.00852,0.0
1001.1725003635146,-0.0078429999999999,-0.0256781315099194,0.00852,0.0
1001.2730631744124,-0.0078429999999999,-0.0256771974207287,0.00852,0.0
1001.3736390983321,-0.0078429999999999,-0.0256759550749455,0.00852,0.0
1001.4741983329512,-0.0078429999999999,-0.0256745875574918,0.00852,0.0
1001.5747609054305,-0.0078429999999999,-0.0256734691339028,0.00852,0.0
1001.6753215705611,-0.0078429999999999,-0.0256723426597723,0.00852,0.0
1001.7758409892775,-0.0078429999999999,-0.0256710241686093,0.00852,0.0
1001.8764049922682,-0.0078429999999999,-0.0256700143721465,0.00852,0.0
1001.9769501601912,-0.0078429999999999,-0.0256686318029818,0.00852,0.0
1002.0725345527388,-0.0078429999999999,-0.0256665034130511,0.00852,0.0
1002.1731154834487,-0.0078429999999999,-0.0256643209337996,0.00852,0.0
1002.273667803929,-0.007843,-0.0256633800918167,0.00852,0.0
1002.3742358600356,-0.0078429999999999,-0.0256628757563008,0.00852,0.0
1002.4748003398635,-0.0078429999999999,-0.0256612902031314,0.00852,0.0
1002.5753583823897,-0.0078429999999999,-0.0256603958498079,0.00852,0.0
1002.6759152328231,-0.007843,-0.0256595218663178,0.00852,0.0
1002.7764868652083,-0.0078429999999999,-0.025657836514781,0.00852,0.0
1002.8770661269881,-0.0078429999999999,-0.0256562591712436,0.00852,0.0
1002.9776465808608,-0.007843,-0.0256544160489353,0.00852,0.0
1003.0782217895247,-0.0078429999999999,-0.0256537490647422,0.00852,0.0
1003.1797401820876,-0.0078429999999999,-0.0256522152867425,0.00852,0.0
1003.2713570510604,-0.007843,-0.0256503729456551,0.00852,0.0
1003.3719272529341,-0.0078429999999999,-0.0256500528770847,0.00852,0.0
1003.4724912559249,-0.0078429999999999,-0.0256503358833008,0.00852,0.0
