13564.099149465561,0.015765,0.0025911801281898843,0.039760000000000004,531.1
13564.19916009903,0.015639199999999978,0.003262044264660452,0.039760000000000004,531.1
13564.299150466919,0.015232099999999998,0.004891023550180878,0.039760000000000004,531.1
13564.399159431458,0.01464760000000001,0.0064650290926750835,0.039760000000000004,531.1
13564.499138593674,0.013907599999999978,0.007972271624339174,0.039760000000000004,531.1
13564.599163770676,0.013078200000000012,0.009292837430505446,0.039760000000000004,531.1
13564.69919705391,0.012044,0.01061554051130971,0.039760000000000004,531.1
13564.799197673798,0.011452400000000001,0.011260220554902192,0.039760000000000004,531.1
13564.899182796478,0.011452400000000001,0.011260220554902192,0.039760000000000004,531.1
13564.999150037766,0.010295899999999997,0.01242068498748937,0.039760000000000004,531.1
13565.099185228348,0.00942119999999999,0.013028159538395735,0.039760000000000004,531.1
13565.199189662933,0.008228500000000014,0.013828547800362322,0.039760000000000004,531.1
13565.299170732498,0.006855099999999989,0.014566566206703636,0.039760000000000004,531.1
13565.399190187454,0.0053026999999999935,0.015206461836050567,0.039760000000000004,531.1
13565.499160051346,0.003693099999999991,0.01568429365553188,0.039760000000000004,531.1
13565.599186897278,0.0021597000000000005,0.015966858068625894,0.039760000000000004,531.1
13565.699131011963,0.00048679999999999557,0.016111132836982622,0.039760000000000004,531.1
13565.799183130264,-0.0010878999999999889,0.016077789843363235,0.039760000000000004,531.1
13565.89918923378,-0.0019606000000000068,0.015997044057668348,0.039760000000000004,531.1
13565.99917960167,-0.0019606000000000068,0.015997044057668348,0.039760000000000004,531.1
13566.099168300629,-0.003612100000000007,0.01569482598153924,0.039760000000000004,531.1
13566.199186563492,-0.005225800000000003,0.01523182182850994,0.039760000000000004,531.1
13566.299187660217,-0.006275700000000009,0.014826047299073823,0.039760000000000004,531.1
13566.399186849594,-0.0075017,0.0142404407094321,0.039760000000000004,531.1
13566.499187707901,-0.008939699999999995,0.013373722278013318,0.039760000000000004,531.1
13566.599071264267,-0.010185600000000003,0.012436315963191384,0.039760000000000004,531.1
13566.69914984703,-0.011420299999999994,0.011298466568695958,0.039760000000000004,531.1
13566.799174070358,-0.0125242,0.010033425952862881,0.039760000000000004,531.1
13566.899210453033,-0.013429800000000006,0.00876426483493651,0.039760000000000004,531.1
13566.99921298027,-0.014256799999999986,0.00730334913298639,0.039760000000000004,531.1
13567.099143505096,-0.014926099999999998,0.005763706314050467,0.039760000000000004,531.1
13567.199171304703,-0.014926099999999998,0.005763706314050467,0.039760000000000004,531.1
13567.299178123474,-0.015407400000000002,0.004280706230146727,0.039760000000000004,531.1
13567.39916396141,-0.015750499999999987,0.002637171931285903,0.039760000000000004,531.1
13567.499155044556,-0.015926700000000002,0.0009673973071242931,0.039760000000000004,531.1
13567.599190950394,-0.015927899999999995,-0.0005919761984381489,0.039760000000000004,531.1
13567.699149131775,-0.0157553,-0.0022621628728090454,0.039760000000000004,531.1
13567.799175739288,-0.015448500000000004,-0.0037958719871928337,0.039760000000000004,531.1
13567.89914894104,-0.014938099999999996,-0.0053905202947624395,0.039760000000000004,531.1
13567.999180316925,-0.014270999999999992,-0.006931105820045844,0.039760000000000004,531.1
13568.099162578583,-0.013448299999999982,-0.008394375217323037,0.039760000000000004,531.1
13568.199145317078,-0.012470599999999998,-0.009759403231676907,0.039760000000000004,531.1
13568.29915356636,-0.0114432,-0.01093224382062899,0.039760000000000004,531.1
13568.39916396141,-0.0114432,-0.01093224382062899,0.039760000000000004,531.1
13568.49915099144,-0.010304300000000002,-0.01199711400990041,0.039760000000000004,531.1
13568.599190950394,-0.008966799999999997,-0.013012381758952037,0.039760000000000004,531.1
13568.699216842651,-0.007530999999999996,-0.013882613012734406,0.039760000000000004,531.1
13568.799144029617,-0.0062813999999999925,-0.014481399067990966,0.039760000000000004,531.1
13568.899198055267,-0.005257100000000001,-0.014879071990338284,0.039760000000000004,531.1
13568.999131679535,-0.0036442000000000002,-0.015344667050552346,0.039760000000000004,531.1
13569.099072217941,-0.0019934999999999953,-0.01565166954092695,0.039760000000000004,531.1
13569.19904088974,-0.0011045999999999973,-0.015734182133388078,0.039760000000000004,531.1
13569.29911160469,0.0005731999999999959,-0.015763914489883728,0.039760000000000004,531.1
13569.399028778076,0.0021265000000000034,-0.015628858873314895,0.039760000000000004,531.1
13569.499018192291,0.0021265000000000034,-0.015628858873314895,0.039760000000000004,531.1
13569.59913802147,0.0036606,-0.015349982120936058,0.039760000000000004,531.1
13569.699150323868,0.0052713000000000065,-0.014875621541480831,0.039760000000000004,531.1
13569.799167633057,0.006824599999999986,-0.014237981792700867,0.039760000000000004,531.1
13569.898999214172,0.008301700000000009,-0.013440045040821434,0.039760000000000004,531.1
13569.999297380447,0.009413999999999992,-0.012691277887783743,0.039760000000000004,531.1
13570.099086523056,0.010270700000000008,-0.01202143348125214,0.039760000000000004,531.1
13570.19910621643,0.011439199999999997,-0.010931321905450174,0.039760000000000004,531.1
13570.299141407013,0.012022599999999994,-0.010298585176844594,0.039760000000000004,531.1
13570.399126291275,0.013059000000000001,-0.008977530296877631,0.039760000000000004,531.1
13570.599133014679,0.014634099999999983,-0.0061529975695530995,0.039760000000000004,531.1
13570.699118614197,0.015185100000000007,-0.004694414771761364,0.039760000000000004,531.1
13570.799053192139,0.015185100000000007,-0.004694414771761364,0.039760000000000004,531.1
13570.899335861206,0.015633099999999997,-0.002952247830936651,0.039760000000000004,531.1
13570.999157428741,0.015862299999999996,-0.001410153501913515,0.039760000000000004,531.1
13571.099149942398,0.015926499999999996,-0.0004539592068125778,0.039760000000000004,531.1
13571.199186563492,0.0159228,0.0008937896310019303,0.039760000000000004,531.1
13571.299159288406,0.01584129999999999,0.0019404587285552222,0.039760000000000004,531.1
13571.399174928665,0.015765,0.0025911801281898843,0.039760000000000004,531.1
13571.499200105667,0.015765,0.0025911801281898843,0.039760000000000004,0.0
13571.599149942398,0.014263299999999993,0.0032514141238929734,0.039760000000000004,0.0
13572.099172830582,-0.0027719999999999967,0.01074218028534053,0.039760000000000004,0.0
13572.199129581451,-0.0027410000000000073,0.010749869842220053,0.039760000000000004,531.1
13572.299195766449,-0.0012872000000000161,0.011025491775261805,0.039760000000000004,531.1
13572.399163722992,0.00038919999999999233,0.011088057260407343,0.039760000000000004,531.1
13572.49918270111,0.0020567000000000085,0.010902204635328216,0.039760000000000004,531.1
13572.599200725555,0.0036761999999999906,0.010463422138890562,0.039760000000000004,531.1
13572.699115037918,0.0051017000000000146,0.009834058835551048,0.039760000000000004,531.1
13572.79918718338,0.006423399999999996,0.009008506210645265,0.039760000000000004,531.1
13572.899235248566,0.007707100000000008,0.007927495180702349,0.039760000000000004,531.1
13572.999173402786,0.008797100000000002,0.006651314559132312,0.039760000000000004,531.1
13573.099155426025,0.008797100000000002,0.006651314559132312,0.039760000000000004,531.1
13573.199082374573,0.009629200000000004,0.005333905757542952,0.039760000000000004,531.1
13573.299151420593,0.01030919999999999,0.0037998922444399917,0.039760000000000004,531.1
13573.399158477783,0.010739399999999982,0.00217814888325232,0.039760000000000004,531.1
13573.499181747437,0.010919300000000007,0.0005100994835193981,0.039760000000000004,531.1
13573.599178552628,0.010864499999999985,-0.0010471367474050239,0.039760000000000004,531.1
13573.69914841652,0.010543899999999995,-0.002694512754163915,0.039760000000000004,531.1
13573.79915523529,0.010029800000000005,-0.004165569523080712,0.039760000000000004,531.1
13573.899059295654,0.0092497,-0.0056514331672809365,0.039760000000000004,531.1
13573.99908041954,0.008243999999999987,-0.006994181170160936,0.039760000000000004,531.1
13574.099047660828,0.007051799999999997,-0.008174474104134744,0.039760000000000004,531.1
13574.199044704437,0.007051799999999997,-0.008174474104134744,0.039760000000000004,531.1
13574.299046278,0.005691999999999989,-0.009157145936394218,0.039760000000000004,531.1
13574.399043798447,0.0043067999999999995,-0.00987104050090408,0.039760000000000004,531.1
13574.499081850052,0.0027187999999999934,-0.010413183821128422,0.039760000000000004,531.1
13574.599055051804,0.0011863000000000012,-0.010698122720718233,0.039760000000000004,531.1
13574.699082374573,-0.0004910999999999943,-0.010740643283788133,0.039760000000000004,531.1
13574.799044847488,-0.002157200000000012,-0.010542826552553355,0.039760000000000004,531.1
13574.899166345596,-0.0036592000000000013,-0.01012724598276843,0.039760000000000004,531.1
13574.999095916748,-0.00519109999999999,-0.009442476095024598,0.039760000000000004,531.1
13575.099121809006,-0.006602500000000011,-0.008535060139724802,0.039760000000000004,531.1
13575.199140071869,-0.00785849999999999,-0.007423059811489566,0.039760000000000004,531.1
13575.29913520813,-0.008856000000000003,-0.006225899751185746,0.039760000000000004,531.1
13575.3991355896,-0.008856000000000003,-0.006225899751185746,0.039760000000000004,531.1
13575.499150037766,-0.009736499999999995,-0.0047972657305785996,0.039760000000000004,531.1
13575.599147081375,-0.010343299999999986,-0.003361591415159071,0.039760000000000004,531.1
13575.69916844368,-0.010756600000000005,-0.0017353570840063226,0.039760000000000004,531.1
13575.799151420593,-0.0109244,-6.599451005402657e-05,0.039760000000000004,531.1
13575.899062633514,-0.010831999999999994,0.0016089203461397833,0.039760000000000004,531.1
13575.999133348465,-0.010515800000000006,0.00313475522856254,0.039760000000000004,531.1
13576.0991461277,-0.009990799999999994,0.0046020265220040706,0.039760000000000004,531.1
13576.199071645737,-0.009197200000000003,0.0060810455009121245,0.039760000000000004,531.1
13576.299045562744,-0.008096199999999984,0.00750189214987957,0.039760000000000004,531.1
13576.399113416672,-0.006975899999999993,0.008584767801348737,0.039760000000000004,531.1
13576.49907374382,-0.005707699999999982,0.009490144296770676,0.039760000000000004,531.1
13576.599140882492,-0.005707699999999982,0.009490144296770676,0.039760000000000004,531.1
13576.699206113815,-0.004212800000000003,0.010252405150872383,0.039760000000000004,531.1
13576.799129724503,-0.002805700000000008,0.010732472059751884,0.039760000000000004,531.1
13576.89912557602,-0.0027719999999999967,0.01074218028534053,0.039760000000000004,531.1
13576.999199390411,-0.0027641999999999944,0.010739945195942402,0.039760000000000004,0.0
13577.09918832779,0.002907899999999991,0.009179551960440985,0.039760000000000004,0.0
13577.499180793762,0.012781999999999988,0.006463185262317522,0.039760000000000004,0.0
13577.599182844162,0.01215899999999999,0.007586835461259156,0.039760000000000004,531.1
13577.699182271957,0.01215899999999999,0.007586835461259156,0.039760000000000004,531.1
13577.799153089523,0.011204800000000001,0.008968220736973564,0.039760000000000004,531.1
13577.89917230606,0.010088900000000012,0.010222652003207953,0.039760000000000004,531.1
13577.99915266037,0.009453900000000001,0.010817024112090907,0.039760000000000004,531.1
13578.099180221558,0.008212499999999998,0.01180983701131702,0.039760000000000004,531.1
13578.199151277542,0.0073659000000000086,0.012363336757967393,0.039760000000000004,531.1
13578.299156427383,0.0060453000000000034,0.0130672088614394,0.039760000000000004,531.1
13578.399153232574,0.004486600000000021,0.013691159279635115,0.039760000000000004,531.1
13578.49917268753,0.002864200000000011,0.014122175195601838,0.039760000000000004,531.1
13578.599152088165,0.001322799999999999,0.014356394110272744,0.039760000000000004,531.1
13578.69911313057,-0.00035519999999999996,0.014407896613272797,0.039760000000000004,531.1
13578.799128293991,-0.002028000000000002,0.014268154397218576,0.039760000000000004,531.1
13578.899194955826,-0.002028000000000002,0.014268154397218576,0.039760000000000004,531.1
13578.999207735062,-0.003555799999999998,0.013958071925858365,0.039760000000000004,531.1
13579.099189281464,-0.005155099999999996,0.013449152993324533,0.039760000000000004,531.1
13579.199184179306,-0.0066819000000000045,0.012750595960236262,0.039760000000000004,531.1
13579.299157381058,-0.008016499999999982,0.01194499044264603,0.039760000000000004,531.1
13579.399137973785,-0.0093472,0.01092111122153614,0.039760000000000004,531.1
13579.499213695526,-0.010544299999999993,0.009744191712828275,0.039760000000000004,531.1
13579.599192380905,-0.011530700000000005,0.008536813561966304,0.039760000000000004,531.1
13579.699182748795,-0.012429599999999999,0.007118928288055548,0.039760000000000004,531.1
13579.799161195755,-0.013163199999999986,0.005609234246304256,0.039760000000000004,531.1
13579.899189949036,-0.013678100000000012,0.004137667612417961,0.039760000000000004,531.1
13579.999135017395,-0.014052399999999993,0.002501410820227312,0.039760000000000004,531.1
13580.099158287048,-0.014052399999999993,0.002501410820227312,0.039760000000000004,531.1
13580.19917345047,-0.014223699999999992,0.0009516477254933944,0.039760000000000004,531.1
13580.299177408218,-0.014214999999999992,-0.0008467499001542436,0.039760000000000004,531.1
13580.399162769318,-0.01401419999999999,-0.002393963670040737,0.039760000000000004,531.1
13580.499120950699,-0.013643599999999992,-0.003908148681757151,0.039760000000000004,531.1
13580.599132299423,-0.013074500000000003,-0.005487664924155429,0.039760000000000004,531.1
13580.6991147995,-0.0123119,-0.006983432423464622,0.039760000000000004,531.1
13580.799189090729,-0.011388099999999984,-0.00838486262125468,0.039760000000000004,531.1
13580.899314641953,-0.010384099999999993,-0.00957774813228248,0.039760000000000004,531.1
13580.999124288559,-0.00916539999999999,-0.010732248232418844,0.039760000000000004,531.1
13581.099128484726,-0.0078212,-0.011738457017948838,0.039760000000000004,531.1
13581.199135541916,-0.0078212,-0.011738457017948838,0.039760000000000004,531.1
13581.299142122269,-0.006469800000000012,-0.012516034612303363,0.039760000000000004,531.1
13581.399171113968,-0.0048204000000000025,-0.013233009157798813,0.039760000000000004,531.1
13581.49917459488,-0.0033247,-0.013672322310374616,0.039760000000000004,531.1
13581.599179506302,-0.0017929,-0.013962457674419268,0.039760000000000004,531.1
13581.699162721634,-0.00011739999999998973,-0.014069918209130512,0.039760000000000004,531.1
13581.799180269241,0.0015591999999999967,-0.013988327531848185,0.039760000000000004,531.1
13581.899138212204,0.0030971999999999944,-0.013731828605703378,0.039760000000000004,531.1
13581.999168872833,0.004711099999999996,-0.013270214650484884,0.039760000000000004,531.1
13582.0991563797,0.00626199999999999,-0.012626770757520472,0.039760000000000004,531.1
13582.19950723648,0.007502400000000006,-0.01193505838972429,0.039760000000000004,531.1
13582.299199819565,0.008403300000000002,-0.011324622463761279,0.039760000000000004,531.1
13582.399172782898,0.008403300000000002,-0.011324622463761279,0.039760000000000004,531.1
13582.499140024185,0.009699799999999995,-0.010258104073652595,0.039760000000000004,531.1
13582.599556684494,0.0107801,-0.009134453874710992,0.039760000000000004,531.1
13582.699578523636,0.011803699999999986,-0.00780376779274676,0.039760000000000004,531.1
13582.799150705338,0.012657700000000008,-0.006358287436978374,0.039760000000000004,531.1
13582.89916753769,0.013297900000000001,-0.00493681231711255,0.039760000000000004,531.1
13582.999166965485,0.013803200000000002,-0.0033357423488988708,0.039760000000000004,531.1
13583.099142074585,0.014109699999999989,-0.0017755447429178145,0.039760000000000004,531.1
13583.199207544327,0.014207800000000007,-0.0009012345693796622,0.039760000000000004,531.1
13583.29916357994,0.014221399999999995,0.0008974772917171442,0.039760000000000004,531.1
13583.399173259735,0.014126100000000003,0.001978900371869277,0.039760000000000004,531.1
13583.499198198318,0.014126100000000003,0.001978900371869277,0.039760000000000004,531.1
13583.599250793457,0.013889699999999991,0.003343320706493555,0.039760000000000004,531.1
13583.699126720428,0.013454599999999997,0.0048405407771198,0.039760000000000004,531.1
13583.799149036407,0.012876799999999994,0.006262917020995625,0.039760000000000004,531.1
13583.899149179459,0.012781999999999988,0.006463185262317522,0.039760000000000004,531.1
13583.999189138412,0.012781999999999988,0.006463185262317522,0.039760000000000004,0.0
13584.099124670029,0.008398599999999992,0.008085654909163721,0.039760000000000004,0.0
13584.49909067154,-0.0032140000000000085,0.01238416419812425,0.039760000000000004,0.0
13584.599159479141,-0.001968399999999995,0.0126416058306166,0.039760000000000004,531.1
13584.699197530746,-0.001968399999999995,0.0126416058306166,0.039760000000000004,531.1
13584.799194574356,-0.0004170999999999897,0.012789037603550366,0.039760000000000004,531.1
13584.899147987366,0.0012606999999999896,0.012742612959076298,0.039760000000000004,531.1
13584.999167919159,0.002798700000000001,0.01248774144260003,0.039760000000000004,531.1
13585.099189519882,0.004407499999999995,0.012007751557311899,0.039760000000000004,531.1
13585.19916510582,0.0059363000000000055,0.011315117274336955,0.039760000000000004,531.1
13585.299110889435,0.007262600000000008,0.010496625735412404,0.039760000000000004,531.1
13585.399134159088,0.008567400000000003,0.009441582377658554,0.039760000000000004,531.1
13585.499186038971,0.009646799999999983,0.008317932178716955,0.039760000000000004,531.1
13585.599127292633,0.010646100000000006,0.0069695756611727055,0.039760000000000004,531.1
13585.6992456913,0.011451500000000003,0.005496479432378021,0.039760000000000004,531.1
13585.799199104309,0.012055600000000014,0.003930554705803849,0.039760000000000004,531.1
13585.899154663086,0.012055600000000014,0.003930554705803849,0.039760000000000004,531.1
13585.999192476273,0.012423300000000026,0.0024160554586384296,0.039760000000000004,531.1
13586.099122524261,0.012603199999999981,0.0008683318237823548,0.039760000000000004,531.1
13586.199177265167,0.012587200000000007,-0.0008094258015392333,0.039760000000000004,531.1
13586.29922747612,0.012355500000000005,-0.0024718666866079264,0.039760000000000004,531.1
13586.39918923378,0.01189030000000002,-0.004085117181666216,0.039760000000000004,531.1
13586.49917793274,0.011221499999999995,-0.0056246621858419485,0.039760000000000004,531.1
13586.599202632904,0.0104181,-0.006964569709993457,0.039760000000000004,531.1
13586.699193000793,0.009377700000000003,-0.008276815197982582,0.039760000000000004,531.1
13586.799216985703,0.00826650000000001,-0.009368672789381964,0.039760000000000004,531.1
13586.899260520935,0.006932799999999989,-0.010387432569628395,0.039760000000000004,531.1
13586.999205350876,0.0054704,-0.011211553414385914,0.039760000000000004,531.1
13587.099221229553,0.0054704,-0.011211553414385914,0.039760000000000004,531.1
13587.199176549911,0.004027000000000003,-0.011800610452885059,0.039760000000000004,531.1
13587.29920220375,0.0024031000000000052,-0.012225291568529091,0.039760000000000004,531.1
13587.399197101593,0.0007376000000000049,-0.0124297781267044,0.039760000000000004,531.1
13587.499199390411,-0.0009401999999999883,-0.012418323885518244,0.039760000000000004,531.1
13587.59919333458,-0.0024847999999999953,-0.012211385817255817,0.039760000000000004,531.1
13587.699204206467,-0.0041049999999999975,-0.011772917556267352,0.039760000000000004,531.1
13587.799171209335,-0.005653599999999995,-0.011124647666719799,0.039760000000000004,531.1
13587.899222612381,-0.007098500000000008,-0.010270382415257365,0.039760000000000004,531.1
13587.999208211899,-0.008328299999999997,-0.009313580440426898,0.039760000000000004,531.1
13588.099198579788,-0.009432899999999994,-0.008215053022086971,0.039760000000000004,531.1
13588.199182748795,-0.009432899999999994,-0.008215053022086971,0.039760000000000004,531.1
13588.299185037613,-0.010535199999999995,-0.00679481405284911,0.039760000000000004,531.1
13588.399188041687,-0.01131399999999999,-0.0054443202606668725,0.039760000000000004,531.1
13588.499172210693,-0.011958299999999991,-0.0038940473009635296,0.039760000000000004,531.1
13588.599123239517,-0.012369599999999994,-0.0023902760093255718,0.039760000000000004,531.1
13588.699176549911,-0.012592000000000006,-0.0007268153943179104,0.039760000000000004,531.1
13588.799186706543,-0.012605399999999975,0.0008312241458563671,0.039760000000000004,531.1
13588.899172067642,-0.012409500000000004,0.002497646135920732,0.039760000000000004,531.1
13588.999188184738,-0.011997899999999992,0.004124900197012449,0.039760000000000004,531.1
13589.099159002304,-0.011364699999999991,0.005679684917849696,0.039760000000000004,531.1
13589.19919681549,-0.010603500000000002,0.007040417591758746,0.039760000000000004,531.1
13589.299184322357,-0.009591699999999995,0.008379673563443851,0.039760000000000004,531.1
13589.399180412292,-0.009591699999999995,0.008379673563443851,0.039760000000000004,531.1
13589.499123573303,-0.008416500000000007,0.009577050044436687,0.039760000000000004,531.1
13589.599209547043,-0.007195099999999996,0.010544384345274608,0.039760000000000004,531.1
13589.699194192886,-0.005758899999999997,0.01141306521297979,0.039760000000000004,531.1
13589.799166440964,-0.004216499999999998,0.012075632112841222,0.039760000000000004,531.1
13589.899199724197,-0.0032140000000000085,0.01238416419812425,0.039760000000000004,531.1
13589.99913740158,-0.0032140000000000085,0.01238416419812425,0.039760000000000004,531.1
13590.099163532257,-0.0032140000000000224,0.01238422820813304,0.039760000000000004,0.0
13590.199206352234,-0.0032140000000000224,0.012385381575702646,0.039760000000000004,0.0
13595.191888491187,-0.015464000000000006,0.02016700000000001,0.039760000000000004,0.0
