1932.3353075912746,-0.0112109999999999,-0.0041159904294891,0.01704,0.0
1932.43588089259,-0.0112109999999999,-0.0041169223904039,0.01704,0.0
1932.5364460876735,-0.0112109999999999,-0.004118833853549,0.01704,0.0
1932.6370146206173,-0.011211,-0.0041210273762768,0.01704,0.0
1932.737584822491,-0.011211,-0.004122993549077,0.01704,0.0
1932.8280966213497,-0.0112109999999999,-0.0041248555573165,0.01704,0.0
1932.9286656311306,-0.011211,-0.0041267545304548,0.01704,0.0
1933.0292565754207,-0.0112109999999999,-0.0041286612463241,0.01704,0.0
1933.1297814777645,-0.0112109999999999,-0.0041302981790134,0.01704,0.0
1933.2303295067104,-0.0112109999999999,-0.0041325950200103,0.01704,0.0
1933.335101120785,-0.0112109999999999,-0.0041346492917647,0.01704,0.0
1933.4356772831234,-0.0112109999999999,-0.0041367295961293,0.01704,0.0
1933.5362415245327,-0.0112109999999999,-0.0041388692566715,0.01704,0.0
1933.6368019512447,-0.0112109999999999,-0.004140787199889,0.01704,0.0
1933.7373807361873,-0.0112109999999999,-0.0041426817080963,0.01704,0.0
1933.8278980186733,-0.0112109999999999,-0.0041443477055783,0.01704,0.0
1933.9285001686367,-0.0112109999999999,-0.004146611671308,0.01704,0.0
1934.0296583107265,-0.011211,-0.0041481874159948,0.01704,0.0
1934.1302034786495,-0.0112109999999999,-0.004150457438734,0.01704,0.0
1934.2307696274074,-0.0112109999999999,-0.0041513050199962,0.01704,0.0
1934.3312930992397,-0.011211,-0.0041514114990563,0.01704,0.0
1934.4318644932064,-0.0108013869607931,-0.0045176626248761,0.01704,0.0
1934.5360624721798,-0.0088490198398321,-0.0062631551771304,0.01704,0.0
1934.6366059711727,-0.0065056637715933,-0.0083581368912266,0.01704,0.0
1934.7371568611416,-0.0041944837888155,-0.0104244084785968,0.01704,0.0
1934.8377268245968,-0.0018676692623813,-0.0125046519765407,0.01704,0.0
1934.9282436302456,0.0002342831294999,-0.0143838106981879,0.01704,0.0
1935.028805487469,0.0025514048852388,-0.0164553280902636,0.01704,0.0
1935.1293480327877,0.0049511884155715,-0.0186007369667632,0.01704,0.0
1935.229882233456,0.0071226594998846,-0.0205420707163408,0.01704,0.0
1935.3296804359707,0.009436190529406,-0.0226103820771113,0.01704,0.0
1935.4302189281734,0.011823006043703,-0.0247442870392547,0.01704,0.0
1935.5307929447445,0.0129043196518846,-0.0257109564397599,0.01704,0.0
1935.6313924721035,0.013101,-0.0258867777476908,0.01704,0.0
1935.731951468304,0.013393443280811,-0.025484066211183,0.01704,900.0
1935.8327848842891,0.0140126926855981,-0.0245589548084609,0.01704,900.0
1935.9333145550045,0.0147595101646148,-0.0232588810196198,0.01704,900.0
1936.0338561466488,0.0153995552871038,-0.0218638932578875,0.01704,900.0
1936.1344296863826,0.0158906375547772,-0.0204866153418449,0.01704,900.0
1936.2349572113308,0.0162843295286228,-0.0189828149569264,0.01704,900.0
1936.3355312279018,0.0165103496899823,-0.0175485228904428,0.01704,900.0
1936.4315643242153,0.0166165512715992,-0.0160805191280905,0.01704,900.0
1936.53309416087,0.016593360752683,-0.0145143806692177,0.01704,900.0
1936.6336605480465,0.0164232075339294,-0.0130677144336107,0.01704,900.0
1936.73422574313,0.0161132799699927,-0.0115940119635619,0.01704,900.0
1936.8348007133754,0.0156812653486524,-0.010143371310061,0.01704,900.0
1936.935374491528,0.0151062894990691,-0.0087141196137664,0.01704,900.0
1937.0368235042843,0.0143984582518715,-0.007349219149115,0.01704,900.0
1937.1273381641658,0.0136985886854674,-0.0062202500092783,0.01704,900.0
1937.2279016903194,0.012809438491978,-0.0050381970561841,0.01704,900.0
1937.329922669247,0.011755683403331,-0.0038834816651873,0.01704,900.0
1937.4304861954006,0.010672487530491,-0.002887175875701,0.01704,900.0
1937.531068556622,0.0094967731152594,-0.0019675746906516,0.01704,900.0
1937.6316337517055,0.008193567467522,-0.0011659267325804,0.01704,900.0
1937.7321290901455,0.0068056758225274,-0.0004667628475307,0.01704,900.0
1937.8326976230892,0.0054049895924015,9.279789247971724e-05,0.01704,900.0
1937.929743283108,0.0040489640585723,0.0004829805379204,0.01704,900.0
1938.0303034714016,0.0025703736540209,0.0007804125770153,0.01704,900.0
1938.1308662822994,0.0010756330373812,0.0009527712506339,0.01704,900.0
1938.2314283779415,-0.0004117128343514,0.0009795037589646,0.01704,900.0
1938.332010023907,-0.001909007836438,0.0008731017078246,0.01704,900.0
1938.4325635364803,-0.0033729664809987,0.000640326554673,0.01704,900.0
1938.5331308773311,-0.0048554693499085,0.0002716862674189,0.01704,900.0
1938.6337029865535,-0.0062996523272479,-0.0002456797779933,0.01704,900.0
1938.7324058941158,-0.00761409224414,-0.0008448290588974,0.01704,900.0
1938.832927697018,-0.0089295155622521,-0.0015982719047146,0.01704,900.0
1938.9334804943355,-0.0101805140737916,-0.0024938017883059,0.01704,900.0
1939.0340382984432,-0.0113283715445128,-0.003475582868972,0.01704,900.0
1939.1306180885585,-0.0123539681716279,-0.004521084203312,0.01704,900.0
1939.2311832836422,-0.0133013572967111,-0.0056754907152613,0.01704,900.0
1939.3317508629116,-0.0141257817831315,-0.0068900510420486,0.01704,900.0
1939.4323029449733,-0.0148543787526804,-0.0081914733803244,0.01704,900.0
1939.5328700474056,-0.0154740641551104,-0.0095723922724672,0.01704,900.0
1939.633433096722,-0.0159616150259341,-0.011016529952528,0.01704,900.0
1939.7339696815761,-0.0163289671223876,-0.0125117074664233,0.01704,900.0
1939.8345541885647,-0.0165466918163864,-0.0139398635055576,0.01704,900.0
1939.931747429684,-0.0166274665683735,-0.0154860697613955,0.01704,900.0
1940.0323111942562,-0.0165727100914434,-0.0169342614422063,0.01704,900.0
1940.1328968933376,-0.0163914487412318,-0.0183853194370361,0.01704,900.0
1940.2334670952114,-0.0160627872602029,-0.01986789199137,0.01704,900.0
1940.3340418270382,-0.0155926955302203,-0.0213523996253047,0.01704,900.0
1940.434619896725,-0.0150223851977318,-0.0227302486751833,0.01704,900.0
1940.5351891449245,-0.0143129602093858,-0.0240599689981796,0.01704,900.0
1940.6357536247524,-0.0134848226623318,-0.0253290615673022,0.01704,900.0
1940.7362675598415,-0.0125613004803921,-0.0264970829938618,0.01704,900.0
1940.8368315628322,-0.0114975770871595,-0.0276311915083235,0.01704,900.0
1940.9273374012264,-0.0104821595607303,-0.0285304983293543,0.01704,900.0
1941.0280954769405,-0.0093224225394328,-0.029398981819445,0.01704,900.0
1941.1378612449917,-0.0079344420702898,-0.0302515628505342,0.01704,900.0
1941.2283792427334,-0.0066703213190615,-0.0308488161628138,0.01704,900.0
1941.3289451530727,-0.0052634905204284,-0.0313868469826455,0.01704,900.0
1941.4295968941005,-0.0037861555326571,-0.0318046325654143,0.01704,900.0
1941.530973904446,-0.002311989631097,-0.0320790784396806,0.01704,900.0
1941.6315345695766,-0.0008481856746559,-0.0322174670174134,0.01704,900.0
1941.7320969036373,0.00066395758608,-0.0322278508349095,0.01704,900.0
1941.832658045605,0.0021745940179453,-0.0321011894997042,0.01704,900.0
1941.933374874905,0.0036537623627381,-0.0318359845659507,0.01704,900.0
1942.0339558056148,0.0051146737131425,-0.031445790202534,0.01704,900.0
1942.1345190933498,0.0064792477641396,-0.0309456924657176,0.01704,900.0
1942.2351119449886,0.0078338796993134,-0.0302931514433423,0.01704,900.0
1942.3419451645168,0.0092654397438603,-0.0294375418234566,0.01704,900.0
1942.4324462345394,0.0103694976173761,-0.0286151285208651,0.01704,900.0
1942.5329968860897,0.0115005223866001,-0.027615030832026,0.01704,900.0
1942.6335487297329,0.0125459094765354,-0.0265196902707579,0.01704,900.0
1942.7340528896602,0.0130210206997415,-0.0259818411389637,0.01704,900.0
1942.834629290417,0.013101,-0.0258867777476908,0.01704,900.0
1942.9351961544307,0.0120407645037907,-0.025571618738567,0.01704,900.0
1943.0357391765865,0.0078175629420391,-0.0243161846216795,0.01704,900.0
1943.1286587646755,0.0008056270845275,-0.0222316772719953,0.01704,900.0
1943.229228012875,-0.0060051048532935,-0.0202070159665158,0.01704,900.0
1943.3315577438625,-0.009625,-0.01913083140567,0.01704,900.0
1943.432129853085,-0.0098859261154518,-0.0182639410033258,0.01704,900.0
1943.532667630032,-0.0101333479495191,-0.0168582109970796,0.01704,900.0
1943.6332340172085,-0.0102042687041101,-0.0153531300494863,0.01704,900.0
1943.7338039806637,-0.0100632021473561,-0.0138983080068983,0.01704,900.0
1943.8343741825374,-0.0096895796340954,-0.0124459466860831,0.01704,900.0
1943.9349555900844,-0.0091220789539165,-0.0110429148385575,0.01704,900.0
1944.0354897907528,-0.0083788138746807,-0.0097862632968938,0.01704,900.0
1944.126004689053,-0.0075374882223186,-0.0087352242024046,0.01704,900.0
1944.2265798977169,-0.0064245330771673,-0.0076721851327111,0.01704,900.0
1944.3270115783962,-0.0052316352284625,-0.0068373667509677,0.01704,900.0
1944.4275991848262,-0.0038457965006849,-0.0061583166792616,0.01704,900.0
1944.528691046551,-0.0023815802484632,-0.0057056027301863,0.01704,900.0
1944.6292018821987,-0.0008835175613346,-0.0054535014265428,0.01704,900.0
1944.7302813461574,0.0006098868538074,-0.0054370761495252,0.01704,900.0
1944.8309442928585,0.0021171666399969,-0.0056466323669154,0.01704,900.0
1944.931516878918,0.0035710010693434,-0.0060666021814783,0.01704,900.0
1945.0320839813503,0.0049174952012023,-0.0066874688247789,0.01704,900.0
1945.1326472690853,0.0061679057295345,-0.0074955364794777,0.01704,900.0
1945.233215802029,0.0072860973973814,-0.008480140798749,0.01704,900.0
1945.3337783745083,0.0082628637155052,-0.0096166615107535,0.01704,900.0
1945.4343445232662,0.0090780056744026,-0.0109330451717456,0.01704,900.0
1945.5573329857143,0.0097651207643872,-0.0126071433220066,0.01704,900.0
1945.6277360847744,0.0100138475881599,-0.0135873839821524,0.01704,900.0
1945.7282617023739,0.0102022365067636,-0.0151117432786815,0.01704,900.0
1945.8288185528072,0.0101667669147216,-0.0166201300223385,0.01704,900.0
1945.9294645717891,0.0098975917744863,-0.0181143277422397,0.01704,900.0
1946.0300230911525,0.0094261525279092,-0.019536284617046,0.01704,900.0
1946.1305901935848,0.0087487765130056,-0.0208787035278221,0.01704,900.0
1946.2311198643001,0.0078952352018454,-0.0221016176290376,0.01704,900.0
1946.3316795757564,0.0068965304343653,-0.0231643338919741,0.01704,900.0
1946.43224310191,0.0056946753028078,-0.0240960505791339,0.01704,900.0
1946.5327603748592,0.0043471521937767,-0.0248952338590728,0.01704,900.0
1946.633323185757,0.0030212268436511,-0.0254022234289298,0.01704,900.0
1946.7360298565181,0.0014639312349954,-0.0257582438220488,0.01704,900.0
1946.8264925411495,0.0001718980305539,-0.0258527929444382,0.01704,900.0
1946.9270570209774,-0.0013403456014937,-0.0257499894885335,0.01704,900.0
1947.0276217392238,-0.0028251912744566,-0.0254385802144618,0.01704,900.0
1947.1286158493313,-0.0042589850069185,-0.0249008120983906,0.01704,900.0
1947.2291698387417,-0.0055796989646682,-0.0241750734275458,0.01704,900.0
1947.329684727505,-0.0067663131301872,-0.023266250418356,0.01704,900.0
1947.4302821090969,-0.007804309048429,-0.0222031364362855,0.01704,900.0
1947.5309107235225,-0.0086784358791482,-0.021017903612555,0.01704,900.0
1947.6314911773952,-0.0093460665131286,-0.0198043935888095,0.01704,900.0
1947.731987231091,-0.009625,-0.01913083140567,0.01704,900.0
1947.8325450351986,-0.0096253878196228,-0.0191256265517621,0.01704,900.0
1947.9339923790249,-0.0096412062320617,-0.018913330626142,0.01704,900.0
1948.034571402386,-0.0101450914430791,-0.0121271176687896,0.01704,900.0
1948.1351251533779,-0.0105639577357411,-0.0064861168055252,0.01704,900.0
1948.2296152046474,-0.0106619999999999,-0.005165761400117,0.01704,900.0
1948.3301513126644,-0.010843045660115,-0.0053643811573367,0.01704,900.0
1948.4307191303524,-0.0114555561312742,-0.0060868869960125,0.01704,900.0
1948.531302445248,-0.0123829232340718,-0.0073142301904532,0.01704,900.0
1948.631890051678,-0.0131480056526896,-0.0085960810477101,0.01704,900.0
1948.7324519089016,-0.0137897984918427,-0.0099250481608859,0.01704,900.0
1948.8330078056606,-0.0142818463846224,-0.011308108586449,0.01704,900.0
1948.9316849640163,-0.0146373174932648,-0.0126799703056042,0.01704,900.0
1949.0322751930507,-0.0148159084770903,-0.0137817665145658,0.01704,900.0
1949.1327960422786,-0.0149148677295411,-0.0152149818451186,0.01704,900.0
1949.2333714893612,-0.0148762705828608,-0.016709670402036,0.01704,900.0
1949.3292934826168,-0.0147412911125369,-0.0179413993872774,0.01704,900.0
1949.4298729828151,-0.0145010840098159,-0.0191921765286275,0.01704,900.0
1949.530461304501,-0.0141060242116994,-0.0205118990736731,0.01704,900.0
1949.6310272148403,-0.0135310831923166,-0.0218857903538369,0.01704,900.0
1949.731589548901,-0.0128181696009549,-0.0232449822784033,0.01704,900.0
1949.832087033108,-0.0119939867465558,-0.024500759111914,0.01704,900.0
1949.9326507976803,-0.0110639923222473,-0.025638378097785,0.01704,900.0
1950.0332062176021,-0.0099695919504405,-0.0267373897970928,0.01704,900.0
1950.1319289139064,-0.0088347753844,-0.0276657333593478,0.01704,900.0
1950.2324883869442,-0.0075600695854603,-0.02848812766129,0.01704,900.0
1950.3330426147731,-0.0062704113242155,-0.0291709276901667,0.01704,900.0
1950.4336254528316,-0.0052379910980116,-0.0296000499697608,0.01704,900.0
1950.5342047146114,-0.0039670381836297,-0.0300026425535645,0.01704,900.0
1950.6347265175136,-0.0026221446754645,-0.0303107404424905,0.01704,900.0
1950.7352433136257,-0.0013826218433678,-0.0304849310325989,0.01704,900.0
1950.8257555893215,-0.0002323726201282,-0.0305422713720861,0.01704,900.0
1950.9263124397548,0.0012266704287207,-0.0304930809452916,0.01704,900.0
1951.0269393852504,0.0027731916630703,-0.0302932445005382,0.01704,900.0
1951.1279699734005,0.0041920374984719,-0.029950313534534,0.01704,900.0
1951.2285234859737,0.0056360423176837,-0.0294621823903435,0.01704,900.0
1951.3290824821743,0.0070204306901058,-0.0287953882831204,0.01704,900.0
1951.4296524456295,0.0082689607939731,-0.0280510484136906,0.01704,900.0
1951.5302529266628,0.009489753098167,-0.0271257561767807,0.01704,900.0
1951.6264846256527,0.0104364226711014,-0.0262858726382489,0.01704,900.0
1951.7284107139858,0.0113966992285659,-0.0252385643587597,0.01704,900.0
1951.829675667599,0.0123146349496746,-0.0240347100969469,0.01704,900.0
1951.9302413395199,0.0130921562506464,-0.0227593807189918,0.01704,900.0
1952.0308473041805,0.0137495837834769,-0.0214009358821052,0.01704,900.0
1952.1313645771297,0.0142647374013666,-0.0199907587067608,0.01704,900.0
1952.2322184971126,0.0146316382202068,-0.0185590826344093,0.01704,900.0
1952.3327841690334,0.0148511690039898,-0.0170837638169617,0.01704,900.0
1952.4275853565487,0.0149280075215135,-0.0156283912242926,0.01704,900.0
1952.5281379154476,0.014893342339416,-0.0145649331343134,0.01704,900.0
1952.6286790302547,0.0147839049701296,-0.0135488233569603,0.01704,900.0
1952.7292497089657,0.0145409637428484,-0.0123162200254956,0.01704,900.0
1952.8298079899105,0.0141523738497114,-0.010926693815679,0.01704,900.0
1952.930386298016,0.0135979851011059,-0.009517087773194,0.01704,900.0
1953.0309488704952,0.0129062349330775,-0.0081653591464317,0.01704,900.0
1953.1315154960903,0.0120765323516655,-0.0068824486699617,0.01704,900.0
1953.2320969036373,0.0111245993656898,-0.0056979213017953,0.01704,900.0
1953.3326215675625,0.010092547368288,-0.0046441396065176,0.01704,900.0
1953.4331893852504,0.0089550829603431,-0.0037000747406813,0.01704,900.0
1953.5337572029384,0.0076716241010144,-0.0028293885691169,0.01704,900.0
1953.6303989818844,0.006400096935608,-0.0021445370920557,0.01704,900.0
1953.7315189770015,0.0050335590827095,-0.0015795167297501,0.01704,900.0
1953.8320748737606,0.0035519539316866,-0.0011399415144463,0.01704,900.0
1953.9326429298671,0.002076977880773,-0.0008618018476251,0.01704,900.0
1954.0331664016994,0.0005686298975655,-0.0007315227201913,0.01704,900.0
1954.1337399414333,-0.0009147557986003,-0.0007493268236167,0.01704,900.0
1954.2342514923366,-0.0021334042836207,-0.0008612104331854,0.01704,900.0
1954.3347952297481,-0.0032920776973863,-0.0010851758280368,0.01704,900.0
1954.435365431622,-0.0045703622560835,-0.0014233528299034,0.01704,900.0
1954.5276696613582,-0.0055755475667788,-0.0017891055511856,0.01704,900.0
1954.6282122066768,-0.006909162898236,-0.002404493444822,0.01704,900.0
1954.7334608963283,-0.0082547498511014,-0.0031864282355959,0.01704,900.0
1954.834035151318,-0.0093960824183267,-0.0040337436673338,0.01704,900.0
1954.9345495632442,-0.01046597905663,-0.0049859255779108,0.01704,900.0
1955.0351190498623,-0.010653637483994,-0.0051576475448132,0.01704,900.0
1955.1256298950466,-0.0106619999999999,-0.005165761400117,0.01704,900.0
1955.2262067726406,-0.0107491150734998,-0.0074779399028713,0.01704,900.0
1955.3267526558193,-0.0109760516221232,-0.0135044105863583,0.01704,900.0
1955.4282073906215,-0.0111724111035019,-0.0187200089184692,0.01704,900.0
1955.528770916775,-0.011211,-0.019744759362828,0.01704,900.0
1955.6293413570675,-0.0112172798726217,-0.0197273868530095,0.01704,900.0
1955.7299070289882,-0.0113180586967388,-0.0193932937006806,0.01704,900.0
1955.8304798534664,-0.0116933824034225,-0.0180142421960029,0.01704,900.0
1955.9323215416225,-0.0119017969750045,-0.0164857559106828,0.01704,900.0
1956.0329101017269,-0.0119065154100539,-0.0150198431605142,0.01704,900.0
1956.1339104107174,-0.0117386312048765,-0.0135393359742169,0.01704,900.0
1956.2344968250545,-0.0113707660294704,-0.0120502953313712,0.01704,900.0
1956.3350691726955,-0.0108124334705231,-0.0106272715877044,0.01704,900.0
1956.4255881241115,-0.0101817206779735,-0.0094502892825945,0.01704,900.0
1956.526151173428,-0.0093345245015045,-0.0082398542646299,0.01704,900.0
1956.62676023753,-0.0083220226146598,-0.007106164537873,0.01704,900.0
1956.7281973293575,-0.0071651435363142,-0.0061009552159201,0.01704,900.0
1956.8287579944881,-0.0059602780012731,-0.0052969749873907,0.01704,900.0
1956.929336064175,-0.0045878767736338,-0.0046227789298321,0.01704,900.0
1957.026556723431,-0.0031886582905773,-0.0041304948542296,0.01704,900.0
1957.1276075771602,-0.0017038185228294,-0.0038175877016543,0.01704,900.0
1957.2281753948482,-0.0002017467050847,-0.003699510188663,0.01704,900.0
1957.3287310531887,0.0013035551967022,-0.0037834371070734,0.01704,900.0
1957.4292943409237,0.0027623603122972,-0.0040515163337398,0.01704,900.0
1957.529252999142,0.0041936218331947,-0.0044776588871711,0.01704,900.0
1957.6298079422268,0.0055917089069492,-0.0051127481519921,0.01704,900.0
1957.7303700378689,0.0068935955438508,-0.0059146447849844,0.01704,900.0
1957.830938332394,0.0080549982528519,-0.0068519374712919,0.01704,900.0
1957.9315268924984,0.0090687697395158,-0.0079083374666802,0.01704,900.0
1958.0321021011623,0.0099738633422539,-0.0091030291817872,0.01704,900.0
1958.1326694420131,0.0107334116200828,-0.0104065101325778,0.01704,900.0
1958.2340357235225,0.0113249782547855,-0.0118634645310551,0.01704,900.0
1958.3346192768367,0.0116980877058436,-0.0132840937324941,0.01704,900.0
1958.4351816108974,0.0118928933211079,-0.014820174701188,0.01704,900.0
1958.5257022312435,0.0118992927250718,-0.0161827110184975,0.01704,900.0
1958.6262693336757,0.011742968887374,-0.0176708210526503,0.01704,900.0
1958.7270541122707,0.0114023458399989,-0.0190990057354089,0.01704,900.0
1958.8276271751674,0.0108776240555122,-0.0204762068803576,0.01704,900.0
1958.9281823566707,0.0101626275040325,-0.0218309875722423,0.01704,900.0
1959.029257529095,0.0092716045194365,-0.0231057416259251,0.01704,900.0
1959.1298060348781,0.0082852862117732,-0.0242041737656385,0.01704,900.0
1959.23036312373,0.0071833174055239,-0.0251500703645048,0.01704,900.0
1959.330937140301,0.0059287347699135,-0.0259813236948866,0.01704,900.0
1959.4315161636623,0.0045431158870428,-0.0266513998597424,0.01704,900.0
1959.5321052006038,0.0031367268986014,-0.0271384846124941,0.01704,900.0
1959.632646315411,0.001635187088013,-0.0274445072400335,0.01704,900.0
1959.733220331982,0.0001436430459112,-0.0275444512422252,0.01704,900.0
1959.8337891033443,-0.0013311002648222,-0.027465820194983,0.01704,900.0
1959.9258959224971,-0.002679052647927,-0.0272278524339854,0.01704,900.0
1960.0264744690212,-0.004148579215338,-0.026792598752808,0.01704,900.0
1960.1272852352413,-0.0055427498057169,-0.0261833981445924,0.01704,900.0
1960.227862828091,-0.0067930100500533,-0.0254242195596468,0.01704,900.0
1960.3284163406643,-0.0079842356975066,-0.0244751844694003,0.01704,900.0
1960.4327020576748,-0.0091041691973225,-0.023324171334115,0.01704,900.0
1960.533972733334,-0.0100117362262332,-0.0221110568353652,0.01704,900.0
1960.634536497906,-0.010736661761771,-0.0208521660625169,0.01704,900.0
1960.735177986935,-0.0111619041019644,-0.0198609272050409,0.01704,900.0
1960.8257110050472,-0.011211,-0.019744759362828,0.01704,900.0
1960.9262719085964,-0.0112109999999999,-0.019743250255628,0.01704,0.0
1961.0268587997707,-0.0112109999999999,-0.0197413459885945,0.01704,0.0
1961.127425902203,-0.0112109999999999,-0.0197402881918924,0.01704,0.0
1961.2280039718898,-0.011211,-0.0197395482985119,0.01704,0.0
1961.3285667827877,-0.011211,-0.019738119203777,0.01704,0.0
1961.429132693127,-0.0112109999999999,-0.0197367934931941,0.01704,0.0
1961.52967952998,-0.0112109999999999,-0.0197361815036208,0.01704,0.0
1961.630230896786,-0.0112109999999999,-0.0197344281610983,0.01704,0.0
1961.730786316708,-0.0112109999999999,-0.0197333099562855,0.01704,0.0
1961.831349604443,-0.011211,-0.0197324869505664,0.01704,0.0
1961.9218435219082,-0.0112109999999999,-0.0197308426363682,0.01704,0.0
1962.0224308899196,-0.0112109999999999,-0.0197298928104633,0.01704,0.0
1962.1230544975551,-0.0112109999999999,-0.019728602083555,0.01704,0.0
1962.2236075332912,-0.0112109999999999,-0.0197270806002307,0.01704,0.0
1962.3260517051967,-0.0112109999999999,-0.0197252765773856,0.01704,0.0
1962.4266161850246,-0.0112109999999999,-0.0197235210302396,0.01704,0.0
1962.5271916321071,-0.011211,-0.0197227939869037,0.01704,0.0
1962.627753250912,-0.0112109999999999,-0.019722335780719,0.01704,0.0
1962.7284586361202,-0.0112109999999999,-0.0197204830252127,0.01704,0.0
1962.8290178707393,-0.011211,-0.0197196199931753,0.01704,0.0
1962.9295988014492,-0.0112109999999999,-0.0197181928583469,0.01704,0.0
1963.0218241146358,-0.0112109999999999,-0.0197171950943293,0.01704,0.0
1963.1223916939052,-0.0112109999999999,-0.0197154636575811,0.01704,0.0
1963.223010056332,-0.0112109999999999,-0.0197139823045922,0.01704,0.0
1963.323575012997,-0.0112109999999999,-0.0197131384191232,0.01704,0.0
1963.4241506984981,-0.011211,-0.0197117775506354,0.01704,0.0
1963.5247311523708,-0.0112109999999999,-0.0197099663990261,0.01704,0.0
1963.6252989700588,-0.0112109999999999,-0.0197091572721445,0.01704,0.0
1963.7258262565883,-0.011211,-0.0197093274649984,0.01704,0.0
