1043.7790300961915,-0.008371,-0.0096871956671655,0.00923,0.0
1043.879601013321,-0.0083709999999999,-0.0096883747091556,0.00923,0.0
1043.980165969986,-0.008371,-0.0096909372074394,0.00923,0.0
1044.0807190057221,-0.008371,-0.0096928449685067,0.00923,0.0
1044.1812906381074,-0.0083709999999999,-0.0096954072049007,0.00923,0.0
1044.2857189294282,-0.008371,-0.0096973095150192,0.00923,0.0
1044.3862850781861,-0.008371,-0.0096987307495707,0.00923,0.0
1044.4868455048982,-0.008371,-0.0097004367235949,0.00923,0.0
1044.587393057007,-0.008371,-0.0097033920531163,0.00923,0.0
1044.687965404648,-0.008371,-0.0097054052713233,0.00923,0.0
1044.7784781571809,-0.008371,-0.0097072880525028,0.00923,0.0
1044.8790395375672,-0.008371,-0.0097097027546082,0.00923,0.0
1044.9796121236268,-0.008371,-0.009711551596578,0.00923,0.0
1045.080200206894,-0.008371,-0.0097133536697237,0.00923,0.0
1045.1807682630006,-0.008371,-0.009715448055226,0.00923,0.0
1045.2813344117585,-0.0083709999999999,-0.0097177422759965,0.00923,0.0
1045.3819108125153,-0.0083709999999999,-0.0097195278745383,0.00923,0.0
1045.4824755307618,-0.0083709999999999,-0.0097220617464647,0.00923,0.0
1045.5830416795197,-0.008371,-0.0097223692289111,0.00923,0.0
1045.6835887547913,-0.0083689069757423,-0.0097215772893883,0.00923,0.0
1045.7876267548982,-0.0072072277618991,-0.0092719866105174,0.00923,0.0
1045.8881914731446,-0.0053661094979234,-0.0085594791166047,0.00923,0.0
1045.9786987420503,-0.0035569146763511,-0.0078592756277308,0.00923,0.0
1046.0792567845765,-0.0015863423214718,-0.0070965916104344,0.00923,0.0
1046.1798246022645,0.0003324481687788,-0.0063540004961109,0.00923,0.0
1046.2804274674836,0.0022537034879567,-0.0056104255785175,0.00923,0.0
1046.380996238846,0.0041768148712077,-0.0048583644191019,0.00923,0.0
1046.4815695401612,0.0061200843517185,-0.0040552457438992,0.00923,0.0
1046.5821273442689,0.0082179855978211,-0.0033012282485593,0.00923,0.0
1046.6826799031678,0.0100953741435504,-0.0025755030925385,0.00923,0.0
1046.7832343694154,0.0109272305094607,-0.0022535610050359,0.00923,0.0
1046.8838067170564,0.0111409999999999,-0.0021708277162049,0.00923,0.0
1046.9843680974427,0.0108445063336975,-0.0019395754786372,0.00923,900.0
1047.084932338852,0.009934319072259,-0.0012906935337543,0.00923,900.0
1047.185451995987,0.0086357435585915,-0.0004630331483451,0.00923,900.0
1047.2860121842805,0.0073108529649252,0.0002163240630658,0.00923,900.0
1047.3778505441132,0.0060784487195417,0.0007394035132545,0.00923,900.0
1047.4784104939881,0.0046288262021872,0.0012063852417168,0.00923,900.0
1047.5789275285188,0.0031096475174299,0.0015619056879335,0.00923,900.0
1047.6794870015565,0.0016635981133917,0.0017508292326434,0.00923,900.0
1047.7800390836182,0.000179863145858,0.001826318286344,0.00923,900.0
1047.880622875351,-0.0013644387808767,0.0017686839053861,0.00923,900.0
1047.9811885472718,-0.0028345430338028,0.0015879111868464,0.00923,900.0
1048.0817496892396,-0.0042994909955882,0.0012849800632256,0.00923,900.0
1048.1823003407899,-0.0057526141126909,0.0008426160160438,0.00923,900.0
1048.283066284317,-0.0071793084428439,0.0002722000393471,0.00923,900.0
1048.3836228963319,-0.0085349798368098,-0.0004059965818208,0.00923,900.0
1048.4855196591798,-0.00980068883697,-0.0011890454045397,0.00923,900.0
1048.586079370636,-0.0110199588316036,-0.0020923732183834,0.00923,900.0
1048.686659109253,-0.0121168985030839,-0.0030570191807178,0.00923,900.0
1048.7772860642854,-0.0130846792681974,-0.0040651027031438,0.00923,900.0
1048.8795876618806,-0.0140822437878221,-0.0053012148329033,0.00923,900.0
1048.9801464196626,-0.0149133171989569,-0.0065643592529538,0.00923,900.0
1049.0807099458161,-0.0156234847581982,-0.0078586885145528,0.00923,900.0
1049.181277286667,-0.0162273786630323,-0.009222375877991,0.00923,900.0
1049.281840574402,-0.0166658826423439,-0.0104386783536631,0.00923,900.0
1049.3823819276276,-0.0169512607710587,-0.0114592075602638,0.00923,900.0
1049.4829700108949,-0.0171772411309941,-0.0125598411693404,0.00923,900.0
1049.5835492726746,-0.0173544501518148,-0.0137875006840261,0.00923,900.0
1049.6841182824555,-0.0174393864546687,-0.0149596136153289,0.00923,900.0
1049.7846925374452,-0.0174503020118922,-0.0162424527174961,0.00923,900.0
1049.8852744218293,-0.0173770350342374,-0.0172995288021518,0.00923,900.0
1049.98584009375,-0.0171814038377351,-0.0187975827221459,0.00923,900.0
1050.0869276639405,-0.0169961351783197,-0.0196398100154817,0.00923,900.0
1050.1774459001008,-0.0167317924670323,-0.0206015970373863,0.00923,900.0
1050.2779877301637,-0.0162824405442481,-0.0219041635028444,0.00923,900.0
1050.379329692978,-0.0156716131355693,-0.0232968100415476,0.00923,900.0
1050.4801411744538,-0.0149550835551063,-0.0246138003211398,0.00923,900.0
1050.5807135220948,-0.0141387831178477,-0.0258475472990398,0.00923,900.0
1050.6812250729981,-0.0132002811885219,-0.0270446533802884,0.00923,900.0
1050.7817807313386,-0.0121418104672441,-0.0281647695508612,0.00923,900.0
1050.8823504563752,-0.0110150826967625,-0.0291656330553042,0.00923,900.0
1050.9829156514588,-0.0098297078759966,-0.0300573312521501,0.00923,900.0
1051.0834806081239,-0.0085714500344511,-0.0308437013189182,0.00923,900.0
1051.1840613004151,-0.0072087630163729,-0.031535757371071,0.00923,900.0
1051.284634840149,-0.0058287459304592,-0.0320900220997279,0.00923,900.0
1051.3852155324403,-0.0044230827373905,-0.032511609914199,0.00923,900.0
1051.4857366200868,-0.0029503542436638,-0.0328285079608289,0.00923,900.0
1051.5863132592622,-0.0014107563635465,-0.0330218471452845,0.00923,900.0
1051.686844360489,8.292876362037127e-05,-0.0330789771428132,0.00923,900.0
1051.7774808522645,0.0014277276575997,-0.033016156887432,0.00923,900.0
1051.8780512925568,0.002963600997815,-0.032830586158567,0.00923,900.0
1051.986136448044,0.0045529438684814,-0.0324782769401207,0.00923,900.0
1052.0787046071473,0.0058504728513482,-0.032077879953747,0.00923,900.0
1052.1792616959992,0.00722861764862,-0.0315252533014484,0.00923,900.0
1052.2798278447572,0.0085623063756481,-0.0308526844237994,0.00923,900.0
1052.3803908940736,0.0098355797830683,-0.0300556281032451,0.00923,900.0
1052.482119094986,0.0110653744852655,-0.0291270546891509,0.00923,900.0
1052.5826850053254,0.0121769717829476,-0.0281246823346312,0.00923,900.0
1052.6832449552003,0.0132289548375444,-0.0270031428922583,0.00923,900.0
1052.7838068124238,0.0141748400179405,-0.0258095328698997,0.00923,900.0
1052.8843662854615,0.0149895558576237,-0.0245570239352374,0.00923,900.0
1052.9849395867768,0.0157014502210064,-0.0232334758086851,0.00923,900.0
1053.0854973908845,0.0163010787637181,-0.0218440498063871,0.00923,900.0
1053.1860616322938,0.0167824097099856,-0.0204224259058582,0.00923,900.0
1053.2866358872834,0.0171276843362175,-0.0189850873620614,0.00923,900.0
1053.377153885025,0.0173414307781967,-0.0176656252889655,0.00923,900.0
1053.48481489386,0.0174579771709608,-0.015960112939391,0.00923,900.0
1053.5853908177796,0.0174298166182056,-0.0145254518016141,0.00923,900.0
1053.685961258072,0.017250866348517,-0.0130082440017556,0.00923,900.0
1053.786527883667,0.0169602850466898,-0.0115312832347227,0.00923,900.0
1053.8770380135957,0.01659610979113,-0.0102541731473938,0.00923,900.0
1053.977559816498,0.0160749941958368,-0.0088385944073317,0.00923,900.0
1054.0781366940919,0.0154128530114548,-0.0074539824360891,0.00923,900.0
1054.1787181016389,0.0146457510038185,-0.0061484050209077,0.00923,900.0
1054.279232036728,0.0137667003115554,-0.0049044629022428,0.00923,900.0
1054.3798046227876,0.0127860991241609,-0.0037396004036636,0.00923,900.0
1054.4803629037324,0.011808244937532,-0.0027610550791722,0.00923,900.0
1054.581653129715,0.0111649267101519,-0.002191992656159,0.00923,900.0
1054.6822140332642,0.0111409999999999,-0.0021708277162049,0.00923,900.0
1054.7827384587708,0.0110068273408483,-0.002330753120547,0.00923,900.0
1054.8833036538545,0.0071402469263698,-0.0069384476578827,0.00923,900.0
1054.979033720154,0.0025246899310683,-0.0124386192509093,0.00923,900.0
1055.0796005841676,-0.0024462282156298,-0.0183623190298148,0.00923,900.0
1055.1801598187867,-0.0054672008883579,-0.0219623498453272,0.00923,900.0
1055.2807333585206,-0.0061329999999999,-0.0227557687172709,0.00923,900.0
1055.3812945004884,-0.0061348041063286,-0.0227541726982876,0.00923,900.0
1055.4818439599458,-0.0063762886134062,-0.0225155273488295,0.00923,900.0
1055.5823936578217,-0.0072469812287115,-0.021574231165783,0.00923,900.0
1055.6829373952332,-0.0081486859065712,-0.0203052977859874,0.00923,900.0
1055.7834839936677,-0.008771110595898,-0.0190187445785586,0.00923,900.0
1055.8840487119141,-0.0091938912069953,-0.0175505579696926,0.00923,900.0
1055.9846117612306,-0.0093804153806534,-0.016085241711642,0.00923,900.0
1056.0851914998475,-0.0093142870098422,-0.0145097524313517,0.00923,900.0
1056.1857531186524,-0.0090216856402818,-0.0130789511265012,0.00923,900.0
1056.2863128301087,-0.0085084784440723,-0.0116959784259198,0.00923,900.0
1056.3868720647279,-0.0077500740397805,-0.0103631170255183,0.00923,900.0
1056.4773738500062,-0.0069135567198296,-0.0092983626143688,0.00923,900.0
1056.5779388066712,-0.005845720173851,-0.0082931087926119,0.00923,900.0
1056.678514730591,-0.004603978940566,-0.0074496175453957,0.00923,900.0
1056.7790758725587,-0.0032436296372528,-0.0068136205228244,0.00923,900.0
1056.878942739624,-0.0018190258166937,-0.0064033230414375,0.00923,900.0
1056.9795005437318,-0.0002851898623968,-0.0062351966061239,0.00923,900.0
1057.079999696869,0.0012436191608345,-0.0063228751663059,0.00923,900.0
1057.1805536862794,0.0027087702552252,-0.0066454018813364,0.00923,900.0
1057.2811272260133,0.0041017559716663,-0.0071955230920844,0.00923,900.0
1057.3816428300324,0.0053650680189258,-0.0079463508898389,0.00923,900.0
1057.48220063414,0.0065144752032145,-0.0088888513333791,0.00923,900.0
1057.582742464203,0.0075127918552223,-0.010042413738333,0.00923,900.0
1057.6834821816865,0.0083329173348542,-0.0113313722484419,0.00923,900.0
1057.7840461846772,0.0089080587682692,-0.0127169488864399,0.00923,900.0
1057.8857438680116,0.0092680982765329,-0.0141981550666271,0.00923,900.0
1057.9863100167695,0.009389975514448,-0.0157203459842637,0.00923,900.0
1058.08686901297,0.0092599602999141,-0.0171906813776991,0.00923,900.0
1058.17733527388,0.0089345871868405,-0.018528537148824,0.00923,900.0
1058.277890693802,0.0083701285412677,-0.0198786184912545,0.00923,900.0
1058.3812306043092,0.0075468803604858,-0.0211999205819052,0.00923,900.0
1058.481809866089,0.0065486412865189,-0.0223336468237257,0.00923,900.0
1058.582365762848,0.0054159158599966,-0.0232709954636167,0.00923,900.0
1058.6829257127229,0.0041408215132091,-0.024033882725435,0.00923,900.0
1058.7835502740327,0.0027427387896826,-0.0245835802003872,0.00923,900.0
1058.8841092702332,0.0012721829096073,-0.024912947177175,0.00923,900.0
1058.9846229669038,-0.0002656378181851,-0.0250041447283468,0.00923,900.0
1059.085174810547,-0.0017478694558042,-0.0248448216602398,0.00923,900.0
1059.1857357140962,-0.003162859280317,-0.0244745690523364,0.00923,900.0
1059.2862677689973,-0.0045972038458795,-0.0238276595887357,0.00923,900.0
1059.386869680542,-0.0058344275794143,-0.0230065198312021,0.00923,900.0
1059.4773352261964,-0.0060736520596442,-0.0228065319669095,0.00923,900.0
1059.5782871362153,-0.0061329999999999,-0.0227557687172709,0.00923,900.0
1059.67884374823,-0.0048524314946467,-0.023467159965657,0.00923,900.0
1059.7793936845246,0.0001386762212647,-0.0262397091053517,0.00923,900.0
1059.8799607869569,0.0049523878717051,-0.0289136514131762,0.00923,900.0
1059.980530750412,0.006717,-0.0298938340295282,0.00923,900.0
1060.0859851952973,0.0068768103862609,-0.0298144341261727,0.00923,900.0
1060.1765112992707,0.0074094854697103,-0.0295403003650725,0.00923,900.0
1060.2770848390046,0.0087292201289635,-0.0287563934610998,0.00923,900.0
1060.3776531335297,0.009917016940423,-0.0278823199343673,0.00923,900.0
1060.478215706009,0.0110076315430502,-0.0269017223227113,0.00923,900.0
1060.5787756558839,0.0120555014975909,-0.0257539899049337,0.00923,900.0
1060.6793482419434,0.012974365378115,-0.0245611482977786,0.00923,900.0
1060.77991462912,0.0137417827986152,-0.0233156845814885,0.00923,900.0
1060.8804781552735,0.0144145203648307,-0.0219372927673556,0.00923,900.0
1060.9810464497987,0.0149727278408666,-0.0205092934567427,0.00923,900.0
1061.0816133138123,0.0153644106125858,-0.0190636613426566,0.00923,900.0
1061.1821761247102,0.0156311587096186,-0.017542446409402,0.00923,900.0
1061.2827413197938,0.0157434254454198,-0.0160582064794643,0.00923,900.0
1061.3832843419495,0.0157174215831377,-0.0145643991711908,0.00923,900.0
1061.4838705178681,0.0155665710078063,-0.0131443082446869,0.00923,900.0
1061.584534179825,0.0152912367466744,-0.0118032981716586,0.00923,900.0
1061.6851077195588,0.0149416444612407,-0.0106297553341828,0.00923,900.0
1061.7856860276643,0.0143935632954013,-0.00922381131214,0.00923,900.0
1061.886245500702,0.0136941290268201,-0.007855049137413,0.00923,900.0
1061.9768259641114,0.0129937529653304,-0.0067359497857276,0.00923,900.0
1062.077388298172,0.0120829872604846,-0.0055359459311857,0.00923,900.0
1062.1779549237672,0.01104319257653,-0.0044073906311647,0.00923,900.0
1062.2785320397797,0.0099521127905018,-0.0034214701651184,0.00923,900.0
1062.3790438291016,0.0087704417146173,-0.0025404954665252,0.00923,900.0
1062.4795739766541,0.0074795328023708,-0.0017642305135264,0.00923,900.0
1062.5836978074494,0.0060832135351075,-0.0010906430573824,0.00923,900.0
1062.6842739697877,0.0046319071655585,-0.0005593657009696,0.00923,900.0
1062.7857301351014,0.0031984828450806,-0.0001926733447678,0.00923,900.0
1062.8863070126954,0.0016477104512293,3.982925650833011e-05,0.00923,900.0
1062.9768271562043,0.0003200352336396,0.0001173238885323,0.00923,900.0
1063.077391159195,-0.001139155561382,7.023968993067828e-05,0.00923,900.0
1063.1779639836732,-0.0026374207505371,-0.0001107950352175,0.00923,900.0
1063.279364597458,-0.0041658286935879,-0.0004466152308314,0.00923,900.0
1063.3799281236115,-0.0056204669280823,-0.0009152505119499,0.00923,900.0
1063.4805271741334,-0.0069802333473527,-0.0015093968406654,0.00923,900.0
1063.5824611302796,-0.0083185080147671,-0.0022571976026361,0.00923,900.0
1063.6830515977326,-0.0095586679967221,-0.0031046581475799,0.00923,900.0
1063.7835486051026,-0.0107463671777549,-0.0041021495394246,0.00923,900.0
1063.886030208725,-0.0117857559474714,-0.0051630899837984,0.00923,900.0
1063.976550352234,-0.0126595204117298,-0.0062444717272628,0.00923,900.0
1064.0771265145722,-0.0134880015920671,-0.0075006245387107,0.00923,900.0
1064.1777088757935,-0.0141961183520766,-0.0088125685139983,0.00923,900.0
1064.2782728787843,-0.0146486676876322,-0.0098295619467223,0.00923,900.0
1064.3788211461488,-0.015048806816954,-0.010996776490948,0.00923,900.0
1064.4793815728608,-0.0154129338591385,-0.0124030805279245,0.00923,900.0
1064.5799398538056,-0.0156277011633058,-0.0136704918106575,0.00923,900.0
1064.680504572052,-0.0157269960432603,-0.0148929056938681,0.00923,900.0
1064.7810638066712,-0.0157361674117602,-0.0163830660253312,0.00923,900.0
1064.8815882321778,-0.0156137110054044,-0.0177698000713534,0.00923,900.0
1064.9821550961915,-0.0154452406047425,-0.0187814171975166,0.00923,900.0
1065.077205431122,-0.0150893253687618,-0.0201661828569314,0.00923,900.0
1065.177781116623,-0.0147532753427779,-0.0211580442375483,0.00923,900.0
1065.2783570405427,-0.0142329000732773,-0.022377396026923,0.00923,900.0
1065.378915559906,-0.013514989953515,-0.0237079576036058,0.00923,900.0
1065.4794824239198,-0.0126892866671729,-0.0249513607187227,0.00923,900.0
1065.5800197240296,-0.0117200656052271,-0.0261345363368749,0.00923,900.0
1065.680581104416,-0.0106327756356004,-0.0272442597018123,0.00923,900.0
1065.7811408158723,-0.0095000092190664,-0.0281906171123508,0.00923,900.0
1065.8817136403504,-0.0082981522078044,-0.0290178337318325,0.00923,900.0
1065.9782676812592,-0.0070244020219531,-0.0297332061707061,0.00923,900.0
1066.0788335915986,-0.0056848907404741,-0.0303268701097128,0.00923,900.0
1066.179401170868,-0.0042500496251509,-0.0308112944348786,0.00923,900.0
1066.2799606439057,-0.002780097636326,-0.0311387072913305,0.00923,900.0
1066.3805480119172,-0.0012335313964034,-0.0313347841025644,0.00923,900.0
1066.4811101075593,0.000248683944468,-0.0313801921991035,0.00923,900.0
1066.5816352483216,0.0017832733182058,-0.0312754977604484,0.00923,900.0
1066.682196628708,0.0032924817791384,-0.0310277083698493,0.00923,900.0
1066.7827773209992,0.0047574789491019,-0.0306379578143916,0.00923,900.0
1066.8833422776643,0.0060437598799538,-0.0301774465542755,0.00923,900.0
1066.9838965054932,0.0067133140297852,-0.0298955120180024,0.00923,900.0
1067.0844719525758,0.006717,-0.0298938340295283,0.00923,900.0
1067.1850469228211,0.0057653831347975,-0.0294947832427407,0.00923,900.0
1067.2856071111146,0.0011772677278042,-0.0275707868794979,0.00923,900.0
1067.3771655675355,-0.0057382194224973,-0.0246706638173548,0.00923,900.0
1067.4777317162934,-0.0071099352221086,-0.0240954101229392,0.00923,900.0
1067.5783054944459,-0.0072519999999999,-0.0240358326290764,0.00923,900.0
1067.678826820511,-0.0072911576692642,-0.0240008808125666,0.00923,900.0
1067.779821645874,-0.008027306194901,-0.0232562752383377,0.00923,900.0
1067.8803928014222,-0.0089629096249817,-0.0221472761886337,0.00923,900.0
1067.9809501286927,-0.0097493593977569,-0.0208821509132871,0.00923,900.0
1068.081518900055,-0.0103826539459945,-0.0195046217046183,0.00923,900.0
1068.1820984002534,-0.0108057580818408,-0.0180662167468515,0.00923,900.0
1068.2826807614747,-0.0110452532072055,-0.0165504938129257,0.00923,900.0
1068.38325740065,-0.0110773981785294,-0.0150422400128671,0.00923,900.0
1068.4838302251283,-0.0109091946288663,-0.0136005680688026,0.00923,900.0
1068.5844035264436,-0.0105380297094206,-0.0121023916871154,0.00923,900.0
1068.6849806424561,-0.0099559110754632,-0.0107429582848969,0.00923,900.0
1068.7855408307496,-0.0091976208014828,-0.0094436834658168,0.00923,900.0
1068.8861291524354,-0.0082356159516393,-0.008221843187223,0.00923,900.0
1068.976616632599,-0.0072560777948625,-0.0072528814826331,0.00923,900.0
1069.07839037146,-0.0060355450087409,-0.0063439520866741,0.00923,900.0
1069.1789622422639,-0.0047576473921161,-0.0056234831535698,0.00923,900.0
1069.2815928574983,-0.0033627799221462,-0.0050724860366387,0.00923,900.0
1069.3821554299775,-0.0018663407468228,-0.0047062446789726,0.00923,900.0
1069.4827177640382,-0.0003506084547865,-0.0045466102000586,0.00923,900.0
1069.5833017941895,0.0011076551254587,-0.0045907098000342,0.00923,900.0
1069.6838746186677,0.0025957038889122,-0.0048280697430615,0.00923,900.0
1069.7844436284486,0.004088949258881,-0.0053163223075436,0.00923,900.0
1069.8849516030732,0.0054070007283133,-0.0059459706302512,0.00923,900.0
1069.9855063077393,0.0066459391722884,-0.0067569120080263,0.00923,900.0
1070.0860648271027,0.0077660384041945,-0.0077196287450939,0.00923,900.0
1070.1765644666139,0.0086711236140173,-0.0087406882007582,0.00923,900.0
1070.2770872231904,0.009548526121879,-0.0100188924396169,0.00923,900.0
1070.3776602860871,0.0102216054522935,-0.0113605705894632,0.00923,900.0
1070.4782197591248,0.0106986452078189,-0.0127364103588999,0.00923,900.0
1070.5787408467713,0.0109955395037517,-0.0142526590242129,0.00923,900.0
1070.6794819947663,0.0110972477016072,-0.0157393814317135,0.00923,900.0
1070.7800190564576,0.0109875119005347,-0.017227165829022,0.00923,900.0
1070.8806016560975,0.0106448074249798,-0.018765167492426,0.00923,900.0
1070.9829881307069,0.0101117918237603,-0.020203018393726,0.00923,900.0
1071.0835495110932,0.0094060776250937,-0.0215020177114424,0.00923,900.0
1071.184107315201,0.0085536382716495,-0.022677229305725,0.00923,900.0
1071.2846715566102,0.0075017188291855,-0.0237821170482139,0.00923,900.0
1071.3852169629517,0.00633815622656,-0.0247110016217352,0.00923,900.0
1071.4857847806397,0.0050544358323296,-0.0254823033740291,0.00923,900.0
1071.5863504525605,0.0036655386130467,-0.0260742799542147,0.00923,900.0
1071.676869165558,0.0023656522307255,-0.0264563366132207,0.00923,900.0
1071.7774384137574,0.0008143168316897,-0.0266939639317667,0.00923,900.0
1071.8780181523744,-0.0006504755942292,-0.026701961772036,0.00923,900.0
1071.9785869237367,-0.0021421900898285,-0.0265253241873403,0.00923,900.0
1072.079190265793,-0.0036132030295388,-0.0261132064602347,0.00923,900.0
1072.1797595139924,-0.0050011975744782,-0.0255240113279166,0.00923,900.0
1072.2802920457307,-0.0063050807534566,-0.0247461636610356,0.00923,900.0
1072.3808612939301,-0.0070474072932164,-0.0241995547689878,0.00923,900.0
1072.4844076749268,-0.0072519999999999,-0.0240358326290764,0.00923,900.0
1072.5849681016389,-0.0071154523582992,-0.0237828129663158,0.00923,900.0
1072.6855371114198,-0.0051569716066665,-0.020154057573378,0.00923,900.0
1072.7861051675263,-0.0016629641404085,-0.0136802384569656,0.00923,900.0
1072.876610767502,0.0015018236938396,-0.0078164005195389,0.00923,900.0
1072.9771630879823,0.0043920036351851,-0.0024613571305505,0.00923,900.0
1073.0777311440888,0.004483,-0.002292801681919,0.00923,900.0
1073.1783137437287,0.0042259992674158,-0.002210972925869,0.00923,900.0
1073.2788896676484,0.0028546175220895,-0.0018684328752731,0.00923,900.0
1073.3794672604981,0.0013643408813618,-0.0016480682298078,0.00923,900.0
1073.4800262566987,-0.0001474394807687,-0.0015851174555393,0.00923,900.0
1073.58065558638,-0.0016249773044086,-0.001677669686833,0.00923,900.0
1073.6812362786713,-0.003106743228778,-0.0019352011973841,0.00923,900.0
1073.7819512006226,-0.0045648728719025,-0.0023448811545584,0.00923,900.0
1073.88076735701,-0.0059063370418014,-0.0028861219092252,0.00923,900.0
1073.9813468572083,-0.0072386853010229,-0.0035867686717953,0.00923,900.0
1074.08189393248,-0.0084992759786973,-0.0044311768661147,0.00923,900.0
1074.1826448556367,-0.009650644226267,-0.0054078540925998,0.00923,900.0
1074.2832212563935,-0.0106770723401204,-0.0064734323853736,0.00923,900.0
1074.3859403249207,-0.0116004440729631,-0.0076861278353623,0.00923,900.0
1074.4764351960603,-0.0123243666364853,-0.0088978571133416,0.00923,900.0
1074.5770011063996,-0.0129638651581035,-0.0102188367473004,0.00923,900.0
1074.6775527116242,-0.0134620384722738,-0.011657368109414,0.00923,900.0
1074.7781107541505,-0.0138221601789689,-0.0131523876486761,0.00923,900.0
1074.8786699887696,-0.0140023405624128,-0.0146402738790931,0.00923,900.0
1074.9792332765046,-0.0140310206872724,-0.0161291480017613,0.00923,900.0
1075.0797958489838,-0.0139080000852882,-0.0176179224929303,0.00923,900.0
1075.180362474579,-0.0136134656975457,-0.0190897006188279,0.00923,900.0
1075.2809267159882,-0.0131605756319137,-0.0205583817629519,0.00923,900.0
1075.3815012093964,-0.0125713431639109,-0.0219333189022559,0.00923,900.0
1075.4820349332276,-0.0117969379279816,-0.0232741015730058,0.00923,900.0
1075.5826039430085,-0.0109547116529582,-0.0244391292534659,0.00923,900.0
1075.6831498261872,-0.0099695390521014,-0.0255319261001744,0.00923,900.0
1075.7872202512208,-0.008772936238821,-0.0266031498936167,0.00923,900.0
1075.8777163144532,-0.0076448638588712,-0.0274073721759927,0.00923,900.0
1075.9782676812592,-0.00632709070334,-0.0281636514131727,0.00923,900.0
1076.0788283463899,-0.0049666974027858,-0.0287679748756091,0.00923,900.0
1076.1794116612855,-0.0035619340723939,-0.0292141337097102,0.00923,900.0
1076.280026209015,-0.0020817494262492,-0.0295225314963492,0.00923,900.0
1076.3805377599183,-0.000557545194371,-0.0296730838115523,0.00923,900.0
1076.4811077233735,0.000909763511944,-0.0296637954461774,0.00923,900.0
1076.581697952408,0.00245313280106,-0.0294781938891806,0.00923,900.0
1076.682271968979,0.0039035099587511,-0.0291349508139711,0.00923,900.0
1076.782862436432,0.0053118804007278,-0.0286455527905664,0.00923,900.0
1076.8833751794282,0.0066780881607793,-0.0279901596513269,0.00923,900.0
1076.9839534875337,0.007930520987786,-0.0272236123301115,0.00923,900.0
1077.0844915028993,0.0091118662145613,-0.0263133298977324,0.00923,900.0
1077.1851275083009,0.0102407319934175,-0.0252334254122228,0.00923,900.0
1077.289006721634,0.0112477201284582,-0.0240319688366151,0.00923,900.0
1077.3795206662599,0.011990887692953,-0.0229484442937992,0.00923,900.0
1077.4800808545533,0.0127024446269609,-0.0216229252544203,0.00923,900.0
1077.5806503411713,0.0132879660189034,-0.0202013492752452,0.00923,900.0
1077.6812241193238,0.0136895800075389,-0.0188141417462866,0.00923,900.0
1077.7817885991517,0.0139533222175301,-0.0172303402376996,0.00923,900.0
1077.8823604699555,0.0140603893003952,-0.0157537977524684,0.00923,900.0
1077.9829447385255,0.0139811554199804,-0.0142556711094305,0.00923,900.0
1078.0835149403993,0.0137576798629601,-0.0127837897783959,0.00923,900.0
1078.1840827580872,0.0133573273886479,-0.0113060606448181,0.00923,900.0
1078.2846610661927,0.0128149450646828,-0.0098845408098535,0.00923,900.0
1078.3852267381135,0.0122357491210778,-0.0087233228007312,0.00923,900.0
1078.4857516404572,0.0115555189704022,-0.0076516610077551,0.00923,900.0
1078.5762760755006,0.0107770983276602,-0.0066130682021105,0.00923,900.0
1078.677759658951,0.0097316190833674,-0.0055002675571774,0.00923,900.0
1078.7783656236115,0.0085376631489926,-0.0044592483135567,0.00923,900.0
1078.8789296266023,0.007367458219517,-0.0036444828977921,0.00923,900.0
1078.986433279175,0.0059484078815762,-0.0028836629164331,0.00923,900.0
1079.076900016922,0.0047872110826722,-0.0024146354864189,0.00923,900.0
1079.177902948517,0.0044900834939575,-0.0022953903866357,0.00923,900.0
1079.2794365998689,0.004483,-0.0022928016819191,0.00923,900.0
1079.3800013181153,0.0030374479994007,-0.0048819100870443,0.00923,900.0
1079.4805326577607,0.0001233059784875,-0.0101014275100211,0.00923,900.0
1079.58109356131,-0.0035983786249564,-0.0167673903947739,0.00923,900.0
1079.681658994812,-0.0068629578994836,-0.0226146749430899,0.00923,900.0
1079.7822229978028,-0.008371,-0.0253157987261218,0.00923,900.0
1079.8827927228394,-0.008431839208941,-0.0252607948422613,0.00923,900.0
1079.9833550569,-0.0090564473697604,-0.0246939750388462,0.00923,900.0
1080.083918344635,-0.0100521559191864,-0.0235703054114815,0.00923,900.0
1080.184442531723,-0.0108845828370132,-0.0223510890646402,0.00923,900.0
1080.2850129720155,-0.0115790170818961,-0.0210581613627419,0.00923,900.0
1080.3755264398042,-0.0120941560568366,-0.0197536977060898,0.00923,900.0
1080.4804251309815,-0.0125140234506585,-0.0182117454284115,0.00923,900.0
1080.5809817429963,-0.0127303841699072,-0.0167448550357724,0.00923,900.0
1080.681542408127,-0.0127757685285939,-0.0152375510921378,0.00923,900.0
1080.7821095105592,-0.0126477230503667,-0.0137320627097543,0.00923,900.0
1080.8828072663728,-0.0123412965661007,-0.0123029968533987,0.00923,900.0
1080.983372699875,-0.0118480125994648,-0.0108103097434654,0.00923,900.0
1081.0838930722657,-0.0112125980634334,-0.0094747141153903,0.00923,900.0
1081.1844580289307,-0.0103993294208084,-0.0081727392358722,0.00923,900.0
1081.2850010510865,-0.0094997960297231,-0.0070540512919433,0.00923,900.0
1081.375467073578,-0.0084904618626686,-0.006077159643415,0.00923,900.0
1081.4760210629884,-0.0072949677473879,-0.0051331410449117,0.00923,900.0
1081.5768220540467,-0.0060092404608786,-0.0043423945237735,0.00923,900.0
1081.6773748513642,-0.0046520476224335,-0.003718857866107,0.00923,900.0
1081.7778949853364,-0.0032499381835067,-0.003268760588288,0.00923,900.0
1081.8822224255982,-0.0017460430388187,-0.0029665408532784,0.00923,900.0
1081.9827950116578,-0.0002472710931311,-0.0028516095219704,0.00923,900.0
1082.0833828565064,0.0012716892993706,-0.0029087078221996,0.00923,900.0
1082.183940660614,0.0027876578437793,-0.0031419926734495,0.00923,900.0
1082.2844517346803,0.0041621796788673,-0.0035221785142115,0.00923,900.0
1082.3753295060578,0.0054629812096527,-0.0040451741516406,0.00923,900.0
1082.4758668061677,0.0068251790304176,-0.0048056870450747,0.00923,900.0
1082.5764286633912,0.0079888529686988,-0.0057022092709414,0.00923,900.0
1082.676988136429,0.0091138810808957,-0.006695731550025,0.00923,900.0
1082.7775542851869,0.0100916091988899,-0.0078471146990355,0.00923,900.0
1082.878108989853,0.0109439279204786,-0.009080788931077,0.00923,900.0
1082.9787151929322,0.0116636963914942,-0.0103824439472979,0.00923,900.0
1083.0792868253175,0.0121999754269586,-0.0117983973584604,0.00923,900.0
1083.179847490448,0.0125705570992369,-0.0132683768064703,0.00923,900.0
1083.2804167386475,0.0127553229853362,-0.0147366440226258,0.00923,900.0
1083.3809855100099,0.0127768254368743,-0.0162942341106619,0.00923,900.0
1083.4828541394654,0.0126094859140736,-0.0178088432475736,0.00923,900.0
1083.5834305402223,0.0122685687934317,-0.0192721798187409,0.00923,900.0
1083.6839513894502,0.0117712659775262,-0.0206464735940699,0.00923,900.0
1083.7961261388245,0.011032406256958,-0.0221032497603742,0.00923,900.0
1083.8765740510407,0.0103426717128394,-0.0231348817078578,0.00923,900.0
1083.9771463986817,0.0093563815805156,-0.0243325188714708,0.00923,900.0
1084.0777144547883,0.0082569042665381,-0.0253860727255094,0.00923,900.0
1084.1782980081025,0.0070494403514475,-0.0262850007701842,0.00923,900.0
1084.2788713094178,0.005759015644539,-0.0270351803279509,0.00923,900.0
1084.3794360276643,0.0044084434305171,-0.0276312394433741,0.00923,900.0
1084.4801683541718,0.0029937075548767,-0.0280653558750774,0.00923,900.0
1084.5807418939057,0.0015529413275277,-0.0283321892247021,0.00923,900.0
1084.681308996338,4.229828055911378e-05,-0.0284368905875423,0.00923,900.0
1084.7818718072358,-0.0014999274125616,-0.0283430739259641,0.00923,900.0
1084.8835864182893,-0.0029829171922342,-0.0280744548627914,0.00923,900.0
1084.9841160890046,-0.0044138033065751,-0.0276279665760468,0.00923,900.0
1085.0846812840882,-0.0058055087889691,-0.0270134558485624,0.00923,900.0
1085.1853344556275,-0.0070961247935711,-0.0262562058316828,0.00923,900.0
1085.2758414861146,-0.0079767965094756,-0.0256376809013933,0.00923,900.0
1085.3782758828584,-0.008371,-0.0253157987261218,0.00923,900.0
1085.4788498994294,-0.008371,-0.0253157201937219,0.00923,900.0
1085.5794232007447,-0.0083709999999999,-0.0253148452130033,0.00923,0.0
1085.6800093766633,-0.008371,-0.0253123358424901,0.00923,0.0
1085.7805819627229,-0.008371,-0.0253110319080598,0.00923,0.0
1085.881159317154,-0.0083709999999999,-0.0253109147634825,0.00923,0.0
1085.981695425171,-0.008371,-0.0253089599784145,0.00923,0.0
1086.082255851883,-0.008371,-0.0253075344428867,0.00923,0.0
1086.1828332063142,-0.008371,-0.0253067911310426,0.00923,0.0
1086.2846582051698,-0.008371,-0.0253052958670054,0.00923,0.0
1086.3852288838807,-0.008371,-0.0253041114960259,0.00923,0.0
1086.4757328149262,-0.008371,-0.0253030329816524,0.00923,0.0
1086.5763189908448,-0.008371,-0.0253015209114986,0.00923,0.0
1086.6768939610902,-0.008371,-0.0253004761247218,0.00923,0.0
1086.777404081482,-0.008371,-0.0252992004878092,0.00923,0.0
1086.8779184934083,-0.008371,-0.0252874949459777,0.00923,0.0
1086.9784908410493,-0.008371,-0.0251840966085453,0.00923,0.0
1087.088214409012,-0.008371,-0.0252900885863074,0.00923,0.0
1087.1787381287995,-0.008371,-0.0252936686993403,0.00923,0.0
1087.2793166753236,-0.008371,-0.0252921151286621,0.00923,0.0
1087.3798666116181,-0.008371,-0.0252907506186109,0.00923,0.0
1087.4804272767487,-0.008371,-0.0252898759412795,0.00923,0.0
1087.5809979554597,-0.008371,-0.025288605593394,0.00923,0.0
1087.681574594635,-0.008371,-0.0252869536929205,0.00923,0.0
1087.7821519490662,-0.0083709999999999,-0.0252851133898414,0.00923,0.0
1087.882714283127,-0.0083709999999999,-0.025283973611558,0.00923,0.0
1087.9832732793275,-0.008371,-0.0252835445649586,0.00923,0.0
1088.0838563558045,-0.0083709999999999,-0.02528105368445,0.00923,0.0
1088.1844298955384,-0.008371,-0.0252800389865161,0.00923,0.0
1088.2849993821565,-0.0083709999999999,-0.025280371829171,0.00923,0.0
1088.37552715506,-0.0083709999999999,-0.0252804049475404,0.00923,0.0
