2224.320158813176,-0.012505,-0.0013201532231124,0.02059,0.0
2224.4207318760728,-0.0125049999999999,-0.0013212269488261,0.02059,0.0
2224.521262738881,-0.012505,-0.0013229787617702,0.02059,0.0
2224.621837232289,-0.012505,-0.0013249954398508,0.02059,0.0
2224.7225039936875,-0.012505,-0.0013269364984729,0.02059,0.0
2224.8234959580277,-0.012505,-0.0013290439680392,0.02059,0.0
2224.9240656830643,-0.012505,-0.0013310489233402,0.02059,0.0
2225.0246270634507,-0.0125049999999999,-0.001332835971526,0.02059,0.0
2225.115139100728,-0.012505,-0.0013343558455275,0.02059,0.0
2225.2157026268815,-0.012505,-0.0013362885759633,0.02059,0.0
2225.316278073964,-0.0125049999999999,-0.0013384125050111,0.02059,0.0
2225.4168444611405,-0.012505,-0.0013403578064841,0.02059,0.0
2225.5245800949906,-0.012505,-0.0013424396127486,0.02059,0.0
2225.62514767426,-0.012505,-0.0013443514247172,0.02059,0.0
2225.7156628109788,-0.012505,-0.0013462988893329,0.02059,0.0
2225.816226575551,-0.012505,-0.0013479880279484,0.02059,0.0
2225.91679081696,-0.0125049999999999,-0.0013499974738781,0.02059,0.0
2226.0173588730668,-0.0125049999999999,-0.0013520057983829,0.02059,0.0
2226.1180327870225,-0.012505,-0.0013538013685622,0.02059,0.0
2226.218596313176,-0.0125049999999999,-0.001354998629001,0.02059,0.0
2226.3191643692826,-0.012505,-0.0013553983583481,0.02059,0.0
2226.419730756459,-0.0121634175949767,-0.001626298285236,0.02059,0.0
2226.520294044194,-0.0108096837937978,-0.0026998077778661,0.02059,0.0
2226.6208582856034,-0.0082933819600451,-0.0046951087322019,0.02059,0.0
2226.7214179970597,-0.0056365715612204,-0.0068019605182185,0.02059,0.0
2226.821981046376,-0.0030875534353743,-0.0088232432702069,0.02059,0.0
2226.9225464798783,-0.0005302854319097,-0.0108510678883231,0.02059,0.0
2227.0231078602646,0.0019233189080913,-0.0127967016888019,0.02059,0.0
2227.12367949265,0.0044216554592607,-0.0147778228348909,0.02059,0.0
2227.2242487408494,0.0070426915647422,-0.0168562112632063,0.02059,0.0
2227.3248239495133,0.0095504997243147,-0.0188448325543086,0.02059,0.0
2227.415329549489,0.0117795356295116,-0.0206123878699924,0.02059,0.0
2227.517841432271,0.0136674917272284,-0.0221094480617889,0.02059,0.0
2227.618398521123,0.0143779999999999,-0.0226728303418706,0.02059,0.0
2227.718940112767,0.0144358773770305,-0.0225433444178745,0.02059,900.0
2227.8194550015305,0.0148124699458549,-0.0216939361412536,0.02059,900.0
2227.9200223423813,0.0153365216044875,-0.0202125133761169,0.02059,900.0
2228.0205853916978,0.0156977048491684,-0.0187246980876629,0.02059,900.0
2228.1211045719956,0.0159078098404443,-0.0173116815761729,0.02059,900.0
2228.221662614522,0.015982732824215,-0.0158087631499201,0.02059,900.0
2228.32224211472,0.0159288859197748,-0.014274437738744,0.02059,900.0
2228.42281970757,0.0157251821538164,-0.0127502455685125,0.02059,900.0
2228.523375127492,0.0153878066023236,-0.0112838590719838,0.02059,900.0
2228.623889062581,0.0149145627691145,-0.0098761973919747,0.02059,900.0
2228.7244497277115,0.014324609057069,-0.008520754305102,0.02059,900.0
2228.814940068898,0.0136881097674149,-0.0073549623647457,0.02059,900.0
2228.918324325261,0.0128089779534214,-0.0060480588013415,0.02059,900.0
2229.018845651326,0.0118368302700248,-0.0048514075632188,0.02059,900.0
2229.119363162694,0.0108173978607522,-0.0038361903227815,0.02059,900.0
2229.2199259735917,0.0096352864134758,-0.0028630053572008,0.02059,900.0
2229.3204904534196,0.0083524108986197,-0.0019858368778566,0.02059,900.0
2229.421059701619,0.0070225626244533,-0.0012648669497099,0.02059,900.0
2229.5216268040513,0.0056837458960498,-0.0006831505067714,0.02059,900.0
2229.622196529088,0.0042589971682699,-0.000219397049005,0.02059,900.0
2229.7227135636185,0.0027845556258017,0.0001148175289272,0.02059,900.0
2229.8232789971207,0.0012926999806226,0.0003047227674976,0.02059,900.0
2229.9238425232743,-0.0001530504078478,0.0003650464302531,0.02059,900.0
2230.024413440404,-0.0014452069016652,0.0003014218268772,0.02059,900.0
2230.114950511632,-0.002534629084535,0.0001711077631632,0.02059,900.0
2230.2155197598313,-0.0039474202631814,-0.0001208328615728,0.02059,900.0
2230.3160885311936,-0.0053951205906755,-0.0005613954054435,0.02059,900.0
2230.4166608788346,-0.0067946544060715,-0.001145250730527,0.02059,900.0
2230.5172849633072,-0.0081121598987752,-0.0018470696675019,0.02059,900.0
2230.618814799962,-0.0093711385882979,-0.0026737820245157,0.02059,900.0
2230.719375703511,-0.0105677958814503,-0.0036344757146494,0.02059,900.0
2230.819951389012,-0.0116499040016241,-0.0046763678825268,0.02059,900.0
2230.920519921956,-0.0126042681489328,-0.005793910234803,0.02059,900.0
2231.021099660573,-0.0134661821007736,-0.007011569345641,0.02059,900.0
2231.121610734639,-0.0142157811452513,-0.0083143417497973,0.02059,900.0
2231.222194526372,-0.0148309675108417,-0.0096246073185177,0.02059,900.0
2231.322778079686,-0.0152423136320569,-0.0107568149238461,0.02059,900.0
2231.4233568646287,-0.0156349128457348,-0.0122196777478185,0.02059,900.0
2231.5239037014817,-0.0158898954074681,-0.0136838524095331,0.02059,900.0
2231.6244772412156,-0.0159963359006641,-0.0151230474463628,0.02059,900.0
2231.714984510121,-0.0159621769865593,-0.0165246366289869,0.02059,900.0
2231.8155623413895,-0.0158145187141906,-0.0180639605562218,0.02059,900.0
2231.916325900731,-0.0155118654245269,-0.0195311817109723,0.02059,900.0
2232.016910169301,-0.0151321320973294,-0.0208048911808637,0.02059,900.0
2232.1188772656296,-0.0146680005217295,-0.0219845605992059,0.02059,900.0
2232.219596717534,-0.0140308833634775,-0.0232896994524417,0.02059,900.0
2232.3201652504777,-0.0132350972597345,-0.0246022876527797,0.02059,900.0
2232.420690868077,-0.0123446702519441,-0.025801478400084,0.02059,900.0
2232.521259877858,-0.0113302554877665,-0.0269269293450009,0.02059,900.0
2232.6218324639176,-0.0102104926321431,-0.0279536614653703,0.02059,900.0
2232.722400520024,-0.0089889778110603,-0.0288685043786573,0.02059,900.0
2232.822988364873,-0.0077378869795265,-0.0296322398039418,0.02059,900.0
2232.923556182561,-0.0063786449913982,-0.030285924017955,0.02059,900.0
2233.024127814946,-0.0050036609733452,-0.0308192583557559,0.02059,900.0
2233.114645574269,-0.0036878118426934,-0.0311819660057734,0.02059,900.0
2233.2152505852555,-0.0022445307316719,-0.0314550362466817,0.02059,900.0
2233.3158110119675,-0.0009998193753742,-0.0315938275651716,0.02059,900.0
2233.416398379979,0.0001640521749419,-0.0316158144428486,0.02059,900.0
2233.5169533230637,0.0016777415541117,-0.0315362835149281,0.02059,900.0
2233.618886563954,0.0032102972390753,-0.0313019539053099,0.02059,900.0
2233.719517324147,0.0047218900678036,-0.030922849325852,0.02059,900.0
2233.820064876256,0.0061317717949882,-0.0304099213852571,0.02059,900.0
2233.920638177571,0.0074445077580126,-0.0297860065681718,0.02059,900.0
2234.0211950280045,0.0087566469782722,-0.0290065078828262,0.02059,900.0
2234.1217816807603,0.0099515791338338,-0.0281480897164977,0.02059,900.0
2234.222358796773,0.0110905096313981,-0.0271388562709627,0.02059,900.0
2234.3229199387406,0.0121486472141536,-0.0260206040461336,0.02059,900.0
2234.4234820343827,0.013067608631849,-0.0248444181886243,0.02059,900.0
2234.52406677979,0.0138356134770804,-0.0236389405628156,0.02059,900.0
2234.614587400136,0.0143543516962729,-0.0227181018220267,0.02059,900.0
2234.7152369953965,0.0143779999999999,-0.0226728303418706,0.02059,900.0
2234.8158007599686,0.0141834307559704,-0.0226272749653151,0.02059,900.0
2234.9163738228654,0.010611650848321,-0.0217909979911315,0.02059,900.0
2235.0168963410233,0.0032983062621785,-0.0200786400736296,0.02059,900.0
2235.117461536107,-0.0046716199217463,-0.0182126356617551,0.02059,900.0
2235.2169965245103,-0.0096290579063525,-0.0170518404406951,0.02059,900.0
2235.317976329503,-0.010812,-0.0167748369120275,0.02059,900.0
2235.418559882817,-0.010834555008013,-0.0163609977075286,0.02059,900.0
2235.519121024785,-0.0108199358127777,-0.0152603052741192,0.02059,900.0
2235.619689796147,-0.0106889077450599,-0.0137974107359535,0.02059,900.0
2235.720257613835,-0.0103441662947421,-0.012385463550613,0.02059,900.0
2235.820851657567,-0.0097813303764668,-0.0109388134603587,0.02059,900.0
2235.921425197301,-0.0090769492863131,-0.009659491992469,0.02059,900.0
2236.022992227254,-0.008099406523206,-0.0083963978314694,0.02059,900.0
2236.1235788800095,-0.0070803688843897,-0.0074011961438865,0.02059,900.0
2236.214105937657,-0.0059498484740031,-0.0065666995589919,0.02059,900.0
2236.314666602788,-0.0046706379868344,-0.0058482943326612,0.02059,900.0
2236.415247295079,-0.0032570424694624,-0.0052973215074373,0.02059,900.0
2236.516023490605,-0.0018004622473637,-0.0049467537619246,0.02059,900.0
2236.6182054020737,-0.0002808708771961,-0.0048010940582925,0.02059,900.0
2236.718778703389,0.0012501790360765,-0.0048643436863291,0.02059,900.0
2236.8193417527054,0.002704176955092,-0.0051301062807555,0.02059,900.0
2236.920078132329,0.0041375911241232,-0.0056013582826479,0.02059,900.0
2237.0206466652726,0.0054797304454581,-0.006270732456509,0.02059,900.0
2237.1212190129136,0.006782541123747,-0.0071390464687904,0.02059,900.0
2237.2217954136704,0.0078269571408819,-0.0081075300252644,0.02059,900.0
2237.3224078156327,0.0088245986219755,-0.0093210220594249,0.02059,900.0
2237.4229730107163,0.0095994854801139,-0.010573933922776,0.02059,900.0
2237.515437457738,0.0101497180119553,-0.0118129313920709,0.02059,900.0
2237.616010759053,0.0105713665730992,-0.0132651326343028,0.02059,900.0
2237.7165745236252,0.0107969197114844,-0.014750548155954,0.02059,900.0
2237.81713280457,0.0108124499332235,-0.016259008109721,0.02059,900.0
2237.9177003838395,0.0106212789589924,-0.0177901745326551,0.02059,900.0
2238.0182472206925,0.0102168835294468,-0.0192608711556636,0.02059,900.0
2238.1186881996964,0.009630843951092,-0.0206140519626992,0.02059,900.0
2238.21924671906,0.008899616600403,-0.0218445087302826,0.02059,900.0
2238.319815490422,0.0079066694661017,-0.023074131761608,0.02059,900.0
2238.42037830132,0.0068314077751684,-0.0240718458308071,0.02059,900.0
2238.5218771435593,0.0055854475650622,-0.0249163274175466,0.02059,900.0
2238.622436616597,0.0041944858612298,-0.0256296302844524,0.02059,900.0
2238.7230914570664,0.0028114516349561,-0.0261021556193916,0.02059,900.0
2238.8236576058243,0.0013261718389885,-0.0263794045322606,0.02059,900.0
2238.9147764183854,-4.451678749152477e-05,-0.0264615535577434,0.02059,900.0
2239.015389297185,-0.0015483061095375,-0.0263498048909742,0.02059,900.0
2239.1172522045945,-0.0030536405098192,-0.0260251612499727,0.02059,900.0
2239.217795942006,-0.0044469866469398,-0.025513341552624,0.02059,900.0
2239.318353030858,-0.0057816496075421,-0.0248242392429466,0.02059,900.0
2239.418892953572,-0.0069614454435975,-0.0239662638088664,0.02059,900.0
2239.5194548107957,-0.0080960497870582,-0.0228642240867862,0.02059,900.0
2239.620013806996,-0.0090089379774528,-0.0216665303307482,0.02059,900.0
2239.720579955754,-0.0097376754530681,-0.020416187680316,0.02059,900.0
2239.8211413361405,-0.0102906685332528,-0.0190259025379495,0.02059,900.0
2239.918837402043,-0.0106548253980031,-0.0175946800647638,0.02059,900.0
2240.019398067174,-0.0107984000602973,-0.0168653733016305,0.02059,900.0
2240.119978282628,-0.010812,-0.0167748369120275,0.02059,900.0
2240.2205236889695,-0.0104246304587533,-0.0159340331804952,0.02059,900.0
2240.3210845925187,-0.0085222028456951,-0.0118049866420052,0.02059,900.0
2240.4216433503007,-0.0054920978673138,-0.005228616509715,0.02059,900.0
2240.5222125985,-0.003945,-0.0018708517879128,0.02059,900.0
2240.6227954365586,-0.004314663581009,-0.0019910440873253,0.02059,900.0
2240.7133251168107,-0.0054596640452172,-0.0024212078367938,0.02059,900.0
2240.813880775151,-0.0068391931829143,-0.0030924763934638,0.02059,900.0
2240.914501998601,-0.0081409053047918,-0.0038875516283638,0.02059,900.0
2241.0150729157303,-0.009298677707282,-0.0047829189193914,0.02059,900.0
2241.115634772954,-0.0103624226059361,-0.0058002961399812,0.02059,900.0
2241.2172873951768,-0.0113643408237244,-0.006973931804825,0.02059,900.0
2241.3183165528153,-0.0122254433251085,-0.0082347992644996,0.02059,900.0
2241.4188898541306,-0.012920887621163,-0.0095353036506761,0.02059,900.0
2241.5194612480973,-0.0135313334976148,-0.0109998018589092,0.02059,900.0
2241.620034310994,-0.0139324279651926,-0.0123911644272128,0.02059,900.0
2241.7206121422623,-0.0141993395778806,-0.0138663221572653,0.02059,900.0
2241.8211763836716,-0.0142951072162877,-0.0153903316938085,0.02059,900.0
2241.921766135869,-0.0142370818812885,-0.0168860565444191,0.02059,900.0
2242.022377584157,-0.0140095609466252,-0.0184075241149794,0.02059,900.0
2242.1129260994767,-0.013698362121769,-0.0196968512472576,0.02059,900.0
2242.213506791768,-0.0131908442505292,-0.021101583492294,0.02059,900.0
2242.314083192525,-0.0125232065856121,-0.0224851196549258,0.02059,900.0
2242.4157885052537,-0.0117431517560675,-0.0237731550664805,0.02059,900.0
2242.5163689591263,-0.0108049688501797,-0.0249867709553299,0.02059,900.0
2242.620918605504,-0.0097233426002387,-0.0261033774178476,0.02059,900.0
2242.7214423157548,-0.0085647252042305,-0.0270830516012628,0.02059,900.0
2242.8220346905564,-0.0072937843483538,-0.0279351461408039,0.02059,900.0
2242.9226194359635,-0.0059524756370834,-0.0286397831257782,0.02059,900.0
2243.0131350495194,-0.004744838731436,-0.029104684915897,0.02059,900.0
2243.113682601628,-0.0033037533062628,-0.0295311450837465,0.02059,900.0
2243.2166121937607,-0.0021293058909196,-0.0297698704180071,0.02059,900.0
2243.3171947934006,-0.00086815127745,-0.0298885603898244,0.02059,900.0
2243.417775962529,0.0006326647006395,-0.0298920475655009,0.02059,900.0
2243.518340442357,0.0021401792507007,-0.029755583407502,0.02059,900.0
2243.6189125515793,0.0035756599849272,-0.029461865695173,0.02059,900.0
2243.7194887139176,0.0050343787032982,-0.0290052034119839,0.02059,900.0
2243.8207906224106,0.006385736774711,-0.028417475953939,0.02059,900.0
2243.921338412938,0.0077314378016984,-0.0276552079534764,0.02059,900.0
2244.0219048001145,0.0089690322981434,-0.0267752930087917,0.02059,900.0
2244.122476909337,0.0101130465175552,-0.0257312195871593,0.02059,900.0
2244.2129972912644,0.0110160826535017,-0.024736062729134,0.02059,900.0
2244.3135581948136,0.0118889468575541,-0.023547893447988,0.02059,900.0
2244.4141195752,0.0126588010336614,-0.0222438779995786,0.02059,900.0
2244.514679525075,0.0132845018344697,-0.0208852825552225,0.02059,900.0
2244.616622541127,0.0137610050218951,-0.019454038985995,0.02059,900.0
2244.7178767659043,0.0140939851058703,-0.0179699395804792,0.02059,900.0
2244.8184393383835,0.0142591376417768,-0.0164770674546144,0.02059,900.0
2244.919022176442,0.0142697749672959,-0.0149201294315723,0.02059,900.0
2245.019597385106,0.0141299578875679,-0.0134386041213988,0.02059,900.0
2245.120162818608,0.0138158882740853,-0.0119290443090419,0.02059,900.0
2245.220722768483,0.0133473109475219,-0.0104896965101405,0.02059,900.0
2245.3224044777726,0.0127285938801527,-0.0091163878472544,0.02059,900.0
2245.4129167534684,0.0120662411908388,-0.0079706178828133,0.02059,900.0
2245.5134409405564,0.0112021174263305,-0.0067666706718044,0.02059,900.0
2245.6139865853165,0.0102013627012245,-0.0056356375681053,0.02059,900.0
2245.714547965703,0.0091030078575661,-0.0046229567550688,0.02059,900.0
2245.8151126839493,0.007916106790771,-0.0037426603490046,0.02059,900.0
2245.915685270009,0.006614249806449,-0.0029652164878852,0.02059,900.0
2246.01625427979,0.0052175148159282,-0.0023214290916554,0.02059,900.0
2246.116554591832,0.0038022995543262,-0.0018495166474745,0.02059,900.0
2246.217114541707,0.0022994501955321,-0.0015132146749037,0.02059,900.0
2246.3176775910233,0.0008189038756447,-0.0013489252968727,0.02059,900.0
2246.4182327725266,-0.0006866414254024,-0.0013485346493549,0.02059,900.0
2246.5188029744004,-0.0018932664194201,-0.0014579759974819,0.02059,900.0
2246.61937055367,-0.0030938237480643,-0.0016760822379045,0.02059,900.0
2246.7199436165665,-0.003755909681655,-0.0018245612147653,0.02059,900.0
2246.8205204941605,-0.0039449999999999,-0.0018708517879128,0.02059,900.0
2246.921071622548,-0.0043866451474437,-0.002648774773996,0.02059,900.0
2247.021657560048,-0.006520856703699,-0.0064080485349067,0.02059,900.0
2247.122259233174,-0.0100675129872319,-0.0126552438441173,0.02059,900.0
2247.2228029705857,-0.0124735360113414,-0.0168933038548465,0.02059,900.0
2247.3148940541123,-0.0125049999999999,-0.0169488440368799,0.02059,900.0
2247.415423963246,-0.0125058055099238,-0.0169344315966056,0.02059,900.0
2247.51599249619,-0.0125402341412502,-0.0163184235525278,0.02059,900.0
2247.6165655590867,-0.0125243947305384,-0.0148449386285753,0.02059,900.0
2247.7171345688676,-0.0123353639797394,-0.0133283221327783,0.02059,900.0
2247.8141485192155,-0.0119827436068949,-0.0119296059509995,0.02059,900.0
2247.915835235295,-0.0114451777738313,-0.0104953176431497,0.02059,900.0
2248.0164154507493,-0.0107420621979524,-0.0091658129545155,0.02059,900.0
2248.116992566762,-0.0099119791737833,-0.0079534034292358,0.02059,900.0
2248.2175541855668,-0.0089355464938702,-0.0068382331902746,0.02059,900.0
2248.3181189038132,-0.0078088711951897,-0.0058128889907355,0.02059,900.0
2248.418685767827,-0.0065697355524111,-0.0049303012478683,0.02059,900.0
2248.5192311741685,-0.0052069839158052,-0.0042011721777193,0.02059,900.0
2248.6200176216935,-0.0038619328241334,-0.0036703339956228,0.02059,900.0
2248.7205904461716,-0.0024161672235362,-0.0033025743346636,0.02059,900.0
2248.8211582638596,-0.0008858797292701,-0.0031111246974831,0.02059,900.0
2248.921680066762,0.0006383233854083,-0.0031056359776184,0.02059,900.0
2249.0222526528214,0.0021058409697144,-0.0032592763365307,0.02059,900.0
2249.1228085495804,0.0035854442070537,-0.0036159861734428,0.02059,900.0
2249.2133320309495,0.0048687033580289,-0.0040637611941794,0.02059,900.0
2249.316641662297,0.0062422408612819,-0.0047526976849486,0.02059,900.0
2249.4171768166398,0.0075213597962845,-0.0055959845085711,0.02059,900.0
2249.517793748555,0.0086503372769101,-0.006553331290337,0.02059,900.0
2249.6183646656846,0.0096978920514834,-0.0076688924980773,0.02059,900.0
2249.718931768117,0.010584307662099,-0.0088604047596277,0.02059,900.0
2249.8194838501786,0.0112919773761515,-0.0101327816258572,0.02059,900.0
2249.9200788475846,0.0119005451322244,-0.0116016296317025,0.02059,900.0
2250.020656678853,0.0122737186063456,-0.0130247653438572,0.02059,900.0
2250.121224973378,0.0124856261411294,-0.014496213878572,0.02059,900.0
2250.221791122136,0.012532998201929,-0.015987090370916,0.02059,900.0
2250.3223517872666,0.0124027219283957,-0.0174631618091605,0.02059,900.0
2250.4128731228684,0.012128800526471,-0.018817681308818,0.02059,900.0
2250.5138476826523,0.0116460566695479,-0.0202925246375535,0.02059,900.0
2250.6145237423752,0.0110332899831984,-0.0216031795099308,0.02059,900.0
2250.715077970204,0.0102400237799761,-0.0228814957270632,0.02059,900.0
2250.8163269497727,0.0092501018955302,-0.0241119283504133,0.02059,900.0
2250.916883323369,0.0082187722242809,-0.0251243985017539,0.02059,900.0
2251.01763019341,0.0070477340892709,-0.0260289038459782,0.02059,900.0
2251.1193452813004,0.0056576470400906,-0.0268324078446298,0.02059,900.0
2251.2199040390824,0.0043086898217461,-0.0274171887187113,0.02059,900.0
2251.320458028493,0.0028320342557864,-0.027846761779008,0.02059,900.0
2251.4210010506486,0.0013234323724503,-0.0280933201602693,0.02059,900.0
2251.5215195156907,-0.000143969066157,-0.0281636427286369,0.02059,900.0
2251.6220873333787,-0.0016264190801425,-0.0280581537717599,0.02059,900.0
2251.722649190602,-0.0031235304695145,-0.0277735983084031,0.02059,900.0
2251.813158605275,-0.0044242019510233,-0.0273735201574934,0.02059,900.0
2251.9137261845444,-0.0057933178306702,-0.0267645466373409,0.02059,900.0
2252.014323089299,-0.0070904762407143,-0.0259937678924073,0.02059,900.0
2252.114848945317,-0.0082255276642004,-0.0251180552457083,0.02059,900.0
2252.215399835286,-0.0093256784817707,-0.0240186868288711,0.02059,900.0
2252.315979097066,-0.0102539483893584,-0.0228613912113849,0.02059,900.0
2252.4165442921494,-0.0110583361534535,-0.0215362961440126,0.02059,900.0
2252.516508433995,-0.0116928731328379,-0.0201792281351212,0.02059,900.0
2252.617080781636,-0.0121431813293824,-0.0187511081569865,0.02059,900.0
2252.717643115697,-0.0124102002681736,-0.0175407809396273,0.02059,900.0
2252.8182095028733,-0.012505,-0.0169488440368799,0.02059,900.0
2252.9187744595383,-0.012505,-0.0169482186972159,0.02059,0.0
2253.0193279721116,-0.012505,-0.0169464067688418,0.02059,0.0
2253.121449802098,-0.0125049999999999,-0.0169450523558128,0.02059,0.0
2253.2220285870408,-0.012505,-0.0169442609579735,0.02059,0.0
2253.3124869801377,-0.0125049999999999,-0.0169431805547616,0.02059,0.0
2253.4130571820115,-0.012505,-0.0169415189993716,0.02059,0.0
2253.5136419274186,-0.0125049999999999,-0.0169407420096311,0.02059,0.0
2253.6142059304093,-0.0125049999999999,-0.0169394095514153,0.02059,0.0
2253.7147797085618,-0.0125049999999999,-0.0169379591263182,0.02059,0.0
2253.8153487183426,-0.012505,-0.0169370434414958,0.02059,0.0
2253.9161840416764,-0.012505,-0.0169360906532285,0.02059,0.0
2254.01675090569,-0.012505,-0.0169346134701238,0.02059,0.0
2254.1173134781693,-0.0125049999999999,-0.0169335526054627,0.02059,0.0
2254.2180498577927,-0.012505,-0.0169321790027849,0.02059,0.0
2254.3186386563157,-0.012505,-0.0169311765408429,0.02059,0.0
2254.419165466008,-0.012505,-0.0169286168167805,0.02059,0.0
2254.519733998952,-0.012505,-0.0169275165041959,0.02059,0.0
2254.620322082219,-0.012505,-0.0169269573631011,0.02059,0.0
2254.720866773305,-0.012505,-0.0169255695439475,0.02059,0.0
2254.82143840569,-0.012505,-0.0169242719145255,0.02059,0.0
2254.9220291115616,-0.0125049999999999,-0.0169231987904885,0.02059,0.0
2255.012532088933,-0.012505,-0.0169221176349211,0.02059,0.0
2255.1130960919236,-0.0125049999999999,-0.0169207621193588,0.02059,0.0
2255.2138207890366,-0.012505,-0.0169193947245639,0.02059,0.0
2255.314238164601,-0.0125049999999999,-0.016917808135918,0.02059,0.0
2255.41478738564,-0.0125049999999999,-0.0169169588417592,0.02059,0.0
2255.515359733281,-0.0125049999999999,-0.0169156752667057,0.02059,0.0
2255.615937802968,-0.012505,-0.0169139325597996,0.02059,0.0
2255.7165053822373,-0.012505,-0.0169133201990715,0.02059,0.0
2255.8170703389023,-0.012505,-0.0169133655120559,0.02059,0.0
