4941.493410666786,0.012058,0.0036120214851763,0.05396,0.0
4941.593970139824,0.0120579999999999,0.0036114786808445,0.05396,0.0
4941.694553454719,0.012058,0.0036099731531433,0.05396,0.0
4941.795121749245,0.012058,0.0036084403358535,0.05396,0.0
4941.895690282188,0.012058,0.0036069368095116,0.05396,0.0
4941.993033965431,0.012058,0.0036052536833268,0.05396,0.0
4942.093616326652,0.0120579999999999,0.0036039534513855,0.05396,0.0
4942.194183667503,0.012058,0.0035089740829578,0.05396,0.0
4942.295098622642,0.012058,0.0035763481835948,0.05396,0.0
4942.3956652482375,0.012058,0.0035992913301513,0.05396,0.0
4942.496241410576,0.012058,0.003597693319646,0.05396,0.0
4942.5968190034255,0.012058,0.0035959092647975,0.05396,0.0
4942.697397311531,0.0120579999999999,0.0035943270711954,0.05396,0.0
4942.797974189125,0.012058,0.0035929420551984,0.05396,0.0
4942.898547252022,0.012058,0.0035913907981202,0.05396,0.0
4942.999119599663,0.0120579999999999,0.0035897532149836,0.05396,0.0
4943.099692900978,0.012058,0.0035881940477336,0.05396,0.0
4943.194497187935,0.012058,0.0035866319895201,0.05396,0.0
4943.295242150627,0.012058,0.0035850956028514,0.05396,0.0
4943.395809253059,0.012058,0.0035834536763958,0.05396,0.0
4943.496734221779,0.0120579999999999,0.0035820056990149,0.05396,0.0
4943.597308476768,0.012058,0.0035802878606217,0.05396,0.0
4943.697909673057,0.012058,0.003578679247286,0.05396,0.0
4943.798477252327,0.012058,0.0035772991511589,0.05396,0.0
4943.899055322014,0.012058,0.0035765796122784,0.05396,0.0
4943.999583562218,0.012058,0.0035765582003426,0.05396,0.0
4944.100154956184,0.011955288537708,0.0035171390035164,0.05396,0.0
4944.200710852943,0.0115838740078153,0.0033022900159032,0.05396,0.0
4944.291223367058,0.0111197646090961,0.0030338704035622,0.05396,0.0
4944.395859797798,0.0105741949217306,0.0027182455360992,0.05396,0.0
4944.496439297996,0.0100493846928983,0.0024147198647887,0.05396,0.0
4944.597199042641,0.0095342663395436,0.0021168444209798,0.05396,0.0
4944.697764237724,0.0089840310720251,0.0017985937589791,0.05396,0.0
4944.79834755262,0.0084674607211652,0.0014997867620555,0.05396,0.0
4944.898921807609,0.0079358764505458,0.001192300158248,0.05396,0.0
4944.999466260277,0.0073957764222573,0.0008799247792096,0.05396,0.0
4945.100035746895,0.0070462515450376,0.0006777736330558,0.05396,0.0
4945.200609763466,0.0069639999999999,0.0006301868372138,0.05396,0.0
4945.301185448967,0.0069021486883596,0.000654813888358,0.05396,900.0
4945.401770194374,0.0061902375509555,0.000934831100067,0.05396,900.0
4945.502330144249,0.0047465526945814,0.0014025018610979,0.05396,900.0
4945.602930863701,0.0032833295179274,0.0017359339099578,0.05396,900.0
4945.703502257667,0.0017443130605649,0.0019541133459638,0.05396,900.0
4945.807656129204,0.0002058848054351,0.0020404779332271,0.05396,900.0
4945.908231337868,-0.0013199219527705,0.0019886380865359,0.05396,900.0
4946.008815368019,-0.0027925370247646,0.0018159951711444,0.05396,900.0
4946.109376748405,-0.004234770749366,0.0015201132997397,0.05396,900.0
4946.209868510567,-0.0056962123757779,0.0010934286834045,0.05396,900.0
4946.3104601701125,-0.0071297292215752,0.0005349614255646,0.05396,900.0
4946.400962670647,-0.0083493976616851,-4.994621181622291e-05,0.05396,900.0
4946.501524051033,-0.0096385560569945,-0.000810497055074,0.05396,900.0
4946.608633836113,-0.0109265079440026,-0.0017234310346915,0.05396,900.0
4946.709183772407,-0.0120746188149283,-0.0027111188701463,0.05396,900.0
4946.809728225075,-0.013149173723887,-0.0038182257025589,0.05396,900.0
4946.9103062947615,-0.0140874347623508,-0.0049600110073909,0.05396,900.0
4947.000829537712,-0.0148572452498816,-0.0060725322692265,0.05396,900.0
4947.101389726005,-0.015605314648022,-0.0073520527102035,0.05396,900.0
4947.201913913093,-0.0162422667143204,-0.0086900548152359,0.05396,900.0
4947.302487214409,-0.0167360120105364,-0.0099694582768603,0.05396,900.0
4947.40301259359,-0.0171019123602485,-0.0111968554794857,0.05396,900.0
4947.503586848579,-0.017412284271936,-0.0126317435475479,0.05396,900.0
4947.604188998543,-0.0176104240720585,-0.0141424190598844,0.05396,900.0
4947.704753001533,-0.0176719080964646,-0.015581318283492,0.05396,900.0
4947.802265246712,-0.0176189825241644,-0.0170346125961111,0.05396,900.0
4947.90284307798,-0.0174401321751316,-0.0185136973643424,0.05396,900.0
4948.003407796226,-0.0171180261491106,-0.0199924684301687,0.05396,900.0
4948.103976806007,-0.016798710224017,-0.0211301909183294,0.05396,900.0
4948.204552729927,-0.0163188729173236,-0.0223946493283774,0.05396,900.0
4948.3051117261275,-0.015677605069518,-0.0237608444793795,0.05396,900.0
4948.405665000282,-0.0149289957720744,-0.0250707278713626,0.05396,900.0
4948.506227334343,-0.0140553787613215,-0.0263312198772122,0.05396,900.0
4948.606792291008,-0.0130595954310174,-0.0275239407011369,0.05396,900.0
4948.707361539207,-0.0120052083841183,-0.0285942431087257,0.05396,900.0
4948.807920058571,-0.010878916610124,-0.0295561826288659,0.05396,900.0
4948.908481438957,-0.0096919362037317,-0.0304204129035897,0.05396,900.0
4949.009043534599,-0.0083093273816802,-0.0312366840668835,0.05396,900.0
4949.109596331917,-0.0070224767119414,-0.0318523909470106,0.05396,900.0
4949.220473130546,-0.0054947921600833,-0.0324304038169455,0.05396,900.0
4949.300937732063,-0.0043363870853862,-0.0327582544811917,0.05396,900.0
4949.401403268181,-0.0028196013560995,-0.0330666562314015,0.05396,900.0
4949.501977761589,-0.001276264761771,-0.0332463245564752,0.05396,900.0
4949.602558692299,0.0002067609353057,-0.0332954839724963,0.05396,900.0
4949.703113158546,0.001684083317691,-0.0332120392124094,0.05396,900.0
4949.803672154747,0.0032243332108483,-0.0330030486674654,0.05396,900.0
4949.904239734016,0.0046819888754773,-0.0326711479002344,0.05396,900.0
4950.00480993589,0.0060661344930894,-0.0322318751656776,0.05396,900.0
4950.102348168693,0.0074871517688505,-0.0316452540239261,0.05396,900.0
4950.202946742378,0.0087800523602952,-0.0309684729768689,0.05396,900.0
4950.303497632347,0.0100799408277239,-0.0301472237578893,0.05396,900.0
4950.404062350593,0.0112361842666596,-0.0292681723470843,0.05396,900.0
4950.504643042885,0.0123871292081177,-0.0282228744376988,0.05396,900.0
4950.605185826622,0.0134274074027355,-0.0271043606389735,0.05396,900.0
4950.705771048866,0.0143362187276468,-0.025955371654548,0.05396,900.0
4950.806341727577,0.0151583613299506,-0.0246999210988977,0.05396,900.0
4950.906896432243,0.0158777010959738,-0.0233311498853813,0.05396,900.0
4951.00746115049,0.0164599032279033,-0.0219610112544363,0.05396,900.0
4951.108023246132,0.0169569174334542,-0.0206057917406343,0.05396,900.0
4951.200975497566,0.0173127527020253,-0.0192214401579404,0.05396,900.0
4951.301495154701,0.0175557536652557,-0.017676596118368,0.05396,900.0
4951.402287801109,0.0176619661893153,-0.0161700779670132,0.05396,900.0
4951.50286014875,0.0176494555515592,-0.0146905036987887,0.05396,900.0
4951.60375817617,0.0174950786687634,-0.0131744224854527,0.05396,900.0
4951.7043269475325,0.0172235312509204,-0.0117098539289322,0.05396,900.0
4951.804848750435,0.0168325924377542,-0.0102831124384251,0.05396,900.0
4951.905411084495,0.0163147956929522,-0.0088582447713033,0.05396,900.0
4952.0059851010665,0.015676032025073,-0.0074813505470015,0.05396,900.0
4952.106561740242,0.0149227653151444,-0.0061826036120251,0.05396,900.0
4952.207139094673,0.0140599000190924,-0.0049223738093498,0.05396,900.0
4952.307705243431,0.0131280852468962,-0.003790551771234,0.05396,900.0
4952.407827218376,0.0120747309036047,-0.0027121066507741,0.05396,900.0
4952.5090354283675,0.0109270383813952,-0.0017297227699164,0.05396,900.0
4952.609595139824,0.0096960300625933,-0.0008510997672087,0.05396,900.0
4952.710162719093,0.0084176786247514,-8.623024447023189e-05,0.05396,900.0
4952.800679286323,0.0073972492302662,0.0004237612621086,0.05396,900.0
4952.901261409126,0.006965400207276,0.0006295378220865,0.05396,900.0
4953.001867135368,0.0069639999999999,0.0006301868372138,0.05396,900.0
4953.103952964149,0.0072784039686829,-0.0016995440190286,0.05396,900.0
4953.204728206001,0.0080706595254238,-0.007570081224921,0.05396,900.0
4953.305307944618,0.0087699592858338,-0.0127517174390847,0.05396,900.0
4953.405897935234,0.0088039999999999,-0.0130038338597245,0.05396,900.0
4953.506470282875,0.0088171154584421,-0.0130507319816641,0.05396,900.0
4953.607007344566,0.0089596559671917,-0.0135871678151562,0.05396,900.0
4953.715888579689,0.0091728855611461,-0.0152221735117662,0.05396,900.0
4953.806397040687,0.0091323209166573,-0.0165377403495758,0.05396,900.0
4953.906962951027,0.0088392847104343,-0.0180375115615329,0.05396,900.0
4954.007496198021,0.0083411269277644,-0.0194230701644814,0.05396,900.0
4954.108079751335,0.0076254972934732,-0.0206926021988325,0.05396,900.0
4954.208648522697,0.0067080471582136,-0.0218609055435672,0.05396,900.0
4954.309191068016,0.0055541483878449,-0.0228936419939472,0.05396,900.0
4954.409758647285,0.0042660669546092,-0.0237297951076958,0.05396,900.0
4954.51034553846,0.0029251596088408,-0.0243030683451299,0.05396,900.0
4954.600838025413,0.0016441408685838,-0.0246564927305411,0.05396,900.0
4954.701395114265,0.0001054604468861,-0.0248154565845927,0.05396,900.0
4954.802110989891,-0.0014136619716001,-0.0247056813844884,0.05396,900.0
4954.90352257093,-0.0028838628980087,-0.0243355626068044,0.05396,900.0
4955.004092295967,-0.0042252738497911,-0.0237653749348436,0.05396,900.0
4955.104695399605,-0.0055028628673087,-0.0229471646211004,0.05396,900.0
4955.205269893013,-0.0066325773047048,-0.0219352937019144,0.05396,900.0
4955.304140408836,-0.0075450240392252,-0.0208124845062492,0.05396,900.0
4955.404726346336,-0.0082779368115309,-0.0195242509647034,0.05396,900.0
4955.505311330162,-0.0088131671828066,-0.0180977998499266,0.05396,900.0
4955.605865557991,-0.00910665882023,-0.0166198612490382,0.05396,900.0
4955.7064245541915,-0.009149848616511,-0.0151613850141209,0.05396,900.0
4955.806988318764,-0.0089601044343501,-0.0136606268246629,0.05396,900.0
4955.907539447151,-0.0084949214683329,-0.0121503082555896,0.05396,900.0
4956.0081313451155,-0.0078676340691168,-0.0107784806922053,0.05396,900.0
4956.108653624855,-0.0069267764427986,-0.0096074364797316,0.05396,900.0
4956.209258397423,-0.0058545238650365,-0.0085703297604191,0.05396,900.0
4956.309843381248,-0.0045958146624011,-0.0077057038706766,0.05396,900.0
4956.410416444145,-0.0032441013529984,-0.0070606826550696,0.05396,900.0
4956.500927289329,-0.0019556089477707,-0.0066869742138532,0.05396,900.0
4956.601492245994,-0.0004724056178886,-0.0064887045769471,0.05396,900.0
4956.7022004922255,0.0010263944035086,-0.0065318005980617,0.05396,900.0
4956.804271777473,0.002518850508398,-0.0068178722390369,0.05396,900.0
4956.905536015831,0.0039299809163716,-0.0073522779868468,0.05396,900.0
4957.006061395012,0.0052425382029548,-0.0080939501393441,0.05396,900.0
4957.106611331306,0.006390672300546,-0.0090358011875668,0.05396,900.0
4957.20717986425,0.0073773811321873,-0.0101667707388869,0.05396,900.0
4957.307780583702,0.0081514910652879,-0.011419773540359,0.05396,900.0
4957.408361275993,0.0086709170010125,-0.0126574432790196,0.05396,900.0
4957.508891661964,0.008801080371193,-0.0129946717775426,0.05396,900.0
4957.609468539558,0.0088039999999999,-0.0130038338597245,0.05396,900.0
4957.71005256971,0.0087032305312085,-0.0104460973228571,0.05396,900.0
4957.8005724748,0.0085233818385147,-0.0058794965186437,0.05396,900.0
4957.901147206627,0.008371,-0.0020088578639998,0.05396,900.0
4958.001716216408,0.0083709999999999,-0.0020087867093119,0.05396,900.0
4958.102303346001,0.0083331113611294,-0.0019868710958287,0.05396,900.0
4958.202878077827,0.0079963388136097,-0.0017974979387809,0.05396,900.0
4958.303445418678,0.0067311590377493,-0.0011308767928122,0.05396,900.0
4958.404022534691,0.0053125934122312,-0.000558787156561,0.05396,900.0
4958.5045865376815,0.0039008426134539,-0.000143896159331,0.05396,900.0
4958.600658019386,0.0024983522672122,0.0001425797057783,0.05396,900.0
4958.701196988426,0.000974402272011,0.000303606092054,0.05396,900.0
4958.801772435509,-0.0005297774658188,0.0003232379266676,0.05396,900.0
4958.903186400734,-0.0020536297718836,0.0002007067845272,0.05396,900.0
4959.003742535911,-0.0035407777757581,-6.027559152641665e-05,0.05396,900.0
4959.104310353599,-0.0049613436168951,-0.0004552009257623,0.05396,900.0
4959.2048362096175,-0.0064243067277481,-0.0010028942789544,0.05396,900.0
4959.305396874748,-0.0077381871558796,-0.0016593027283691,0.05396,900.0
4959.405968030296,-0.0090893996137673,-0.0024832661800652,0.05396,900.0
4959.506543477379,-0.0102736204128115,-0.003388778949722,0.05396,900.0
4959.607089122139,-0.0113629421110687,-0.0043981008426817,0.05396,900.0
4959.708482821785,-0.0123447573756502,-0.0054958100237315,0.05396,900.0
4959.8090451558455,-0.0132635259083,-0.0067427735210557,0.05396,900.0
4959.909614880882,-0.0140260824436087,-0.0079997980986565,0.05396,900.0
4960.010199864708,-0.0146795489450939,-0.0093734463454687,0.05396,900.0
4960.104493459068,-0.0151922669166396,-0.0107219819773963,0.05396,900.0
4960.205064376198,-0.0155855059815229,-0.0121686860456823,0.05396,900.0
4960.30562814077,-0.015832019075312,-0.0135325318128127,0.05396,900.0
4960.406197150551,-0.0159384097654555,-0.014671135128356,0.05396,900.0
4960.506790717445,-0.0159717275410668,-0.0159475079835177,0.05396,900.0
4960.6073742707595,-0.015912047909194,-0.017077891324442,0.05396,900.0
4960.7079299291,-0.0157417173053607,-0.018393378008572,0.05396,900.0
4960.808498938881,-0.0154019399537239,-0.0198495664540055,0.05396,900.0
4960.909885009132,-0.0149087752974109,-0.0213456534737531,0.05396,900.0
4961.010453542076,-0.0142966228085404,-0.0227307827756688,0.05396,900.0
4961.100954135261,-0.0136395538926398,-0.0239164074462174,0.05396,900.0
4961.201487143837,-0.0128036133844486,-0.025165754671673,0.05396,900.0
4961.302222569786,-0.0120337058393699,-0.0261410875797278,0.05396,900.0
4961.402701457344,-0.0113074059831625,-0.0269048625767596,0.05396,900.0
4961.503233750664,-0.0102255948616654,-0.0278928136695945,0.05396,900.0
4961.604117949806,-0.009054689927722,-0.0287927242630304,0.05396,900.0
4961.704668362938,-0.007768150119173,-0.0295949528976482,0.05396,900.0
4961.805222352348,-0.0064281222025633,-0.0302577746450427,0.05396,900.0
4961.906109650932,-0.0049235438024815,-0.0308301787889932,0.05396,900.0
4962.006659348808,-0.0034967311731701,-0.0312105202516565,0.05396,900.0
4962.1072100003585,-0.002037977741904,-0.0314673422676682,0.05396,900.0
4962.207759936653,-0.0005274021190246,-0.0315839062343476,0.05396,900.0
4962.30834468206,0.0009803834254737,-0.0315614345728252,0.05396,900.0
4962.408921798073,0.00247330126329,-0.0314018582422127,0.05396,900.0
4962.5095072587355,0.0039254590455848,-0.0311036444100088,0.05396,900.0
4962.601260503136,0.0052249187724711,-0.0307155277977896,0.05396,900.0
4962.701822837196,0.0066579879463629,-0.0301452560251046,0.05396,900.0
4962.802389224373,0.008010257148277,-0.0294485058810616,0.05396,900.0
4962.9029005368575,0.0092488461889644,-0.0286650728576873,0.05396,900.0
4963.003464063011,0.0104869809265813,-0.027683396263075,0.05396,900.0
4963.10402830442,0.0115646878192462,-0.0266485199941157,0.05396,900.0
4963.204612811409,0.0125300744090724,-0.0255260831069682,0.05396,900.0
4963.306659062706,0.0133550372140091,-0.0243827307087421,0.05396,900.0
4963.40723927816,0.0140171102608031,-0.0232741439374166,0.05396,900.0
4963.507817347847,0.0146433461178563,-0.0219823726360707,0.05396,900.0
4963.6083689530715,0.0150995263215386,-0.0208538735705293,0.05396,900.0
4963.708947738014,0.0154186178668415,-0.019770910135477,0.05396,900.0
4963.809526761375,0.0157325486416263,-0.0183272117344625,0.05396,900.0
4963.910126288734,0.0159214302559432,-0.0168036385997288,0.05396,900.0
4964.000657876335,0.0159787405146367,-0.0154228303961228,0.05396,900.0
4964.1011863549575,0.0158968392030123,-0.0140245145610972,0.05396,900.0
4964.201753934227,0.0157499034171573,-0.0129580860296771,0.05396,900.0
4964.303665479027,0.0154240450842948,-0.011489627957039,0.05396,900.0
4964.404228528343,0.0149761162154338,-0.0100880126516895,0.05396,900.0
4964.504745801292,0.0143957541449783,-0.008735757450168,0.05396,900.0
4964.605289538704,0.0137870683255046,-0.0075705983136406,0.05396,900.0
4964.705844004951,0.01306431718188,-0.0064538010493437,0.05396,900.0
4964.804895003639,0.0121644580258477,-0.0052931266438258,0.05396,900.0
4964.905480225883,0.0111101611131479,-0.0041654275225826,0.05396,900.0
4965.006038983665,0.0099996783242856,-0.003175435354847,0.05396,900.0
4965.106574614845,0.0089447460270047,-0.0023877040715668,0.05396,900.0
4965.207120974861,0.008371,-0.0020087867093119,0.05396,900.0
4965.307679255806,0.0083721231120344,-0.0020145144480587,0.05396,900.0
4965.4082325299605,0.0085123046029061,-0.0027294234974133,0.05396,900.0
4965.50880177816,0.0098122408911432,-0.0093567130680335,0.05396,900.0
4965.609363158546,0.0103562467859896,-0.0121297789347579,0.05396,900.0
4965.709929545723,0.010431,-0.0125107623235817,0.05396,900.0
4965.8105038007125,0.0104321371567988,-0.0125147878941787,0.05396,900.0
4965.901016553245,0.0105656665382971,-0.0130971317350555,0.05396,900.0
4966.001579125725,0.0107920324770626,-0.0143952360217055,0.05396,900.0
4966.102348407112,0.0108590303038316,-0.0158784804132178,0.05396,900.0
4966.208181222282,0.0107148151841101,-0.017478276348996,0.05396,900.0
4966.308743556343,0.0103619002660672,-0.0188998908311318,0.05396,900.0
4966.409295161568,0.0098008949597205,-0.020357953843718,0.05396,900.0
4966.509859879814,0.0090727186785663,-0.0216554456368523,0.05396,900.0
4966.610430558525,0.0081272918993287,-0.0228609298866087,0.05396,900.0
4966.700937827431,0.0071644819227129,-0.0237958445797838,0.05396,900.0
4966.805500825249,0.0059204960966944,-0.0247371294691917,0.05396,900.0
4966.906045039497,0.004632892528429,-0.0254497050196132,0.05396,900.0
4967.006611426674,0.0032287994538614,-0.0259936357743372,0.05396,900.0
4967.107133944832,0.0017404713186258,-0.0263463762251345,0.05396,900.0
4967.207665522896,0.000249906088945,-0.0264845590968179,0.05396,900.0
4967.3082283337935,-0.0012237452887771,-0.026424842089063,0.05396,900.0
4967.4087990125045,-0.0027154913705631,-0.0261484469385538,0.05396,900.0
4967.509393294655,-0.0041719306479856,-0.0256714807450995,0.05396,900.0
4967.609954675041,-0.0055018736892439,-0.0250229115819143,0.05396,900.0
4967.7004733880385,-0.0066614728361283,-0.024224626504667,0.05396,900.0
4967.801045020424,-0.0077403246513586,-0.0232551901305234,0.05396,900.0
4967.901617844902,-0.0087189899003824,-0.0220985646395405,0.05396,900.0
4968.002394517265,-0.0095327930040063,-0.0208408249702992,0.05396,900.0
4968.102943738304,-0.0101468918317443,-0.0194963175156215,0.05396,900.0
4968.204758008324,-0.010590462934505,-0.0180164644386278,0.05396,900.0
4968.305349667869,-0.0108238269799538,-0.01651974539468,0.05396,900.0
4968.405920584999,-0.0108438499273912,-0.0150601810695117,0.05396,900.0
4968.506495793663,-0.0106741120384122,-0.013582504247541,0.05396,900.0
4968.607070287071,-0.0102863034045849,-0.0121167486253618,0.05396,900.0
4968.707630475365,-0.0096983001998514,-0.0107019973053776,0.05396,900.0
4968.808189471565,-0.0089503043518819,-0.0094424537107532,0.05396,900.0
4968.908758242927,-0.0079953289670635,-0.0082604897312273,0.05396,900.0
4969.00932367643,-0.0068544641999412,-0.0071857812336231,0.05396,900.0
4969.109890540443,-0.0056131725473448,-0.0063187407220489,0.05396,900.0
4969.210466702782,-0.0042846470462759,-0.0056485112208593,0.05396,900.0
4969.300939162575,-0.0030435409826162,-0.005204233947826,0.05396,900.0
4969.401469071709,-0.0015752627694616,-0.0048887604588033,0.05396,900.0
4969.502064545952,-3.2979801296073585e-05,-0.0047691361029247,0.05396,900.0
4969.602656443916,0.0014880322506922,-0.0048656126905382,0.05396,900.0
4969.705252965294,0.0029817712997883,-0.0051787958316906,0.05396,900.0
4969.805819829307,0.004382926398957,-0.005685346631333,0.05396,900.0
4969.906381209694,0.0057381866563991,-0.0063738858132495,0.05396,900.0
4970.0069492658,0.0069582235143718,-0.0072531357381639,0.05396,900.0
4970.107523759209,0.0079966390660364,-0.0082548497530189,0.05396,900.0
4970.208107550941,0.0089210597094577,-0.0094088515442565,0.05396,900.0
4970.308676799141,0.0097162519385219,-0.010779709565199,0.05396,900.0
4970.409250577293,0.0102608739886964,-0.0120491372809923,0.05396,900.0
4970.509832461677,0.010426445642685,-0.0124965278299911,0.05396,900.0
4970.610404094063,0.010431,-0.0125107623235817,0.05396,900.0
4970.700915892921,0.0090908050651301,-0.0133239367084347,0.05396,900.0
4970.801478465401,0.004493178144932,-0.0161135966072328,0.05396,900.0
4970.902212460838,-0.0022142841848386,-0.0201834489955627,0.05396,900.0
4971.0029755433425,-0.0086232846981521,-0.0240722189011125,0.05396,900.0
4971.103534539543,-0.010469076847956,-0.0251922178296894,0.05396,900.0
4971.204097350441,-0.0105589999999999,-0.0252467818465286,0.05396,900.0
4971.301289399467,-0.0102081545079388,-0.0256123803544022,0.05396,900.0
4971.403837283455,-0.0092440842470161,-0.0264893501661642,0.05396,900.0
4971.504408677421,-0.0080615601201236,-0.0273912107127702,0.05396,900.0
4971.604969819389,-0.0067880810583179,-0.0281732938483131,0.05396,900.0
4971.705573876701,-0.0054050161483668,-0.0288258722204474,0.05396,900.0
4971.806146224342,-0.0039734674934628,-0.029326016209289,0.05396,900.0
4971.906670649849,-0.0025459416274416,-0.0296672484091192,0.05396,900.0
4972.007191975914,-0.0010927738074422,-0.0298564012285024,0.05396,900.0
4972.1077617009505,0.0004626095061751,-0.0298948701547605,0.05396,900.0
4972.20833595594,0.0019962178212503,-0.0297740230531205,0.05396,900.0
4972.308901389442,0.0034568730610831,-0.0294841162256343,0.05396,900.0
4972.409455378853,0.0048784908099391,-0.0290403759041746,0.05396,900.0
4972.4999523957595,0.0061481024176104,-0.0284981039525676,0.05396,900.0
4972.6004901727065,0.0074605850984508,-0.0277836967842774,0.05396,900.0
4972.701063950859,0.0086715081304078,-0.0269462549058139,0.05396,900.0
4972.80111773809,0.0098042211259941,-0.0259865414834476,0.05396,900.0
4972.903491814934,0.0108674626947445,-0.0248589988169252,0.05396,900.0
4973.004062970482,0.0117882392652494,-0.0236530961915552,0.05396,900.0
4973.104598601662,0.012548731306095,-0.022443534257229,0.05396,900.0
4973.2051647504195,0.0130500843731042,-0.0214173239557796,0.05396,900.0
4973.305739005409,0.0136100131391264,-0.0199416193044299,0.05396,900.0
4973.406311591469,0.0139913706948308,-0.0184933997838226,0.05396,900.0
4973.506832917534,0.0141664782766139,-0.0173704332155985,0.05396,900.0
4973.60744460424,0.0142635273909595,-0.0160730772463528,0.05396,900.0
4973.707955201469,0.0142211094148116,-0.0145739761853103,0.05396,900.0
4973.808558781944,0.0140424821628991,-0.013121965252848,0.05396,900.0
4973.909121592842,0.013816249829281,-0.0120327491160071,0.05396,900.0
4974.009715398155,0.0134246205503443,-0.0108241295504296,0.05396,900.0
4974.100237687431,0.0129049837717819,-0.009562843532937,0.05396,900.0
4974.200811704002,0.0122266867728819,-0.0082731833978403,0.05396,900.0
4974.303728183113,0.011309871240091,-0.0069264517215824,0.05396,900.0
4974.4042735894545,0.0103402719449957,-0.0057909966109499,0.05396,900.0
4974.5048533280715,0.0092424383915535,-0.0047405224996699,0.05396,900.0
4974.605397303902,0.008041043779723,-0.0038355376395914,0.05396,900.0
4974.706050713859,0.0067834420954349,-0.0030693511962378,0.05396,900.0
4974.806613286339,0.0054278147905375,-0.0024350850952015,0.05396,900.0
4974.907179673515,0.0040212439587689,-0.0019412468931978,0.05396,900.0
4975.007748206459,0.0025196198657348,-0.0015958085945375,0.05396,900.0
4975.108316739403,0.0010083035680239,-0.0014025353697678,0.05396,900.0
4975.208891709648,-0.0004493070705954,-0.0013747702423767,0.05396,900.0
4975.309476931892,-0.001935350179729,-0.0015029380272612,0.05396,900.0
4975.399982293449,-0.0033309145230293,-0.0017501756746251,0.05396,900.0
4975.500558932625,-0.0047756019123022,-0.0021776813139062,0.05396,900.0
4975.6013160546645,-0.0061722251641444,-0.0027463615545562,0.05396,900.0
4975.70189102491,-0.0074175333545146,-0.0034287185210384,0.05396,900.0
4975.802435477577,-0.0086623176472995,-0.0042783481710175,0.05396,900.0
4975.902996619545,-0.0098406426785584,-0.0053035030968039,0.05396,900.0
4976.002076466881,-0.0108684290194062,-0.0063906119429897,0.05396,900.0
4976.1030085881575,-0.0117637369154763,-0.0075699199796809,0.05396,900.0
4976.20357735952,-0.0125365662339418,-0.008831962845968,0.05396,900.0
4976.304141600929,-0.0131884019663388,-0.0102218228573696,0.05396,900.0
4976.404653867088,-0.0136809494902689,-0.0115770140587915,0.05396,900.0
4976.505211194359,-0.0139784403668925,-0.0127721198462363,0.05396,900.0
4976.605765183769,-0.014176365083145,-0.0140757464022881,0.05396,900.0
4976.706321557365,-0.0142681483135187,-0.0155803930078637,0.05396,900.0
4976.806878407799,-0.0141951114008509,-0.017144039142644,0.05396,900.0
4976.9091292222365,-0.0139805969411687,-0.0185377497730454,0.05396,900.0
4977.0097060998305,-0.0137140160718772,-0.0195906702057423,0.05396,900.0
4977.100225289665,-0.0132635338887611,-0.0208784535695522,0.05396,900.0
4977.200785716377,-0.0126210042529423,-0.0222675494544625,0.05396,900.0
4977.301352341972,-0.0118786275244982,-0.0235211436424612,0.05396,900.0
4977.401909669243,-0.0110486423644588,-0.0246497648493554,0.05396,900.0
4977.503760178886,-0.0105704103928873,-0.0252338795230392,0.05396,900.0
4977.60433371862,-0.0105589999999999,-0.0252467818465286,0.05396,900.0
4977.7048934300765,-0.0094396551746495,-0.0245920220099587,0.05396,900.0
4977.805401881538,-0.005124239748536,-0.0220677011961047,0.05396,900.0
4977.9059599240645,0.0014862492657215,-0.018200809059964,0.05396,900.0
4978.006517966591,0.0080720101205518,-0.014348474403807,0.05396,900.0
4978.107090791069,0.0118172836405757,-0.0121575819911537,0.05396,900.0
4978.207629998527,0.012058,-0.0120167688722601,0.05396,900.0
4978.308188994728,0.0122197841200366,-0.0126247797344579,0.05396,900.0
4978.399909814201,0.0124183049626652,-0.0137396210441945,0.05396,900.0
4978.5004814465865,0.0125527430358979,-0.0152725757937169,0.05396,900.0
4978.601048549019,0.0125051959951111,-0.0168196842026948,0.05396,900.0
4978.701609214149,0.0122742120392239,-0.0182998368055905,0.05396,900.0
4978.806763013206,0.011845075725032,-0.0198189156297579,0.05396,900.0
4978.907329161964,0.0112717889826365,-0.0211994312917167,0.05396,900.0
4979.007901032768,0.0105462018870504,-0.0224826422233858,0.05396,900.0
4979.108454306923,0.0096678100660215,-0.0236905523981788,0.05396,900.0
4979.209023078285,0.0086680582999291,-0.024824566439398,0.05396,900.0
4979.299501498543,0.0075905248309994,-0.0256639193037877,0.05396,900.0
4979.409041484199,0.0062180173337444,-0.0265498246973213,0.05396,900.0
4979.499502976738,0.0049868845943795,-0.027161870212212,0.05396,900.0
4979.600290139519,0.003575459479547,-0.0276815984607912,0.05396,900.0
4979.700872023903,0.0021211587157921,-0.0280172691230459,0.05396,900.0
4979.80265982946,0.0006102507036635,-0.0281862041203725,0.05396,900.0
4979.903224786125,-0.0008566872535969,-0.0281628331658491,0.05396,900.0
4980.003790219627,-0.0023313673479896,-0.027968576041177,0.05396,900.0
4980.104355414711,-0.003815977444378,-0.0276102874006385,0.05396,900.0
4980.205075343452,-0.0052923146993913,-0.0270535265949153,0.05396,900.0
4980.305806239448,-0.0066304941761522,-0.0263331690711963,0.05396,900.0
4980.4063893159255,-0.0078388385215918,-0.0254636967632973,0.05396,900.0
4980.506963809334,-0.0089234288084954,-0.024483726735186,0.05396,900.0
4980.60752185186,-0.0099292231053542,-0.0233135826020739,0.05396,900.0
4980.708083470665,-0.0107710798663687,-0.0220877197313023,0.05396,900.0
4980.803144534431,-0.0114253312309799,-0.0208443107082273,0.05396,900.0
4980.903684695564,-0.0119623074398177,-0.0194505582177744,0.05396,900.0
4981.00424440702,-0.0123354390196034,-0.0180202576859829,0.05396,900.0
4981.104806741081,-0.0125322982934238,-0.0165351937497094,0.05396,900.0
4981.205329736076,-0.0125574825615228,-0.0150189217735348,0.05396,900.0
4981.30585463842,-0.0123972843260524,-0.0135049321048863,0.05396,900.0
4981.406413873039,-0.0120673034818473,-0.0120490455272758,0.05396,900.0
4981.506998141609,-0.0115449474492968,-0.010618385835875,0.05396,900.0
4981.607569297157,-0.010842548366637,-0.0092452867525851,0.05396,900.0
4981.7081306775435,-0.0100142320459128,-0.0080185791921904,0.05396,900.0
4981.808711369835,-0.0090450206383878,-0.0068916671781154,0.05396,900.0
4981.909274419151,-0.0079361257982668,-0.0058874015096319,0.05396,900.0
4981.99978454908,-0.0068505600811985,-0.0050958698134904,0.05396,900.0
4982.100354512535,-0.0055091895016098,-0.0043428116042789,0.05396,900.0
4982.200999577843,-0.0040692957791009,-0.0037345769793191,0.05396,900.0
4982.303089936577,-0.0026416126225207,-0.0033364942467248,0.05396,900.0
4982.403662284218,-0.0012083302639102,-0.0031124494751506,0.05396,900.0
4982.504208405815,0.0003287682893175,-0.0030547373623212,0.05396,900.0
4982.604744036995,0.0018256192859105,-0.0031794907228966,0.05396,900.0
4982.705308755241,0.0032789673658769,-0.0034878309465292,0.05396,900.0
4982.805805524193,0.0047153774295691,-0.0039844867495707,0.05396,900.0
4982.906372388206,0.0060723876793458,-0.0046265159000836,0.05396,900.0
4983.006951411568,0.0073334174716562,-0.0054240055054282,0.05396,900.0
4983.10751016935,0.0084972701750597,-0.0063759876220223,0.05396,900.0
4983.208070357643,0.0095438580748651,-0.0074578462268783,0.05396,900.0
4983.308654149376,0.0104711820302168,-0.008685202235119,0.05396,900.0
4983.409216006599,0.011246959504677,-0.0100287153594638,0.05396,900.0
4983.499684890114,0.0117714274292963,-0.0111812974101338,0.05396,900.0
4983.6010855038985,0.012058,-0.0120167688722601,0.05396,900.0
4983.701663335167,0.0120579999999999,-0.0120156315642122,0.05396,0.0
4983.802225430809,0.012058,-0.0120141397655213,0.05396,0.0
4983.901823838554,0.0120579999999999,-0.0120130790338466,0.05396,0.0
4984.002381642662,0.0120579999999999,-0.0120123222345409,0.05396,0.0
4984.102999289833,0.012058,-0.0120112593126171,0.05396,0.0
4984.203563292824,0.0120579999999999,-0.0120099655298464,0.05396,0.0
4984.3041380246505,0.0120579999999999,-0.0120089571469457,0.05396,0.0
4984.404699405037,0.012058,-0.0120081721267671,0.05396,0.0
4984.505258162819,0.012058,-0.0120067763067485,0.05396,0.0
4984.605821212135,0.012058,-0.0120059449198716,0.05396,0.0
4984.706373294197,0.012058,-0.0120049901943987,0.05396,0.0
4984.806926329933,0.012058,-0.0120036809213169,0.05396,0.0
4984.907515843712,0.012058,-0.012002875672909,0.05396,0.0
4985.008112033211,0.0120579999999999,-0.0120017439772414,0.05396,0.0
4985.098584731422,0.0120579999999999,-0.0120005624945702,0.05396,0.0
4985.199168999992,0.0120579999999999,-0.0119996382820499,0.05396,0.0
4985.299727757774,0.012058,-0.0119985594812598,0.05396,0.0
4985.400287230812,0.012058,-0.0119973327988017,0.05396,0.0
4985.500854333244,0.012058,-0.0119960942298825,0.05396,0.0
4985.601424296699,0.012058,-0.0119947048299741,0.05396,0.0
4985.701986869179,0.0120579999999999,-0.011993757792869,0.05396,0.0
4985.802551825844,0.012058,-0.0119930827126861,0.05396,0.0
4985.903149922691,0.0120579999999999,-0.0119916409123176,0.05396,0.0
4986.003713448845,0.012058,-0.0119907098595069,0.05396,0.0
4986.104635556541,0.012058,-0.0119896235522373,0.05396,0.0
4986.205199797951,0.012058,-0.0119879737987617,0.05396,0.0
4986.305950959526,0.012058,-0.0119868006616368,0.05396,0.0
4986.406513770424,0.0120579999999999,-0.0119860769398664,0.05396,0.0
4986.507099469505,0.012058,-0.0119850858730804,0.05396,0.0
4986.607670863472,0.0120579999999999,-0.0119837501453116,0.05396,0.0
4986.708234151207,0.0120579999999999,-0.0119824704840583,0.05396,0.0
4986.798757155739,0.012058,-0.0119816377777061,0.05396,0.0
4986.899333556496,0.0120579999999999,-0.0119814176156595,0.05396,0.0
4986.999853452049,0.012058,-0.0119814004008566,0.05396,0.0
