1466.3846710844045,-0.0111209999999999,-0.0069792683276805,0.01278,0.0
1466.4852317495352,-0.0111209999999999,-0.0069803463969962,0.01278,0.0
1466.5845683736807,-0.0111209999999999,-0.0069824987733614,0.01278,0.0
1466.6851068658834,-0.0111209999999999,-0.0069845910202693,0.01278,0.0
1466.7856923265463,-0.011121,-0.0069867946665865,0.01278,0.0
1466.886262051583,-0.0111209999999999,-0.0069887913817472,0.01278,0.0
1466.9868367834097,-0.0111209999999999,-0.0069907832468238,0.01278,0.0
1467.087402693749,-0.011121,-0.0069922448994133,0.01278,0.0
1467.1879836244589,-0.0111209999999999,-0.0069943814751318,0.01278,0.0
1467.288553587914,-0.011121,-0.0069965973983475,0.01278,0.0
1467.389130465508,-0.0111209999999999,-0.0069987114048279,0.01278,0.0
1467.4806221647268,-0.0111209999999999,-0.0070006764744687,0.01278,0.0
1467.5823253316885,-0.0111209999999999,-0.0070028851807812,0.01278,0.0
1467.682822577477,-0.0111209999999999,-0.0070048903915533,0.01278,0.0
1467.783401124001,-0.0111209999999999,-0.0070065570967915,0.01278,0.0
1467.8845084829336,-0.0111209999999999,-0.007008997156063,0.01278,0.0
1467.9850813074117,-0.0111209999999999,-0.0070106925875406,0.01278,0.0
1468.0856476945883,-0.0111209999999999,-0.0070129077046596,0.01278,0.0
1468.1862245721823,-0.0111209999999999,-0.0070141827796708,0.01278,0.0
1468.2867940588003,-0.0111209999999999,-0.0070143839904158,0.01278,0.0
1468.3873730821615,-0.0109509428121437,-0.0068704585074521,0.01278,0.0
1468.487966649056,-0.0101852141534916,-0.006222345592293,0.01278,0.0
1468.5885234994894,-0.0091677303410706,-0.0053612042438856,0.01278,0.0
1468.6890937013632,-0.0081544738048403,-0.0045036607197597,0.01278,0.0
1468.7896653337484,-0.0071388071744813,-0.0036440421026873,0.01278,0.0
1468.8902419729238,-0.0060978577039498,-0.0027629960774784,0.01278,0.0
1468.9807542486196,-0.005143545999484,-0.001955273925813,0.01278,0.0
1469.0813146753317,-0.0041043498061671,-0.0010757205093417,0.01278,0.0
1469.1818672342306,-0.0030811094964895,-0.0002097428504709,0.01278,0.0
1469.2823773546224,-0.002029294882224,0.0006805196869541,0.01278,0.0
1469.384285084725,-0.0012131394791736,0.0013712746077208,0.01278,0.0
1469.484826199532,-0.0010624118286903,0.0014988350874044,0.01278,0.0
1469.585357777596,-0.001062,0.0014991813625922,0.01278,0.0
1469.6859279794699,-0.0011021344866337,0.0014954264134625,0.01278,900.0
1469.7867215795522,-0.0018658705502227,0.0014105875059866,0.01278,900.0
1469.887269131661,-0.0033002794311628,0.001182968109953,0.01278,900.0
1469.9878269357687,-0.0047698030283035,0.0008302329441024,0.01278,900.0
1470.0883952302938,-0.0062000985694493,0.0003537660202065,0.01278,900.0
1470.1889728231436,-0.0075871754915818,-0.0002550373765033,0.01278,900.0
1470.2895373029714,-0.0088555532116537,-0.00094805341243,0.01278,900.0
1470.3901010675436,-0.0101641397829898,-0.001811218312177,0.01278,900.0
1470.4815400762564,-0.011239948824287,-0.0026794352198188,0.01278,900.0
1470.5821164770132,-0.0122949554847295,-0.0036858996511896,0.01278,900.0
1470.6835509462362,-0.0133274568894048,-0.0048585797593275,0.01278,900.0
1470.7841201944357,-0.0142064877447885,-0.0060403490262893,0.01278,900.0
1470.8847056550985,-0.014967738277573,-0.0073462805028377,0.01278,900.0
1470.9852424783712,-0.0156381786497784,-0.0086841287552411,0.01278,900.0
1471.0861660165792,-0.0161179207233775,-0.0097849324571688,0.01278,900.0
1471.1868427915579,-0.0164602321290832,-0.0108719039541023,0.01278,900.0
1471.2874149007803,-0.0168120348409175,-0.0122962657653691,0.01278,900.0
1471.387980572701,-0.0170325661311483,-0.0136368197538626,0.01278,900.0
1471.4885550661093,-0.0171243160994585,-0.0147501356119817,0.01278,900.0
1471.5891286058431,-0.0171470745731972,-0.0162485135126662,0.01278,900.0
1471.6896969003683,-0.0170440361477278,-0.0175530611612407,0.01278,900.0
1471.7902685327535,-0.0168576572965803,-0.0187845444561,0.01278,900.0
1471.8807877225881,-0.0165534657216022,-0.0200510363471122,0.01278,900.0
1471.981348864556,-0.0162342665818858,-0.0211449011498696,0.01278,900.0
1472.0819157285696,-0.0157738044883208,-0.0223121782493125,0.01278,900.0
1472.182474247933,-0.0151464776923242,-0.0236418067733456,0.01278,900.0
1472.283049933434,-0.0144082704184569,-0.0249040459154906,0.01278,900.0
1472.3836232347494,-0.013528547002732,-0.0261583491432485,0.01278,900.0
1472.4842160863882,-0.0125251267817232,-0.0273309469591828,0.01278,900.0
1472.5847948713308,-0.0114500499864575,-0.0283993649552492,0.01278,900.0
1472.685329787255,-0.0103167953356533,-0.0293409736950589,0.01278,900.0
1472.785891882897,-0.0090252603196203,-0.0302089905254265,0.01278,900.0
1472.8874388856893,-0.0077259125144762,-0.030929173485337,0.01278,900.0
1472.9880531950002,-0.0063768983565175,-0.0315430080751962,0.01278,900.0
1473.0886770410543,-0.004912474039355,-0.0320486986326287,0.01278,900.0
1473.1892431898123,-0.0034541982174826,-0.0324103918074491,0.01278,900.0
1473.2898040933615,-0.001990780071912,-0.0326492691733198,0.01278,900.0
1473.390368811608,-0.0004855996885674,-0.0327593357435262,0.01278,900.0
1473.480875842095,0.0008758979852063,-0.0327500168065234,0.01278,900.0
1473.5814431829458,0.0023580028158258,-0.032605517315032,0.01278,900.0
1473.6820033712393,0.0038244626783196,-0.0323436224363567,0.01278,900.0
1473.782549254418,0.0052504527593248,-0.0319610080787677,0.01278,900.0
1473.8831735773092,0.0067103353614898,-0.0314158216228706,0.01278,900.0
1473.983758561135,0.0080751792728128,-0.0307513677269954,0.01278,900.0
1474.084273688317,0.0093778572081147,-0.0299780076910644,0.01278,900.0
1474.1848026437765,0.0105860942243281,-0.029106859624219,0.01278,900.0
1474.2853723688131,0.0115466060937307,-0.0283093406764604,0.01278,900.0
1474.3859270734793,0.0124717990948998,-0.0273811430626343,0.01278,900.0
1474.4866522474294,0.0134270426717282,-0.0262691625994258,0.01278,900.0
1474.5871936006552,0.01432215280431,-0.0250408710186015,0.01278,900.0
1474.687776200295,0.0151050976721145,-0.023726534499658,0.01278,900.0
1474.7883416337972,0.0157492959596847,-0.0223931698894969,0.01278,900.0
1474.8888946695333,0.0162699992323298,-0.0210209077462512,0.01278,900.0
1474.9808760805136,0.0166541922689011,-0.0197281886477114,0.01278,900.0
1475.0814381761556,0.0168853381215071,-0.0186203608541629,0.01278,900.0
1475.1826926393514,0.0170633694554108,-0.0173267785187812,0.01278,900.0
1475.2832530660635,0.0171354869075555,-0.0162175885211642,0.01278,900.0
1475.383822314263,0.0171264651638692,-0.0148669746364335,0.01278,900.0
1475.4843965692526,0.0170410953125642,-0.013713848204279,0.01278,900.0
1475.5849100275045,0.0168531567945357,-0.0125050265453469,0.01278,900.0
1475.6854659242636,0.0165717710679729,-0.011229936175558,0.01278,900.0
1475.786023251534,0.0161800263137938,-0.0099771642922404,0.01278,900.0
1475.8865901155477,0.015641217932191,-0.0086302576010919,0.01278,900.0
1475.9871817750936,0.0149675594869093,-0.0072739041911852,0.01278,900.0
1476.0877717657095,0.0141807712659025,-0.0059760724062777,0.01278,900.0
1476.1883295698171,0.0132633898576907,-0.0047572770800431,0.01278,900.0
1476.288875929833,0.0122681348700047,-0.0036483373767356,0.01278,900.0
1476.3894327802664,0.0114625043920994,-0.0028764607012707,0.01278,900.0
1476.4903405828481,0.0103765037495838,-0.0019883458559028,0.01278,900.0
1476.580857388497,0.0092570842921412,-0.0012078704779557,0.01278,900.0
1476.6814051790243,0.0079582610617203,-0.0004470459464568,0.01278,900.0
1476.781964652062,0.0066003436877169,0.0001814508645539,0.01278,900.0
1476.8825946969991,0.0051539133033644,0.0007102915244202,0.01278,900.0
1476.9837485475546,0.0036606722150553,0.0011203484822286,0.01278,900.0
1477.0843151731497,0.002205180912995,0.001371081434447,0.01278,900.0
1477.1848863286978,0.0007519895577503,0.0014964067059852,0.01278,900.0
1477.285452239037,-0.0006896310399041,0.0015126345668539,0.01278,900.0
1477.386004797936,-0.00102045876485,0.0015006821931706,0.01278,900.0
1477.48658334446,-0.001062,0.0014991813625922,0.01278,900.0
1477.5871626062399,-0.0015288868158133,4.841262248576547e-05,0.01278,900.0
1477.6876858396536,-0.0036073171298447,-0.0064104375789935,0.01278,900.0
1477.788264147759,-0.0060251756576125,-0.0139241430010616,0.01278,900.0
1477.8888360185629,-0.0077088516257386,-0.0191564229062013,0.01278,900.0
1477.9893699808126,-0.0082369999999999,-0.0207977613814247,0.01278,900.0
1478.0899072809225,-0.0083653778851006,-0.0205655942433868,0.01278,900.0
1478.1804236097341,-0.0087349375520294,-0.019828625497071,0.01278,900.0
1478.2809652013784,-0.0092924227802553,-0.0184222216714019,0.01278,900.0
1478.3826936407095,-0.0096293802978656,-0.01692614215196,0.01278,900.0
1478.4834018869406,-0.0097051263873484,-0.0154876140881173,0.01278,900.0
1478.5839704198843,-0.0095529950226059,-0.0139694396803253,0.01278,900.0
1478.6845337076193,-0.0091774044838948,-0.0125027768555659,0.01278,900.0
1478.7851217908865,-0.0085558365573838,-0.0110889409820588,0.01278,900.0
1478.8856879396444,-0.007757484413899,-0.0098417642390274,0.01278,900.0
1478.9862612409597,-0.0067718180273077,-0.0087145087705388,0.01278,900.0
1479.0868321580892,-0.0056267723846397,-0.0077462691098595,0.01278,900.0
1479.1873971147543,-0.0043469416292854,-0.0069782534070286,0.01278,900.0
1479.2833398504263,-0.0030138915916915,-0.0064196429666591,0.01278,900.0
1479.3848823232656,-0.0015667246143082,-0.0060579145827271,0.01278,900.0
1479.485461823464,-3.118845039873364e-05,-0.0059285085632567,0.01278,900.0
1479.586022250176,0.0014285653394274,-0.0060230411288399,0.01278,900.0
1479.6865919752127,0.0029080717902884,-0.0063710478809598,0.01278,900.0
1479.787168137551,0.0043092533350199,-0.0069506741179257,0.01278,900.0
1479.8877476377493,0.0055736975075212,-0.0076950212574917,0.01278,900.0
1479.9883295221334,0.006742445807588,-0.0086871247608658,0.01278,900.0
1480.0889063997274,0.0077533872040272,-0.0098307084875504,0.01278,900.0
1480.1894839925772,0.0085555737659198,-0.0110895634605729,0.01278,900.0
1480.27999340725,0.0090915294069855,-0.0122977241606239,0.01278,900.0
1480.3805626554495,0.0095037248213452,-0.0137126955139948,0.01278,900.0
1480.4811347646719,0.0096804964259242,-0.0152412550902267,0.01278,900.0
1480.5829669160848,0.0096222278799142,-0.0168263336290951,0.01278,900.0
1480.6835659666067,0.0093351604879678,-0.0182831062205734,0.01278,900.0
1480.787472836495,0.0088286029930371,-0.0196678877294719,0.01278,900.0
1480.8880437536245,0.0080720979476507,-0.0210112943179925,0.01278,900.0
1480.9886337442404,0.0071459102089763,-0.0221914662062372,0.01278,900.0
1481.0892063303,0.0059925672190741,-0.0232225338055042,0.01278,900.0
1481.1897839231497,0.0047820871868695,-0.0240583665465753,0.01278,900.0
1481.280314557076,0.0035493714652604,-0.02463277044281,0.01278,900.0
1481.3808783216482,0.0020842952072644,-0.0250809652623096,0.01278,900.0
1481.4814613981252,0.0006088001296433,-0.0252999806207889,0.01278,900.0
1481.5831245107656,-0.0009103658009221,-0.0252704911268559,0.01278,900.0
1481.683688752175,-0.0023856671039841,-0.0250295745306764,0.01278,900.0
1481.7842420263296,-0.0037795793372885,-0.0245589661084358,0.01278,900.0
1481.8847929162985,-0.0051615615041015,-0.0238569313014645,0.01278,900.0
1481.985353581429,-0.0063706047343078,-0.0229499235734771,0.01278,900.0
1482.0859149618154,-0.0073696376566436,-0.0219393983606457,0.01278,900.0
1482.1866952104574,-0.0080913966253095,-0.0209978674977332,0.01278,900.0
1482.286576144219,-0.0082369999999999,-0.0207977613814247,0.01278,900.0
1482.387813441277,-0.0082102072168961,-0.020752032062762,0.01278,900.0
1482.4883764905935,-0.0063236243073322,-0.0175373987221507,0.01278,900.0
1482.5889514608389,-0.0027077913330556,-0.0113763938164931,0.01278,900.0
1482.6895221395498,0.0010930931190441,-0.0049000842190605,0.01278,900.0
1482.7800511045461,0.0035331834262454,-0.0007423608342159,0.01278,900.0
1482.8805774374014,0.003618,-0.0005978444932294,0.01278,900.0
1482.9811474008566,0.0036145374666765,-0.0005971358194465,0.01278,900.0
1483.0829313917166,0.0035176466605344,-0.0005780992264192,0.01278,900.0
1483.1834984941488,0.0021062142998101,-0.0003249645310079,0.01278,900.0
1483.2840653581625,0.0006526333357448,-0.0002036817727271,0.01278,900.0
1483.384637944222,-0.0008153294928615,-0.00021298588854,0.01278,900.0
1483.485208622933,-0.0023610547857133,-0.0003763848348275,0.01278,900.0
1483.5857835931783,-0.003860297953811,-0.0006829449635224,0.01278,900.0
1483.6863557024008,-0.0052498850550335,-0.0011158451201448,0.01278,900.0
1483.7878752870565,-0.0066494467106605,-0.0017025525700639,0.01278,900.0
1483.8884495420461,-0.0079974317099877,-0.0024276131406961,0.01278,900.0
1483.9890235586172,-0.0092219822046109,-0.0032480958199403,0.01278,900.0
1484.0813454313284,-0.0103115396667426,-0.0041290009468413,0.01278,900.0
1484.1821061296469,-0.0114151141892408,-0.0052250701391504,0.01278,900.0
1484.2829986734396,-0.0123692448326038,-0.0063669789653657,0.01278,900.0
1484.3835583848959,-0.0132152153884963,-0.0076394993730828,0.01278,900.0
1484.4841488523489,-0.0139109814366161,-0.0089306036773933,0.01278,900.0
1484.5847166700369,-0.0144899291270281,-0.0103108659965145,0.01278,900.0
1484.6852871103292,-0.0149440418538625,-0.0117827644535502,0.01278,900.0
1484.7858489675527,-0.0152560439343856,-0.0132708089732348,0.01278,900.0
1484.886397950173,-0.0154081170564438,-0.0147646990319645,0.01278,900.0
1484.9869717283254,-0.0154211610399876,-0.0162322037516969,0.01278,900.0
1485.0874906702047,-0.0152968508376708,-0.0176823448632416,0.01278,900.0
1485.1880496664053,-0.0150170899743637,-0.0191990087942645,0.01278,900.0
1485.2886086626058,-0.0145874443128087,-0.0206947197780517,0.01278,900.0
1485.3891726655966,-0.014050771444156,-0.0220458167238229,0.01278,900.0
1485.4897495431906,-0.0133478635669593,-0.0234096512309805,0.01278,900.0
1485.583280674935,-0.0126030676052785,-0.0245551238012764,0.01278,900.0
1485.683795802117,-0.0116751309629741,-0.0257307813959492,0.01278,900.0
1485.7843340559011,-0.0106285679499363,-0.0268236892687751,0.01278,900.0
1485.884916655541,-0.0094701510660559,-0.0278137954643499,0.01278,900.0
1485.9855035467153,-0.0082180286822649,-0.0286900822577244,0.01278,900.0
1486.0860654039388,-0.0069184646243214,-0.0294280278443546,0.01278,900.0
1486.186620108605,-0.0055631914077102,-0.0300240928625625,0.01278,900.0
1486.2871574087148,-0.0041153832882451,-0.0305061407805695,0.01278,900.0
1486.3877164049154,-0.0026287672031857,-0.0308466057793837,0.01278,900.0
1486.488290659905,-0.0012052116658305,-0.0310257499563678,0.01278,900.0
1486.58885060978,0.0003510284305835,-0.031080818665599,0.01278,900.0
1486.689420096398,0.0018845409206502,-0.0309614921632141,0.01278,900.0
1486.7899964971548,0.003332250912688,-0.0307137434629236,0.01278,900.0
1486.8805152101522,0.004599806042204,-0.0303374677230903,0.01278,900.0
1486.9810739679342,0.0060266583770104,-0.0298223793110005,0.01278,900.0
1487.0816372556692,0.0074089658478439,-0.029160410702879,0.01278,900.0
1487.1821948213583,0.0086956465019803,-0.0283794376299127,0.01278,900.0
1487.283848158837,0.0099089838007916,-0.0274600403814554,0.01278,900.0
1487.3844939394003,0.0110326053305792,-0.0264286537384243,0.01278,900.0
1487.4846986455923,0.0120117532993146,-0.0253228313620215,0.01278,900.0
1487.5852662248617,0.012913244418106,-0.0241029062486158,0.01278,900.0
1487.685820214272,0.0136782748794171,-0.0228076509829934,0.01278,900.0
1487.786352984429,0.0143322053374401,-0.0214071504037249,0.01278,900.0
1487.8869157953268,0.014809186085276,-0.0200206157014194,0.01278,900.0
1487.9874235315328,0.0151661940407599,-0.0185191830072461,0.01278,900.0
1488.0879789514547,0.0153751540446,-0.0170600209868916,0.01278,900.0
1488.188539855004,0.0154319715852697,-0.015531863268904,0.01278,900.0
1488.2891069574362,0.0153450479474611,-0.0140367918496149,0.01278,900.0
1488.3896886034017,0.0151316607188751,-0.0125727851611272,0.01278,900.0
1488.4802161378866,0.0148020883970923,-0.0112654916731542,0.01278,900.0
1488.5807722730642,0.0143103134698674,-0.0098367392151863,0.01278,900.0
1488.681343667031,0.013677933813354,-0.0084624348343356,0.01278,900.0
1488.781930081368,0.0129482049882049,-0.0072096325326195,0.01278,900.0
1488.8825050516134,0.0120728083059912,-0.0059811942942447,0.01278,900.0
1488.9868870897299,0.0109819850865623,-0.0047642352308271,0.01278,900.0
1489.0874534769064,0.0098951207386274,-0.0037597189463359,0.01278,900.0
1489.1880098505026,0.0086781942292196,-0.0028600553756323,0.01278,900.0
1489.2885550184255,0.0073591987293682,-0.0020563747469136,0.01278,900.0
1489.389125458718,0.0060479641888272,-0.0014057805876961,0.01278,900.0
1489.4896851701742,0.0046622497851307,-0.0008962329247471,0.01278,900.0
1489.5801831407553,0.0038224005912137,-0.0006527800753342,0.01278,900.0
1489.6807864828115,0.003618,-0.0005978444932294,0.01278,900.0
1489.7813440485006,0.0032787402405699,-0.0011363037953762,0.01278,900.0
1489.8819156808859,0.0016908329277086,-0.0036565938524038,0.01278,900.0
1489.9834295434957,-0.0024728528117708,-0.0102652138215189,0.01278,900.0
1490.0839956922537,-0.0066027682293421,-0.0168200897873387,0.01278,900.0
1490.1845663709646,-0.0094420666672846,-0.021326752201532,0.01278,900.0
1490.285130612374,-0.0096789999999999,-0.0217028236413975,0.01278,900.0
1490.3807681722647,-0.0098814363825858,-0.0213364005699977,0.01278,900.0
1490.4814149065023,-0.0103823411423392,-0.0203041012836665,0.01278,900.0
1490.581975571633,-0.0109025072627311,-0.0189193399963116,0.01278,900.0
1490.6825441045767,-0.0112447017515959,-0.0174410789692603,0.01278,900.0
1490.7830558938986,-0.0113851547194634,-0.0159384060952207,0.01278,900.0
1490.8835850877767,-0.0113291720978171,-0.0144418368415583,0.01278,900.0
1490.9841467065817,-0.0110828776641296,-0.0129386432023795,0.01278,900.0
1491.0847083253866,-0.0106423740827864,-0.0115164264334615,0.01278,900.0
1491.1852973623281,-0.0099749447204307,-0.0100918485669638,0.01278,900.0
1491.2871378583914,-0.0091365347240249,-0.0088015010899858,0.01278,900.0
1491.387692324639,-0.0082171287727765,-0.0077158905383602,0.01278,900.0
1491.4883075876241,-0.0070770549684608,-0.006701362117051,0.01278,900.0
1491.588883988381,-0.0057931437939027,-0.0058272269275661,0.01278,900.0
1491.6794038934713,-0.0045850986571585,-0.0052022303021563,0.01278,900.0
1491.7799621744161,-0.0031722321740272,-0.0046907700853591,0.01278,900.0
1491.8805326147085,-0.0016987751252695,-0.0043686954777955,0.01278,900.0
1491.9820414705282,-0.0002199980153194,-0.0042391969270572,0.01278,900.0
1492.0826083345419,0.0012321897643043,-0.0043001096696217,0.01278,900.0
1492.1831797285085,0.0027777049022316,-0.0045583529763569,0.01278,900.0
1492.2795842809683,0.0040805645490683,-0.0049696947143523,0.01278,900.0
1492.380157343865,0.005446937548619,-0.0056153582876557,0.01278,900.0
1492.4807277841574,0.0067545932159982,-0.006447030739069,0.01278,900.0
1492.5812247915273,0.0079150773545196,-0.0074326595847543,0.01278,900.0
1492.681755415917,0.0089279531412796,-0.008555251381416,0.01278,900.0
1492.7823210878378,0.00975782595216,-0.0097594667206912,0.01278,900.0
1492.8828679246908,0.0104326111097524,-0.0110643769758927,0.01278,900.0
1492.9834109468466,0.0109435942488875,-0.012473202368266,0.01278,900.0
1493.083978526116,0.011261234184088,-0.0139482439924501,0.01278,900.0
1493.1845408601766,0.0113884077036588,-0.0154636332528654,0.01278,900.0
1493.2851194067007,0.0113201276493122,-0.0170083671475933,0.01278,900.0
1493.3856378717428,0.0110575418994622,-0.0184427361131777,0.01278,900.0
1493.4862083120352,0.0105832381048953,-0.0198943997959714,0.01278,900.0
1493.586795441628,0.0099369063961073,-0.0212339072550031,0.01278,900.0
1493.6873665971762,0.0090677482640937,-0.0225368967810102,0.01278,900.0
1493.7809010667806,0.0081608117243068,-0.0235817581099977,0.01278,900.0
1493.8813971204763,0.0070167325052694,-0.024594155238035,0.01278,900.0
1493.981980435372,0.0057600625270055,-0.0254498806311478,0.01278,900.0
1494.082543723107,0.0044518828780724,-0.0261175170831558,0.01278,900.0
1494.1830872220999,0.0030575482742687,-0.02659918256663,0.01278,900.0
1494.2836631460195,0.001571440968581,-0.0269080687773084,0.01278,900.0
1494.384230725289,7.31446054192536e-05,-0.0270184435289304,0.01278,900.0
1494.4847716016775,-0.0014411807919369,-0.0269394483310645,0.01278,900.0
1494.5853432340627,-0.0029410619558107,-0.0266505064527374,0.01278,900.0
1494.6859143896108,-0.0043766664338129,-0.0261561845768583,0.01278,900.0
1494.7864705247885,-0.0056978472955798,-0.0255124900872504,0.01278,900.0
1494.8870309515005,-0.0069465663464509,-0.0246693147032581,0.01278,900.0
1494.9875873250967,-0.0080373023883852,-0.0236953615941652,0.01278,900.0
1495.0881344003683,-0.009024809639355,-0.0225695948869244,0.01278,900.0
1495.1886471433645,-0.0095589724644986,-0.0218720317854518,0.01278,900.0
1495.2891973180776,-0.0096789999999999,-0.0217028236413975,0.01278,900.0
1495.3796902818685,-0.0093169176094847,-0.0212040776649103,0.01278,900.0
1495.480419270516,-0.0072734953328787,-0.0183893894472563,0.01278,900.0
1495.5795837564474,-0.0028784852695155,-0.0123355462785397,0.01278,900.0
1495.680182330132,0.0014991270912952,-0.0063057087760134,0.01278,900.0
1495.7823909444814,0.004236,-0.002535788705411,0.01278,900.0
1495.8829451723104,0.0036532118751755,-0.0023694812568742,0.01278,900.0
1495.9835065526968,0.0023490195466286,-0.0021001584417297,0.01278,900.0
1496.0840729398733,0.0008438725615443,-0.0019189202511177,0.01278,900.0
1496.1846145315176,-0.000619394345561,-0.0019131081099311,0.01278,900.0
1496.2851856870657,-0.0021178067745707,-0.0020654996512387,0.01278,900.0
1496.3857406301504,-0.0036068343821551,-0.002376711897819,0.01278,900.0
1496.4863125009542,-0.005001994153546,-0.0028383978867059,0.01278,900.0
1496.5868784112936,-0.0063876250262443,-0.0034656623069418,0.01278,900.0
1496.6873956842428,-0.007668118878046,-0.0042231815332354,0.01278,900.0
1496.7879723234182,-0.0089322998720356,-0.0051732145839463,0.01278,900.0
1496.8834720773702,-0.0099327027520134,-0.0061274175769136,0.01278,900.0
1496.9840482397085,-0.0109211591461271,-0.007286543970847,0.01278,900.0
1497.0846127195364,-0.0117820220026965,-0.0085718615360812,0.01278,900.0
1497.1851850671774,-0.0124638327964521,-0.0098582671804045,0.01278,900.0
1497.285749070168,-0.0130015552943698,-0.0112255073933436,0.01278,900.0
1497.386318079949,-0.0134185386851729,-0.0126952549809198,0.01278,900.0
1497.4869135541921,-0.0136535186579416,-0.0141828936592383,0.01278,900.0
1497.5875075979238,-0.013736002413694,-0.0156526860848721,0.01278,900.0
1497.6880887670522,-0.0136379667859121,-0.0171861954582227,0.01278,900.0
1497.7785593194967,-0.0134372210062962,-0.0185373740864936,0.01278,900.0
1497.879146210671,-0.0131878631723053,-0.0195196329309042,0.01278,900.0
1497.9796916170126,-0.0128940457011161,-0.020403865802931,0.01278,900.0
1498.0802627725607,-0.0123098695707094,-0.0217456839490136,0.01278,900.0
1498.1808153314596,-0.0115613950787095,-0.0230499701826866,0.01278,900.0
1498.281375519753,-0.0106982244857589,-0.02423892066115,0.01278,900.0
1498.381937138558,-0.009689698121589,-0.0253567234875659,0.01278,900.0
1498.4824458284384,-0.0085747656521824,-0.0263531142183916,0.01278,900.0
1498.583133332253,-0.0073392358130914,-0.0272321509401044,0.01278,900.0
1498.6836682481771,-0.0060367038943196,-0.0279661160928374,0.01278,900.0
1498.7842184228903,-0.0046967238821781,-0.0285316422027132,0.01278,900.0
1498.8866878671652,-0.0031928755682051,-0.0289896438534281,0.01278,900.0
1498.9872599763876,-0.0016639924099642,-0.0292694708869508,0.01278,900.0
1499.0878113431936,-0.0002286551571597,-0.0293693766549925,0.01278,900.0
1499.1782845182424,0.0011164433518152,-0.0293235510132366,0.01278,900.0
1499.278849236489,0.0026418043023681,-0.0291122434338854,0.01278,900.0
1499.3794089479452,0.0040945449470898,-0.0287427476852009,0.01278,900.0
1499.4800089521414,0.005475795157787,-0.0282224602355948,0.01278,900.0
1499.5810223741537,0.0068356301624345,-0.0275343560256445,0.01278,900.0
1499.6815839929586,0.0081271401897443,-0.0266931723889105,0.01278,900.0
1499.7820929212576,0.0092935991056009,-0.025740200646382,0.01278,900.0
1499.8826776666647,0.0103210222209558,-0.0246872063813182,0.01278,900.0
1499.983237378121,0.0112478626492305,-0.0235036061703043,0.01278,900.0
1500.0838135404592,0.0120744682538368,-0.0221970531281885,0.01278,900.0
1500.184576861382,0.0126839168911971,-0.0209245373229109,0.01278,900.0
1500.2872391862875,0.0130853389226487,-0.0198512219186582,0.01278,900.0
1500.3878110570913,0.0134732212872017,-0.018349954040108,0.01278,900.0
1500.4783321542745,0.0136643830813149,-0.0170639660269182,0.01278,900.0
1500.578902594567,0.013729238870578,-0.0155570696027781,0.01278,900.0
1500.6794723196035,0.0136543216558309,-0.0141285210522907,0.01278,900.0
1500.780088536263,0.0134849487576647,-0.0129672507050038,0.01278,900.0
1500.880615584374,0.0131550501000649,-0.0117010412301527,0.01278,900.0
1500.9811860246664,0.0126456686467669,-0.0102771712836739,0.01278,900.0
1501.0817552728658,0.0119865880222435,-0.0089375827936064,0.01278,900.0
1501.1823290510183,0.0111774839812091,-0.00763563076298,0.01278,900.0
1501.2829080743795,0.0102867572726072,-0.0065163099864755,0.01278,900.0
1501.3834749383932,0.0092035771681263,-0.0054189296879028,0.01278,900.0
1501.485282771111,0.0080345919005875,-0.004465450628344,0.01278,900.0
1501.5858606023794,0.006716871995622,-0.003636745970354,0.01278,900.0
1501.6865078134542,0.0054171657127229,-0.0029935322715342,0.01278,900.0
1501.7789410276418,0.0045254883294151,-0.0026421684727388,0.01278,900.0
1501.8795102758413,0.0042359999999999,-0.002535788705411,0.01278,900.0
1501.9800399465566,0.0041537147633902,-0.0026433445447807,0.01278,900.0
1502.0805994195944,0.0021282117152761,-0.0052907292594443,0.01278,900.0
1502.1811603231436,-0.0022729712153673,-0.0110432151005518,0.01278,900.0
1502.2817214651113,-0.0069980080799554,-0.0172190028077142,0.01278,900.0
1502.3823124094015,-0.0107463537783409,-0.0221181496255645,0.01278,900.0
1502.482887856484,-0.0111209999999999,-0.0226078088777788,0.01278,900.0
1502.5834270639425,-0.0111239089933027,-0.0226025515072318,0.01278,900.0
1502.683999650002,-0.0113198072125437,-0.0222485082280424,0.01278,900.0
1502.7845758123403,-0.0119711451009776,-0.0209423293206214,0.01278,900.0
1502.8861740751272,-0.0124998184099124,-0.0195201731037195,0.01278,900.0
1502.9867333097463,-0.012868660583521,-0.0180451498615587,0.01278,900.0
1503.087321154595,-0.0130568453920845,-0.016602718043804,0.01278,900.0
1503.1879120988851,-0.0130819411972362,-0.0151171829389489,0.01278,900.0
1503.278420321465,-0.0129677325596619,-0.0137680767403246,0.01278,900.0
1503.3789781255728,-0.0126678529876386,-0.0122939792074563,0.01278,900.0
1503.4792731924063,-0.0121965993836166,-0.010850898507617,0.01278,900.0
1503.5798374338156,-0.011577501123592,-0.0094931860167078,0.01278,900.0
1503.6807929201132,-0.0107601195304303,-0.0081496020801332,0.01278,900.0
1503.7813616914755,-0.0098388240055929,-0.0069705600083835,0.01278,900.0
1503.8819247407919,-0.0088149477738763,-0.0059359604401679,0.01278,900.0
1503.9825204534536,-0.0076677217384341,-0.0050072544918948,0.01278,900.0
1504.0830794496542,-0.006404717046031,-0.0042076084604714,0.01278,900.0
1504.1836687250143,-0.0049978137446803,-0.0035307675686498,0.01278,900.0
1504.284280888558,-0.0035563734647642,-0.0030237664351157,0.01278,900.0
1504.3848601503378,-0.0021235510860667,-0.0027058678384467,0.01278,900.0
1504.4854322595602,-0.0006395142557939,-0.0025531474097188,0.01278,900.0
1504.5861300153738,0.0009086255090269,-0.0025737183655102,0.01278,900.0
1504.6866723222738,0.002439125480279,-0.0027638272493117,0.01278,900.0
1504.7872463388449,0.0038834289540465,-0.0031213882865002,0.01278,900.0
1504.8878201169973,0.0052897042600672,-0.0036462778459291,0.01278,900.0
1504.9825607461935,0.0065351513147008,-0.0042664282259705,0.01278,900.0
1505.0831142587667,0.0077656974815168,-0.0050697748062281,0.01278,900.0
1505.18371640873,0.0089123621514707,-0.0060257952362302,0.01278,900.0
1505.2842820806509,0.0099729479166881,-0.0071383167128878,0.01278,900.0
1505.3848551435476,0.0108874984678113,-0.008344199943753,0.01278,900.0
1505.4854220075613,0.0116306025207966,-0.009617889957125,0.01278,900.0
1505.585990540505,0.0122375851360447,-0.0109761775223832,0.01278,900.0
1505.6865547819143,0.0126871560303271,-0.0124227908427908,0.01278,900.0
1505.7871283216482,0.012972403967899,-0.0139069837656908,0.01278,900.0
1505.8877299947744,0.0130894780238871,-0.015422617614995,0.01278,900.0
1505.9782489461904,0.0130510909671428,-0.0168274086380701,0.01278,900.0
1506.0798619909292,0.0128462461347248,-0.018264731390937,0.01278,900.0
1506.180406682015,0.0124583292010857,-0.0197125717927967,0.01278,900.0
1506.2809680624014,0.0118851521291829,-0.0211554666913013,0.01278,900.0
1506.3815427942282,0.0111722764691144,-0.0224815023632836,0.01278,900.0
1506.4845465345388,0.0102700302514978,-0.0237562172685817,0.01278,900.0
1506.5851234121328,0.0092675309825705,-0.0248711187840478,0.01278,900.0
1506.685693375588,0.0081384890869008,-0.0258746425580554,0.01278,900.0
1506.7862707300192,0.006927104155101,-0.0267334832791051,0.01278,900.0
1506.8868375940328,0.005649182447528,-0.0274362325738592,0.01278,900.0
1506.9874073190695,0.0042568370156751,-0.0280054971938673,0.01278,900.0
1507.0879954023367,0.0027931651702628,-0.0284343549091261,0.01278,900.0
1507.178500525475,0.0014880152312478,-0.0286635393616861,0.01278,900.0
1507.27932726574,-8.537909455424986e-05,-0.0287515293209977,0.01278,900.0
1507.379898421288,-0.0015894634966698,-0.0286385087200457,0.01278,900.0
1507.4821478052145,-0.0030682665088294,-0.0283661809566006,0.01278,900.0
1507.5827163381582,-0.004517413631103,-0.0279165784264037,0.01278,900.0
1507.6835354490286,-0.0059173866932117,-0.0273021781063483,0.01278,900.0
1507.7841736001974,-0.0072159904340634,-0.0265502754937379,0.01278,900.0
1507.8847213907247,-0.0084177896183553,-0.0256505539754535,0.01278,900.0
1507.9856115503317,-0.0095289560388999,-0.0246076661312673,0.01278,900.0
1508.0863753480917,-0.0104928012846507,-0.0234774770047042,0.01278,900.0
1508.1865540666586,-0.0110714201768465,-0.0226778075818177,0.01278,900.0
1508.2871168775564,-0.0111209999999999,-0.0226078088777788,0.01278,900.0
1508.3877099676138,-0.0111209999999999,-0.0226075876800127,0.01278,0.0
1508.478232733727,-0.0111209999999999,-0.0226062445539254,0.01278,0.0
1508.5788439435964,-0.011121,-0.0226039889763467,0.01278,0.0
1508.6794212980276,-0.0111209999999999,-0.0226030116818702,0.01278,0.0
1508.7799774332052,-0.0111209999999999,-0.0226023557383269,0.01278,0.0
1508.880502335549,-0.0111209999999999,-0.0226006650465401,0.01278,0.0
1508.9810744447714,-0.0111209999999999,-0.0225994082171508,0.01278,0.0
1509.081677548409,-0.0111209999999999,-0.0225983350830663,0.01278,0.0
1509.1822348756796,-0.0111209999999999,-0.0225969028374217,0.01278,0.0
1509.2836109323507,-0.011121,-0.0225957897935057,0.01278,0.0
1509.3841885252004,-0.0111209999999999,-0.0225948739258901,0.01278,0.0
1509.4847253484731,-0.0111209999999999,-0.0225933858850288,0.01278,0.0
1509.5853036565786,-0.0111209999999999,-0.0225928699135006,0.01278,0.0
1509.678117625237,-0.0111209999999999,-0.0225909625322643,0.01278,0.0
1509.7786716146475,-0.0111209999999999,-0.0225896485915007,0.01278,0.0
1509.8792403860098,-0.0111209999999999,-0.0225872920517845,0.01278,0.0
1509.979792229653,-0.0111209999999999,-0.0225857960431943,0.01278,0.0
1510.0803552789694,-0.0111209999999999,-0.0225853779190701,0.01278,0.0
1510.1809235734945,-0.0111209999999999,-0.0225841976331456,0.01278,0.0
1510.2815021200186,-0.011121,-0.0225826962643106,0.01278,0.0
1510.3820632619863,-0.0111209999999999,-0.0225817865236872,0.01278,0.0
1510.4826475305563,-0.0111209999999999,-0.0225807389593606,0.01278,0.0
1510.5835014505392,-0.011121,-0.0225793169627178,0.01278,0.0
1510.6840559167867,-0.0111209999999999,-0.0225771381869967,0.01278,0.0
1510.7845979852682,-0.0111209999999999,-0.0225762229180298,0.01278,0.0
1510.8851603193289,-0.0111209999999999,-0.0225755445697483,0.01278,0.0
1510.9856706781393,-0.011121,-0.0225731195633669,0.01278,0.0
1511.0862263364797,-0.011121,-0.0225721874216216,0.01278,0.0
1511.1867865247732,-0.011121,-0.0225722977176074,0.01278,0.0
