3207.867187337899,-0.0060009999999999,0.011682901787692,0.03692,0.0
3207.96776135447,-0.0060009999999999,0.0116820297516213,0.03692,0.0
3208.0733288097617,-0.0060009999999999,0.0116797122411355,0.03692,0.0
3208.163842515969,-0.0060009999999999,0.0116787547431114,0.03692,0.0
3208.2643528747794,-0.0060009999999999,0.0116765848694167,0.03692,0.0
3208.3650487232444,-0.0060009999999999,0.0116749979611616,0.03692,0.0
3208.465607004189,-0.006001,0.0116732675889985,0.03692,0.0
3208.5661192703483,-0.006001,0.0116714759972697,0.03692,0.0
3208.666651086831,-0.0060009999999999,0.0116698322777864,0.03692,0.0
3208.7672167587516,-0.0060009999999999,0.0116679701146635,0.03692,0.0
3208.867781953835,-0.0060009999999999,0.0116657098263688,0.03692,0.0
3208.968463258767,-0.0060009999999999,0.0116638129387271,0.03692,0.0
3209.069033937478,-0.006001,0.0116629380170663,0.03692,0.0
3209.1696127224204,-0.0060009999999999,0.0116609219694575,0.03692,0.0
3209.2701817322013,-0.0060009999999999,0.0116594464230423,0.03692,0.0
3209.3707545566795,-0.006001,0.0116577792606593,0.03692,0.0
3209.4713307190177,-0.006001,0.0116560476330108,0.03692,0.0
3209.561847763085,-0.0060009999999999,0.0116539939276307,0.03692,0.0
3209.6662989425895,-0.0060009999999999,0.0116523856880691,0.03692,0.0
3209.7668510246513,-0.006001,0.0116506877675172,0.03692,0.0
3209.8674119282005,-0.0060009999999999,0.0116486841008748,0.03692,0.0
3209.967998580956,-0.0060009999999999,0.0116477914084872,0.03692,0.0
3210.0685649681327,-0.0060009999999999,0.0116476441893335,0.03692,0.0
3210.1691187191245,-0.0060189652360556,0.0116006447572804,0.03692,0.0
3210.2696700859306,-0.0062062900154252,0.0111105225043195,0.03692,0.0
3210.3702283668754,-0.006950154834766,0.0091639736339363,0.03692,0.0
3210.470795946145,-0.0077000397213254,0.0072015700641335,0.03692,0.0
3210.571381168389,-0.0084515241889467,0.0051237202703579,0.03692,0.0
3210.661896305108,-0.0091702525847223,0.0033117162306651,0.03692,0.0
3210.7639511394736,-0.0099579986231021,0.0012927255997342,0.03692,0.0
3210.8645270633933,-0.0107302363787109,-0.0007281108626463,0.03692,0.0
3210.965098934197,-0.0114900223666899,-0.0027164644278071,0.03692,0.0
3211.0647643375632,-0.0122257708557662,-0.0046418577180415,0.03692,0.0
3211.1653285789725,-0.0129854220136709,-0.0066297757746178,0.03692,0.0
3211.2659049797294,-0.0136166275672403,-0.0082815333970798,0.03692,0.0
3211.3664415645835,-0.013687,-0.0084657622774241,0.03692,0.0
3211.4670036602256,-0.0139386560818235,-0.0089944189202756,0.03692,900.0
3211.5675483513114,-0.0144921825256708,-0.0103455933568022,0.03692,900.0
3211.6681156921622,-0.0149411528002195,-0.0117889777362706,0.03692,900.0
3211.7686532306907,-0.0152383632850465,-0.0132634009968642,0.03692,900.0
3211.869206028008,-0.0153970917968785,-0.0147763914042689,0.03692,900.0
3211.969777421975,-0.0154124362980386,-0.016263699868838,0.03692,900.0
3212.0703504848716,-0.0152766023824757,-0.0177364779783668,0.03692,900.0
3212.170911150002,-0.0150004134622428,-0.0192414738365423,0.03692,900.0
3212.2715030479667,-0.0145733989132456,-0.0206976935191971,0.03692,900.0
3212.362013416314,-0.0140848071912072,-0.021950113443022,0.03692,900.0
3212.462665634179,-0.0134980834877008,-0.0231138259459242,0.03692,900.0
3212.5632394123313,-0.0128406446932753,-0.0241922673287424,0.03692,900.0
3212.6638081836936,-0.0119472835265888,-0.0253923910630959,0.03692,900.0
3212.764374094033,-0.0109239583294978,-0.0265194207257713,0.03692,900.0
3212.864950971627,-0.0098242387685396,-0.027519972289292,0.03692,900.0
3212.9655161667106,-0.0086042674569971,-0.0284259914126172,0.03692,900.0
3213.066061573052,-0.0072940087615107,-0.0292179175786386,0.03692,900.0
3213.1666372585532,-0.0059395588218054,-0.029862420728461,0.03692,900.0
3213.26721032145,-0.0045327046122597,-0.0303708469757086,0.03692,900.0
3213.36779125216,-0.0030754395154129,-0.030745073728785,0.03692,900.0
3213.4683709907767,-0.0016337258180947,-0.030975187252784,0.03692,900.0
3213.5690637398,-5.556212269421101e-05,-0.031066612498575,0.03692,900.0
3213.669635133767,0.0014178863335178,-0.031006558950397,0.03692,900.0
3213.770214633965,0.0029154755541641,-0.0307874722413366,0.03692,900.0
3213.870778160119,0.0043896689773711,-0.0304201877020385,0.03692,900.0
3213.97136219027,0.0057690015376466,-0.0299365099479988,0.03692,900.0
3214.0628999042747,0.0070466947543769,-0.02934418392096,0.03692,900.0
3214.163491802239,0.0083645016199268,-0.02859274705573,0.03692,900.0
3214.2640548515556,0.0095002226185063,-0.0277787887320401,0.03692,900.0
3214.3645654487846,0.010441589179983,-0.0269877411985563,0.03692,900.0
3214.4651039409873,0.0112721611681595,-0.0261566311897297,0.03692,900.0
3214.565663414025,0.0122623922596371,-0.0249984670348383,0.03692,900.0
3214.66622670176,0.0131032655500122,-0.023788593778654,0.03692,900.0
3214.766932086968,0.0138580862902127,-0.0224420338608957,0.03692,900.0
3214.867503957772,0.0144364371777759,-0.021101109101435,0.03692,900.0
3214.968059854531,0.0149089491249586,-0.0196221999228899,0.03692,900.0
3215.0686188507316,0.0152198660434385,-0.0181167847964461,0.03692,900.0
3215.169180231118,0.0153908948212082,-0.0166110422901466,0.03692,900.0
3215.2697449493644,0.0154161185738639,-0.0151720307705567,0.03692,900.0
3215.3703029918906,0.0152994294923895,-0.0137009576239055,0.03692,900.0
3215.4709513950584,0.0150301532282062,-0.012182881672441,0.03692,900.0
3215.571518735909,0.014615676574028,-0.0107058092812152,0.03692,900.0
3215.6620238590476,0.0141393156716045,-0.0094429466206114,0.03692,900.0
3215.7625997829673,0.0134912270459154,-0.0081150931655763,0.03692,900.0
3215.863150196099,0.0126557997210256,-0.0067867441832433,0.03692,900.0
3215.9637244510886,0.0117888566734846,-0.0056614112535628,0.03692,900.0
3216.0642894077537,0.0107135931470924,-0.0045291655248984,0.03692,900.0
3216.164854841256,0.0099882606948098,-0.0038539337581437,0.03692,900.0
3216.265415267968,0.0089584132184629,-0.0030689880640456,0.03692,900.0
3216.3659878540275,0.0076817395191798,-0.0022581611627867,0.03692,900.0
3216.4673057365653,0.0063360855773924,-0.0015662252572942,0.03692,900.0
3216.567876653695,0.0049220235630338,-0.0010135484342171,0.03692,900.0
3216.668466405892,0.0034744683391326,-0.0006041750879113,0.03692,900.0
3216.769042091393,0.0020106319806261,-0.0003370189323927,0.03692,900.0
3216.8695996570823,0.0004718754652661,-0.0002053649808538,0.03692,900.0
3216.9701848793266,-0.0009881678029889,-0.0002266141259508,0.03692,900.0
3217.0707164573905,-0.0025014201991184,-0.0004004118276845,0.03692,900.0
3217.171297149682,-0.0039512115277542,-0.0007068857459061,0.03692,900.0
3217.2718690204856,-0.0053917267994853,-0.0011609111144511,0.03692,900.0
3217.3623948860404,-0.0066394563685984,-0.0017049797813243,0.03692,900.0
3217.462951498055,-0.0079967157895377,-0.0024402593598422,0.03692,900.0
3217.5635202694175,-0.009230260972957,-0.0032697033317363,0.03692,900.0
3217.664644079232,-0.0103727798485735,-0.0042175789540749,0.03692,900.0
3217.765204029107,-0.0114424052803608,-0.0052908442124059,0.03692,900.0
3217.865775184655,-0.0124006674400545,-0.0064579148790194,0.03692,900.0
3217.966325836205,-0.0131912493710091,-0.0076072053194538,0.03692,900.0
3218.066884832406,-0.0136351825428042,-0.0083743261961263,0.03692,900.0
3218.1676142978904,-0.013687,-0.0084657622774242,0.03692,900.0
3218.2681787777183,-0.0136385001378935,-0.0084485359069286,0.03692,900.0
3218.368739919686,-0.0106412161289929,-0.0073839488632749,0.03692,900.0
3218.4693158436057,-0.0057802496446225,-0.0056572840499386,0.03692,900.0
3218.56989772799,-0.0052272142020491,-0.0054608596505713,0.03692,900.0
3218.6704533863303,-0.0052269999999999,-0.0054607898101644,0.03692,900.0
3218.771030502343,-0.004912318062927,-0.0053117007290361,0.03692,900.0
3218.8715964126823,-0.0038011675624869,-0.0048881286809259,0.03692,900.0
3218.9621129799125,-0.0024650744833275,-0.0044957537051357,0.03692,900.0
3219.0626939106223,-0.0009941498472109,-0.0042712464197051,0.03692,900.0
3219.1632705497977,0.0004709265308123,-0.00422647251041,0.03692,900.0
3219.263851242089,0.0019412940902078,-0.0043846121427517,0.03692,900.0
3219.3649919796226,0.0034650904613074,-0.004746478317856,0.03692,900.0
3219.465553836846,0.0048639537926728,-0.0052926525780252,0.03692,900.0
3219.5662523079154,0.0061539552869544,-0.0060023150095378,0.03692,900.0
3219.66773684504,0.0074104389858356,-0.0069521047908778,0.03692,900.0
3219.76832111361,0.0084833916274309,-0.0080046015335964,0.03692,900.0
3219.8690534401176,0.0094160836761877,-0.0092012308161737,0.03692,900.0
3219.96962054255,0.010164544556073,-0.010459533849709,0.03692,900.0
3220.070193843865,0.0107450758912574,-0.0118236439235805,0.03692,900.0
3220.170757846856,0.0111600497172498,-0.0133063678770386,0.03692,900.0
3220.2713230419395,0.0113764302035656,-0.0148181264450282,0.03692,900.0
3220.3719094562766,0.011382690325468,-0.0163077986121457,0.03692,900.0
3220.462423162484,0.0112344030580668,-0.0176579040456031,0.03692,900.0
3220.562988595986,0.010881368123581,-0.0191351582430087,0.03692,900.0
3220.6635623741386,0.0103526114225145,-0.0204465510458778,0.03692,900.0
3220.7641173172233,0.0095990419550793,-0.0218016962128222,0.03692,900.0
3220.8646474647758,0.0086981984399496,-0.0230094896706331,0.03692,900.0
3220.9652109909293,0.007673485399754,-0.0240633651026545,0.03692,900.0
3221.0657759475944,0.0064918877808736,-0.0249987942075931,0.03692,900.0
3221.16631563189,0.0052116447032812,-0.0257701949901779,0.03692,900.0
3221.2668751049277,0.0038287598311009,-0.02636512198061,0.03692,900.0
3221.3674424457786,0.0023470611487829,-0.0267848748579457,0.03692,900.0
3221.468005971932,0.0008399047681492,-0.0270023235045311,0.03692,900.0
3221.5685394573447,-0.0006694306060826,-0.0270175474586276,0.03692,900.0
3221.6699088382957,-0.00216227904985,-0.0268334008729195,0.03692,900.0
3221.770473556542,-0.0036494796077128,-0.0264535925328787,0.03692,900.0
3221.8711505699393,-0.0050334189889652,-0.0258845181184261,0.03692,900.0
3221.971715765023,-0.0062836161406168,-0.0251618431927079,0.03692,900.0
3222.062220649743,-0.0073782788151987,-0.0243192679965463,0.03692,900.0
3222.162780361199,-0.0084633962349218,-0.0232685399600195,0.03692,900.0
3222.263338165307,-0.0093822890059096,-0.0221116673976723,0.03692,900.0
3222.3638790416953,-0.0101438814428396,-0.0208156295065241,0.03692,900.0
3222.4644723701713,-0.010762517867071,-0.0194001499617147,0.03692,900.0
3222.5649839210746,-0.0111664756788017,-0.0179524747761227,0.03692,900.0
3222.665554838204,-0.0113722832508057,-0.0165265622093384,0.03692,900.0
3222.766126232171,-0.0113959483645972,-0.0149666377723384,0.03692,900.0
3222.866939859414,-0.0112110765443445,-0.0134484838431996,0.03692,900.0
3222.967509346032,-0.0108572682931869,-0.0120596597221393,0.03692,900.0
3223.0680871773,-0.0102745489101186,-0.0106461106738803,0.03692,900.0
3223.168667631173,-0.0095075117997067,-0.0093377129118494,0.03692,900.0
3223.2692735958335,-0.0086008368776726,-0.0081353934349264,0.03692,900.0
3223.3698571491477,-0.0075657381290472,-0.0070877966724451,0.03692,900.0
3223.4704130459068,-0.0063463550252314,-0.0061624084491152,0.03692,900.0
3223.5709918308494,-0.0054887602588169,-0.0056069632400065,0.03692,900.0
3223.662092762017,-0.0052269999999999,-0.0054607898101644,0.03692,900.0
3223.7626159954307,-0.0054763178480212,-0.0056949490512599,0.03692,900.0
3223.863161640191,-0.0071406133926004,-0.0072581394424662,0.03692,900.0
3223.9638989734885,-0.012130745352751,-0.011945298212289,0.03692,900.0
3224.0644374656913,-0.0135439999999999,-0.0132727992398779,0.03692,900.0
3224.1650062370536,-0.0135449345123273,-0.0132786141708706,0.03692,900.0
3224.265565233254,-0.0136695680089306,-0.0143181742137324,0.03692,900.0
3224.366130189919,-0.0137201644530139,-0.0158269355162041,0.03692,900.0
3224.466704444909,-0.0136193793075592,-0.0173202959548853,0.03692,900.0
3224.5672651100394,-0.0133532349700886,-0.018767492201662,0.03692,900.0
3224.667811708474,-0.0129381529851581,-0.0201963833093301,0.03692,900.0
3224.7684016990897,-0.0123482543611518,-0.0215977964560074,0.03692,900.0
3224.868973808312,-0.0116117771558712,-0.0229422800276739,0.03692,900.0
3224.9695299434898,-0.0107631747270084,-0.0241501830842393,0.03692,900.0
3225.070074872994,-0.0097411932235519,-0.0253080646817476,0.03692,900.0
3225.171051816964,-0.0086236103393191,-0.0263198003327807,0.03692,900.0
3225.2615733909843,-0.0075593777657195,-0.027092636021353,0.03692,900.0
3225.362143592858,-0.0062529590729552,-0.0278477066975042,0.03692,900.0
3225.462731199288,-0.0052718561191707,-0.0283126345655971,0.03692,900.0
3225.5633221435783,-0.0040004089341288,-0.0287497072951722,0.03692,900.0
3225.6639216709373,-0.0025199050602787,-0.0291110872429472,0.03692,900.0
3225.7644928264854,-0.0013488030351578,-0.0292976015365504,0.03692,900.0
3225.8656049537894,-0.0001599220444113,-0.0293470519057987,0.03692,900.0
3225.966162757897,0.0013955958779471,-0.0292785529668316,0.03692,900.0
3226.066721515679,0.0028765321311383,-0.0290519664458246,0.03692,900.0
3226.167287664437,0.004264034127388,-0.0286807047815225,0.03692,900.0
3226.267855482125,0.0056869557522706,-0.0281329603570697,0.03692,900.0
3226.3684132862327,0.0070080390843604,-0.027451317256848,0.03692,900.0
3226.468974189782,0.0082812822033737,-0.0265847135887645,0.03692,900.0
3226.56954033854,0.0094133197496154,-0.0256208000197,0.03692,900.0
3226.6700747776267,0.0104861484021612,-0.0244824259146246,0.03692,900.0
3226.7706321048972,0.0113950776211812,-0.0232711898551605,0.03692,900.0
3226.871317224526,0.0121396213123555,-0.022024543395143,0.03692,900.0
3226.961817579293,0.0127037534241127,-0.0208090413735422,0.03692,900.0
3227.062379674935,0.0132070462603165,-0.0193455776704988,0.03692,900.0
3227.162958936715,0.0135494233560241,-0.0178521973115306,0.03692,900.0
3227.26357086184,0.01371196178753,-0.0164948851512608,0.03692,900.0
3227.364131288552,0.0137381598386258,-0.0154962585252879,0.03692,900.0
3227.4646890926597,0.0136439741768212,-0.0140362527761316,0.03692,900.0
3227.5652523803947,0.0133854755919827,-0.0125181306290823,0.03692,900.0
3227.665744142556,0.0129502791299387,-0.0110664307507228,0.03692,900.0
3227.766313152337,0.0123498199849991,-0.0096381726116545,0.03692,900.0
3227.868328647637,0.0116152894798064,-0.0083153860079531,0.03692,900.0
3227.968894319558,0.0107759110127537,-0.0071335238869814,0.03692,900.0
3228.069452362084,0.0097530958821441,-0.005993231156304,0.03692,900.0
3228.170019702935,0.0086337185305566,-0.0049693817529361,0.03692,900.0
3228.2705856132743,0.0074344155540462,-0.0041014995879747,0.03692,900.0
3228.371213750863,0.006118643891947,-0.0033457830458159,0.03692,900.0
3228.461721258187,0.004883615353589,-0.0027992698128113,0.03692,900.0
3228.5622838306663,0.0034953088246303,-0.0023392717150601,0.03692,900.0
3228.662855224633,0.0020109491574956,-0.0020374355255432,0.03692,900.0
3228.7634249496696,0.0004288726014869,-0.0019018218726019,0.03692,900.0
3228.8640013504264,-0.001032454747058,-0.0019391439023434,0.03692,900.0
3228.964563684487,-0.0025317517458136,-0.0021439322331808,0.03692,900.0
3229.0651255417106,-0.0039763983545943,-0.0024973609956474,0.03692,900.0
3229.1656826305625,-0.0050725770023251,-0.0028706827309807,0.03692,900.0
3229.2662421036002,-0.0062378284767504,-0.0034158459225891,0.03692,900.0
3229.366801099801,-0.0075589539008205,-0.0041771289735312,0.03692,900.0
3229.4673646259544,-0.0087720464756908,-0.0050795766297663,0.03692,900.0
3229.5679522323844,-0.0098693147948483,-0.0060864215390981,0.03692,900.0
3229.668519096398,-0.010835588304741,-0.0072012517285833,0.03692,900.0
3229.769084053063,-0.0117139104964903,-0.008449835668423,0.03692,900.0
3229.869726257348,-0.0124014431144797,-0.0097237791552738,0.03692,900.0
3229.97029502871,-0.0129978294255096,-0.0111714820121897,0.03692,900.0
3230.0708728599784,-0.0133942403007291,-0.0126161112698742,0.03692,900.0
3230.1613913345573,-0.0135201450875531,-0.0131555335239675,0.03692,900.0
3230.261963205361,-0.0135439999999999,-0.0132727992398779,0.03692,900.0
3230.3625088501212,-0.0130854886558169,-0.0127057837539015,0.03692,900.0
3230.463089303994,-0.0101428853632955,-0.0090672116383404,0.03692,900.0
3230.564327793145,-0.0067996098069311,-0.004933262211099,0.03692,900.0
3230.664898948693,-0.0060009999999999,-0.0039457806980294,0.03692,900.0
3230.7654743957755,-0.0059659180600607,-0.0039291849793667,0.03692,900.0
3230.866039114022,-0.0056666307183133,-0.0037949993054199,0.03692,900.0
3230.9677310753104,-0.004319758731589,-0.003237629366776,0.03692,900.0
3231.0682485866782,-0.0029081168721742,-0.0028253196759084,0.03692,900.0
3231.168831186318,-0.0014088261623989,-0.0025806587269396,0.03692,900.0
3231.262767629647,-1.6885881868086705e-05,-0.0025224668301847,0.03692,900.0
3231.3632443714378,0.0015075086026476,-0.0026148035964102,0.03692,900.0
3231.4638152885673,0.0030138184260522,-0.0028748303408611,0.03692,900.0
3231.5643709469077,0.0044449215532467,-0.0033031237265073,0.03692,900.0
3231.6649378109214,0.0058249520526363,-0.0038954056719437,0.03692,900.0
3231.765482740426,0.0071562683605615,-0.0046439879769503,0.03692,900.0
3231.865979747796,0.0083578703563326,-0.005535604864173,0.03692,900.0
3231.966552095437,0.0094524068991652,-0.0065228369606538,0.03692,900.0
3232.067133979821,0.0104572766092565,-0.0077059712481872,0.03692,900.0
3232.167721586251,0.0112716607352613,-0.0089075073725017,0.03692,900.0
3232.2682476806876,0.0119988341818117,-0.010301007413707,0.03692,900.0
3232.3688145447013,0.0125065725735971,-0.0116596859987281,0.03692,900.0
3232.469388322854,0.0128721088807095,-0.0131694484001455,0.03692,900.0
3232.5699461269614,0.0130697123884509,-0.0146642249053716,0.03692,900.0
3232.670521097207,0.0130958447033289,-0.0161212507795474,0.03692,900.0
3232.7710994053123,0.0129569084228623,-0.0175992759973139,0.03692,900.0
3232.861621933007,0.0126845169973206,-0.0189332981739436,0.03692,900.0
3232.9621887970206,0.012216885374251,-0.0203758298283086,0.03692,900.0
3233.0627561378715,0.011598550576421,-0.0217545238045959,0.03692,900.0
3233.1642864513633,0.0108083248236536,-0.0230644778602403,0.03692,900.0
3233.265599803948,0.0098437268227942,-0.0242984476561543,0.03692,900.0
3233.366167144799,0.0088006351873107,-0.0253614981096343,0.03692,900.0
3233.466716127419,0.0076725314040541,-0.0262692480930824,0.03692,900.0
3233.567490892434,0.0063780235186198,-0.0270879392651449,0.03692,900.0
3233.668068246865,0.0049962716873781,-0.0277477746338055,0.03692,900.0
3233.768656330132,0.0035770914902015,-0.028234682413224,0.03692,900.0
3233.8692284393546,0.0020828205158771,-0.028569375000405,0.03692,900.0
3233.969970064187,0.0005859949701085,-0.0287267914809191,0.03692,900.0
3234.0705283451316,-0.0009019588268447,-0.0286998491139708,0.03692,900.0
3234.1710549164054,-0.0023997033920872,-0.0285129788776292,0.03692,900.0
3234.261576252007,-0.0036934709027441,-0.0282113403313668,0.03692,900.0
3234.3621779251334,-0.0051322888444665,-0.027704277852539,0.03692,900.0
3234.4627044964072,-0.0064642058956327,-0.0270529283462806,0.03692,900.0
3234.563272552514,-0.0077740634718143,-0.0261999565455004,0.03692,900.0
3234.665775136971,-0.008891012509348,-0.0252730453322619,0.03692,900.0
3234.766336278939,-0.0099326015400575,-0.0241853811555953,0.03692,900.0
3234.86690862658,-0.0108583491870161,-0.0229770738388369,0.03692,900.0
3234.9674292373893,-0.0116299832551982,-0.0216649521749111,0.03692,900.0
3235.067985849404,-0.0122501726680941,-0.0202940488438218,0.03692,900.0
3235.168554143929,-0.0126997501551474,-0.0188416025181725,0.03692,900.0
3235.269115285897,-0.0129907016470186,-0.0173508449698394,0.03692,900.0
3235.3696766662833,-0.0131018152127724,-0.0158828248964851,0.03692,900.0
3235.4702103901145,-0.0130499030483198,-0.0144113617687277,0.03692,900.0
3235.570775585198,-0.0128359230953824,-0.0129225992711493,0.03692,900.0
3235.6713822651145,-0.0124386557215898,-0.0114371244450739,0.03692,900.0
3235.7618509102103,-0.0119173940956796,-0.0101511756139756,0.03692,900.0
3235.8624170589683,-0.0112337016408743,-0.0088597438573712,0.03692,900.0
3235.963582115197,-0.0103780079682712,-0.0076180692048232,0.03692,900.0
3236.064155416512,-0.0093548309406231,-0.0064549065974435,0.03692,900.0
3236.167267398858,-0.0082227442495423,-0.0054279607792565,0.03692,900.0
3236.2678938675162,-0.0070092403055062,-0.0045686677898949,0.03692,900.0
3236.368452148461,-0.0060985496529275,-0.0039995629969703,0.03692,900.0
3236.4690287876365,-0.0060009999999999,-0.0039457806980294,0.03692,900.0
3236.56835062983,-0.0060009999999999,-0.0039456602267575,0.03692,0.0
3236.6689177322623,-0.0060009999999999,-0.0039450412419674,0.03692,0.0
3236.7694853115318,-0.0060009999999999,-0.0039439126272098,0.03692,0.0
3236.870056943917,-0.0060009999999999,-0.0039427569469327,0.03692,0.0
3236.9706481266257,-0.0060009999999999,-0.0039415541002234,0.03692,0.0
3237.0712154674766,-0.0060009999999999,-0.0039404212914148,0.03692,0.0
3237.161721067452,-0.0060009999999999,-0.0039393065435947,0.03692,0.0
3237.262287931466,-0.0060009999999999,-0.0039381332878838,0.03692,0.0
3237.3628507423637,-0.0060009999999999,-0.0039370077094355,0.03692,0.0
3237.4648817348716,-0.0060009999999999,-0.003935811268228,0.03692,0.0
3237.5654440689323,-0.0060009999999999,-0.0039347518432926,0.03692,0.0
3237.66596324923,-0.0060009999999999,-0.0039336773161128,0.03692,0.0
3237.766532259011,-0.006001,-0.0039322993683129,0.03692,0.0
3237.867103414559,-0.006001,-0.0039313501406767,0.03692,0.0
3237.9676612186668,-0.0060009999999999,-0.003930085426154,0.03692,0.0
3238.0699699688194,-0.006001,-0.0039287463867633,0.03692,0.0
3238.1705241966483,-0.0060009999999999,-0.0039275713322079,0.03692,0.0
3238.271084146523,-0.0060009999999999,-0.0039262055177559,0.03692,0.0
3238.3615899849174,-0.006001,-0.0039253867720214,0.03692,0.0
3238.4621537494895,-0.0060009999999999,-0.0039243779496718,0.03692,0.0
3238.562717990899,-0.0060009999999999,-0.0039229763865774,0.03692,0.0
3238.66329534533,-0.0060009999999999,-0.0039217446468307,0.03692,0.0
3238.763807611489,-0.0060009999999999,-0.0039206898562532,0.03692,0.0
3238.8647580909965,-0.0060009999999999,-0.0039195143151384,0.03692,0.0
3238.965315418267,-0.0060009999999999,-0.0039184577818735,0.03692,0.0
3239.0658336448905,-0.0060009999999999,-0.003917108439191,0.03692,0.0
3239.166390495324,-0.0060009999999999,-0.0039160781716121,0.03692,0.0
3239.2669442463157,-0.0060009999999999,-0.0039149034857603,0.03692,0.0
3239.3675020504234,-0.0060009999999999,-0.0039134733873173,0.03692,0.0
3239.46802814486,-0.0060009999999999,-0.0039122899883476,0.03692,0.0
3239.5613876152274,-0.0060009999999999,-0.0039112378656245,0.03692,0.0
3239.661957340264,-0.0060009999999999,-0.0039105883434679,0.03692,0.0
