1212.3859324971072,-0.0094829999999999,-0.00878299991415,0.01065,0.0
1212.4851718464724,-0.0094829999999999,-0.0087829877346125,0.01065,0.0
1212.5857434788577,-0.0094829999999999,-0.0087839739179536,0.01065,0.0
1212.6863146344058,-0.0094829999999999,-0.0087863430866689,0.01065,0.0
1212.7868733921878,-0.0094829999999999,-0.0087883176207425,0.01065,0.0
1212.8874335804812,-0.0094829999999999,-0.0087904128248856,0.01065,0.0
1212.9880900898806,-0.0094829999999999,-0.0087925935647846,0.01065,0.0
1213.0886750737063,-0.009483,-0.0087942914574712,0.01065,0.0
1213.1892874756686,-0.009483,-0.0087958997493173,0.01065,0.0
1213.2798054734103,-0.0094829999999999,-0.0087979531161364,0.01065,0.0
1213.3803849736087,-0.0094829999999999,-0.0088009934421986,0.01065,0.0
1213.4809768715731,-0.0094829999999999,-0.0088026006653699,0.01065,0.0
1213.5815496960513,-0.0094829999999999,-0.008805145636026,0.01065,0.0
1213.6821253815524,-0.0094829999999999,-0.0088070408096467,0.01065,0.0
1213.7827582875125,-0.0094829999999999,-0.0088087387969643,0.01065,0.0
1213.8832889119021,-0.0094829999999999,-0.0088106512269963,0.01065,0.0
1213.9842262783877,-0.0094829999999999,-0.0088127722020908,0.01065,0.0
1214.0847523728244,-0.0094829999999999,-0.0088146482932528,0.01065,0.0
1214.185311369025,-0.0094829999999999,-0.0088167477272809,0.01065,0.0
1214.2858748951785,-0.0094829999999999,-0.0088182505258429,0.01065,0.0
1214.3864393750064,-0.0094827082023449,-0.0088248357669186,0.01065,0.0
1214.4822235623233,-0.0094633625500778,-0.0092214421200195,0.01065,0.0
1214.5827918568484,-0.0093707804955047,-0.0111144253536257,0.01065,0.0
1214.6835186997287,-0.0092646760896321,-0.0132848823883439,0.01065,0.0
1214.7840865174167,-0.0091562739849763,-0.0155011193189836,0.01065,0.0
1214.8846481362216,-0.0090495503211352,-0.0176829752406022,0.01065,0.0
1214.9852092781894,-0.0089444821794888,-0.0198320973160896,0.01065,0.0
1215.085777334296,-0.0088372157016688,-0.0220253933106983,0.01065,0.0
1215.1863339463107,-0.0087292578982252,-0.0242324997979598,0.01065,0.0
1215.2868950882785,-0.0086197462137928,-0.0264724660169468,0.01065,0.0
1215.387467674338,-0.0085101061442003,-0.0287149917975861,0.01065,0.0
1215.4880333462588,-0.0084301553028296,-0.0303493010007249,0.01065,0.0
1215.5886021176211,-0.008408,-0.0308018208027022,0.01065,0.0
1215.6791117707126,-0.0083738040157765,-0.0308191803457874,0.01065,900.0
1215.7883098641269,-0.0073477555520551,-0.0313365407698084,0.01065,900.0
1215.888876966559,-0.0059902464339705,-0.03190358497596,0.01065,900.0
1215.9793739834658,-0.0046661349090324,-0.0323177548510329,0.01065,900.0
1216.0799298802249,-0.0031668556079637,-0.032661021208762,0.01065,900.0
1216.1804867306582,-0.0016872307645204,-0.0328748609862135,0.01065,900.0
1216.2810435810916,-0.0002202511537931,-0.0329493689388073,0.01065,900.0
1216.3815835038058,0.0012635294952777,-0.0329051980625639,0.01065,900.0
1216.4821587124698,0.0027836320596685,-0.0327251813269146,0.01065,900.0
1216.5827522793643,0.0042820316188496,-0.03241549579514,0.01065,900.0
1216.683302692496,0.0057162360408344,-0.0319886847630242,0.01065,900.0
1216.7838776627414,0.0071460291384912,-0.0314188873387297,0.01065,900.0
1216.8844180622928,0.0084527015259776,-0.0307613912681293,0.01065,900.0
1216.9850838700168,0.009776360665059,-0.0299534147554629,0.01065,900.0
1217.0856519261233,0.011019166961856,-0.0290175441949664,0.01065,900.0
1217.1862226048343,0.0120988856416678,-0.0280330183994665,0.01065,900.0
1217.279848150336,0.0130710094586963,-0.0269999108846062,0.01065,900.0
1217.380419305884,0.0139807794284238,-0.0258622736822436,0.01065,900.0
1217.480994514548,0.0148167609929545,-0.0245947423785711,0.01065,900.0
1217.5815535107486,0.0154312669085607,-0.0235300919455891,0.01065,900.0
1217.6821234742038,0.0158859887157612,-0.0225408665808919,0.01065,900.0
1217.7826641121737,0.0164209952698997,-0.0211508780978003,0.01065,900.0
1217.8832269230716,0.0168205205584077,-0.0198120855659166,0.01065,900.0
1217.9837711373202,0.0170377265346352,-0.0188058833463034,0.01065,900.0
1218.0842860260836,0.0172410866542368,-0.0174368382121072,0.01065,900.0
1218.1848602810733,0.0173135687899953,-0.0164497172855383,0.01065,900.0
1218.285446933829,0.0173169549969969,-0.0149922412419887,0.01065,900.0
1218.3873084107272,0.0172422222095896,-0.013887331374803,0.01065,900.0
1218.4878953019015,0.0170577473153499,-0.0125884200803481,0.01065,900.0
1218.5884738484256,0.0168374927653165,-0.0115224947431495,0.01065,900.0
1218.6789794484012,0.0165166535811091,-0.010415261537352,0.01065,900.0
1218.77953033837,0.0160128862248873,-0.0090187273176092,0.01065,900.0
1218.8800848046176,0.0154933853045142,-0.0078475167648253,0.01065,900.0
1218.980652383887,0.0149783595830999,-0.0069193205386129,0.01065,900.0
1219.088427118384,0.0140939975606627,-0.0055483961361698,0.01065,900.0
1219.1789289036624,0.013280083875042,-0.0044854172596942,0.01065,900.0
1219.2795095959536,0.0122899735500001,-0.0033989699951054,0.01065,900.0
1219.3812931099765,0.0111749926361173,-0.0023736652238319,0.01065,900.0
1219.4818230191104,0.0099567885471107,-0.0014443718207115,0.01065,900.0
1219.58239560517,0.0086519882665506,-0.0006202213336461,0.01065,900.0
1219.682954839789,0.007349252998696,6.072054652790301e-05,0.01065,900.0
1219.7835064450137,0.0059766467982748,0.0006350279616105,0.01065,900.0
1219.8840609112613,0.0045053965026091,0.0010939611191993,0.01065,900.0
1219.9846091786258,0.0030062811385948,0.0014318177834118,0.01065,900.0
1220.0851305046908,0.0015198411405898,0.0016283119205828,0.01065,900.0
1220.1857073822848,4.6782516155169374e-05,0.0017012275763963,0.01065,900.0
1220.2863145390384,-0.0014236183494635,0.0016498741028645,0.01065,900.0
1220.3868809262149,-0.0030027280531846,0.00144010746418,0.01065,900.0
1220.4874196568362,-0.0044469986396309,0.0011339734247311,0.01065,900.0
1220.5839322129123,-0.0058099689254163,0.0007076947336585,0.01065,900.0
1220.6844988385074,-0.0071666663748179,0.0001486414037167,0.01065,900.0
1220.7850609341494,-0.0085029599711905,-0.0005320999286551,0.01065,900.0
1220.8855801144473,-0.0098071696228242,-0.0013479849976082,0.01065,900.0
1220.9861102619998,-0.0110110409209682,-0.002253127077284,0.01065,900.0
1221.0866659203402,-0.0121374950885042,-0.0032698632944637,0.01065,900.0
1221.188596777045,-0.0131886949035166,-0.0044010945200418,0.01065,900.0
1221.2807577172152,-0.0140450260748438,-0.005476975610591,0.01065,900.0
1221.3813360253207,-0.0148723641096903,-0.0067271871981402,0.01065,900.0
1221.4818931141726,-0.0155437117296562,-0.007949677760995,0.01065,900.0
1221.582461885535,-0.0160254731223158,-0.0090084210572915,0.01065,900.0
1221.6831493893496,-0.0165392837741893,-0.0104377924703256,0.01065,900.0
1221.783716968619,-0.0168385003976645,-0.0115180446185798,0.01065,900.0
1221.884281925284,-0.0171153324431965,-0.0129484684480363,0.01065,900.0
1221.9848404446475,-0.0172849377448765,-0.0144115880012347,0.01065,900.0
1222.0875998059146,-0.0173150692909727,-0.0159447365759314,0.01065,900.0
1222.1881099263064,-0.0172214970747905,-0.0174699106929502,0.01065,900.0
1222.2789290467135,-0.0170246590714467,-0.0188207133027647,0.01065,900.0
1222.3795121231906,-0.0167424515263554,-0.0201095365235933,0.01065,900.0
1222.4884567776553,-0.0163477366380588,-0.0213528781002955,0.01065,900.0
1222.578976444327,-0.0158807921597734,-0.0225979191914076,0.01065,900.0
1222.6795392552249,-0.0153793931868362,-0.0236314406702857,0.01065,900.0
1222.7801259079806,-0.0146276791900565,-0.0249287577918993,0.01065,900.0
1222.886802724921,-0.0137394918894801,-0.0262041378818686,0.01065,900.0
1222.987396530234,-0.0127926315168303,-0.0273204177098616,0.01065,900.0
1223.0879843750827,-0.0117017727157402,-0.0284109803252868,0.01065,900.0
1223.188596777045,-0.0105323980809984,-0.0293902053170925,0.01065,900.0
1223.2791119137637,-0.0094399920294314,-0.0301509714586946,0.01065,900.0
1223.3796752014987,-0.0086337947825606,-0.0306678925988787,0.01065,900.0
1223.480242780768,-0.008408,-0.0308018208027022,0.01065,900.0
1223.5808325329654,-0.0083246636883305,-0.0303032521100885,0.01065,900.0
1223.6813264408938,-0.0078503676057159,-0.0274658275469911,0.01065,900.0
1223.7807186165683,-0.0069636587295881,-0.022161383791012,0.01065,900.0
1223.8812940636508,-0.0069589999999999,-0.0221338001059289,0.01065,900.0
1223.9818690338961,-0.0072907580425731,-0.0217596080322774,0.01065,900.0
1224.0824239769809,-0.0081216572011332,-0.0205506474025789,0.01065,900.0
1224.1830065766208,-0.008789957266589,-0.0192409433017865,0.01065,900.0
1224.2835653344027,-0.0092531184654715,-0.0177588506772813,0.01065,900.0
1224.3841400662295,-0.0094730811423893,-0.0162531391337679,0.01065,900.0
1224.4847140828006,-0.0094604929845979,-0.0147837498986509,0.01065,900.0
1224.5852904835574,-0.0092176953621084,-0.013336390954756,0.01065,900.0
1224.6860299626223,-0.0087344308402409,-0.0119105421824137,0.01065,900.0
1224.7866144696109,-0.0080256688392126,-0.0105361659715918,0.01065,900.0
1224.8789222756259,-0.0072237423642653,-0.0094327816569939,0.01065,900.0
1224.9795060673587,-0.0061879674368943,-0.0083880491893376,0.01065,900.0
1225.0800262013308,-0.0049673474295391,-0.0075010022552682,0.01065,900.0
1225.1805940190188,-0.0035747531778764,-0.0068114188108691,0.01065,900.0
1225.2811604061953,-0.002121207774106,-0.0063744697885161,0.01065,900.0
1225.3817253628604,-0.0006480819830922,-0.0061468027835093,0.01065,900.0
1225.4823680439822,0.0008488540240235,-0.0061737206258061,0.01065,900.0
1225.5828874626986,0.002312194874729,-0.0064173628078459,0.01065,900.0
1225.6834283390872,0.0037309987186249,-0.0068983649288509,0.01065,900.0
1225.7840006867282,0.0050601652193498,-0.0075901825590013,0.01065,900.0
1225.8845713654391,0.0062357861435522,-0.0084590582519105,0.01065,900.0
1225.981964878165,0.0072847356030465,-0.0095153223974823,0.01065,900.0
1226.0825226822726,0.0081412258746287,-0.0107004090258227,0.01065,900.0
1226.1830800095431,0.008853643687879,-0.0121178993722835,0.01065,900.0
1226.2836394825808,0.0092914019069097,-0.0135470141885417,0.01065,900.0
1226.3842444935672,0.0094903802255903,-0.0150578438460913,0.01065,900.0
1226.4848173180453,0.0094670778110848,-0.0165021873608239,0.01065,900.0
1226.5853901425235,0.009201934971728,-0.0179803683141358,0.01065,900.0
1226.6859620133273,0.0086988784920896,-0.0194315225335152,0.01065,900.0
1226.7867308178775,0.007980888391992,-0.0207705082289558,0.01065,900.0
1226.8872938671939,0.0070898170317017,-0.0219509386179037,0.01065,900.0
1226.9878709832064,0.0060153017693223,-0.0229774530665086,0.01065,900.0
1227.0784061470858,0.004906517633453,-0.0237801456853171,0.01065,900.0
1227.18409567269,0.0034969318402885,-0.0244657931303315,0.01065,900.0
1227.2846837559573,0.0020186338403498,-0.0249446571720198,0.01065,900.0
1227.3852410832278,0.0005848394935582,-0.0251321430284133,0.01065,900.0
1227.4858389416568,-0.000881953080602,-0.0251082068216224,0.01065,900.0
1227.5864177265994,-0.0023905254474814,-0.0248299763278987,0.01065,900.0
1227.6869831601016,-0.003833154706269,-0.0243230796728765,0.01065,900.0
1227.7875423947207,-0.0051369818618642,-0.0236199359189921,0.01065,900.0
1227.8881199875705,-0.0063457601976526,-0.022692473440726,0.01065,900.0
1227.9786274948947,-0.0068802157578205,-0.0222203215250282,0.01065,900.0
1228.0791943589084,-0.0069589999999999,-0.022133800105929,0.01065,900.0
1228.1797547856204,-0.0062788709966685,-0.0224586600799738,0.01065,900.0
1228.2803056755893,-0.0029634785628485,-0.0240422021720191,0.01065,900.0
1228.3801878014438,0.003852188823502,-0.0272974817597543,0.01065,900.0
1228.4807682553164,0.0077554449500915,-0.0291616596929536,0.01065,900.0
1228.581307939612,0.007806,-0.0291858045621076,0.01065,900.0
1228.6818726578585,0.008243948306773,-0.0289175957721366,0.01065,900.0
1228.7824264088504,0.009264580491987,-0.0282104983253811,0.01065,900.0
1228.8829591790072,0.0104086982348383,-0.027284232252778,0.01065,900.0
1228.9835222283236,0.0114821285587246,-0.0262137293611578,0.01065,900.0
1229.0840495148532,0.0124705286857725,-0.025039564021657,0.01065,900.0
1229.184615186774,0.0133139194732741,-0.0238003384210378,0.01065,900.0
1229.2852087536685,0.0140247308639736,-0.0225135207846172,0.01065,900.0
1229.3857820549838,0.0146232779294543,-0.0211332004740088,0.01065,900.0
1229.4807060280673,0.0150821212706195,-0.019736545516832,0.01065,900.0
1229.5812709847323,0.0154063728271398,-0.0183038609676387,0.01065,900.0
1229.681851438605,0.015591567950878,-0.0168327684918481,0.01065,900.0
1229.7824349919192,0.0156213100026217,-0.0152917827915247,0.01065,900.0
1229.8829963723056,0.0155213173541763,-0.0138282172001919,0.01065,900.0
1229.9835761109225,0.0152676455104832,-0.0123289491580282,0.01065,900.0
1230.0841398754947,0.0149485205629622,-0.0110743413096249,0.01065,900.0
1230.1847055474154,0.0145195418474652,-0.009867088499427,0.01065,900.0
1230.2852776566378,0.0139125326311247,-0.0085322799384355,0.01065,900.0
1230.3858089962832,0.0131588559887465,-0.0072146933335355,0.01065,900.0
1230.486372999274,0.0122855038164003,-0.0059796474573568,0.01065,900.0
1230.5869591751925,0.011293376842061,-0.0048232255693622,0.01065,900.0
1230.6774907627932,0.0103455732637082,-0.0039050718603672,0.01065,900.0
1230.7837460556857,0.0090391807133825,-0.0028622017142831,0.01065,900.0
1230.884325079047,0.0078127370519428,-0.0020884871166689,0.01065,900.0
1230.984904102408,0.0064220774511482,-0.001379599284314,0.01065,900.0
1231.0854812184207,0.0050743647490259,-0.0008467953131388,0.01065,900.0
1231.1860104122989,0.0035907511445566,-0.0004259397290241,0.01065,900.0
1231.2865899124972,0.0020721756506262,-0.0001458872455521,0.01065,900.0
1231.387144855582,0.0005937720886748,-1.7161751461085978e-05,0.01065,900.0
1231.477647356116,-0.0007441639442367,-2.5157586654712263e-05,0.01065,900.0
1231.5782037297122,-0.002255669399232,-0.0001650276178862,0.01065,900.0
1231.6843958416812,-0.0037964308951183,-0.0004676355736603,0.01065,900.0
1231.784966043555,-0.0051894603428232,-0.0008853834106281,0.01065,900.0
1231.8855391064517,-0.0066207358418176,-0.0014581977201625,0.01065,900.0
1231.9865172425143,-0.0079845387315981,-0.0021837382594741,0.01065,900.0
1232.0870745697848,-0.0092117988802744,-0.0029932450666474,0.01065,900.0
1232.1775446453921,-0.0102537042529323,-0.0038416568654254,0.01065,900.0
1232.2781003037326,-0.0113753938575998,-0.0049233155914925,0.01065,900.0
1232.3788018742434,-0.012370713714727,-0.0061009493473671,0.01065,900.0
1232.479362539374,-0.0132246369739646,-0.007312221390197,0.01065,900.0
1232.5799203434817,-0.0139439156833933,-0.0085853343317245,0.01065,900.0
1232.6804678955905,-0.0144921090355637,-0.0097623948689806,0.01065,900.0
1232.7810068646304,-0.014867130140907,-0.0108055540181203,0.01065,900.0
1232.8810687580935,-0.0152275858704989,-0.0120830452341029,0.01065,900.0
1232.981654934012,-0.0154337374492351,-0.0131529422697497,0.01065,900.0
1233.0822234669558,-0.0156087296382868,-0.0146958235902283,0.01065,900.0
1233.1827891388766,-0.0156284838751936,-0.0161712529657067,0.01065,900.0
1233.2847216645114,-0.0154835515428336,-0.0177441607615093,0.01065,900.0
1233.3852980652682,-0.0152219342073595,-0.0191758845696661,0.01065,900.0
1233.4858804264895,-0.0148377359393717,-0.0205320293615582,0.01065,900.0
1233.5864441910617,-0.0144409743373491,-0.0216101635762281,0.01065,900.0
1233.6870291748874,-0.0138881531859326,-0.0227777638445354,0.01065,900.0
1233.7775369206302,-0.0132214284074533,-0.0239455231767691,0.01065,900.0
1233.8780975857608,-0.0123611360317356,-0.0251873905486034,0.01065,900.0
1233.9786611119143,-0.011381677470814,-0.0263374894168629,0.01065,900.0
1234.0792494336001,-0.0103422182579467,-0.02735324785304,0.01065,900.0
1234.1798055687777,-0.0091684231531893,-0.0283004168108509,0.01065,900.0
1234.2803676644198,-0.0078305435140029,-0.0291600126119684,0.01065,900.0
1234.3862574616305,-0.0064592684546428,-0.0298741726070992,0.01065,900.0
1234.4868214646212,-0.0050473734173452,-0.0304207105886314,0.01065,900.0
1234.5773370781772,-0.0037695468424014,-0.0307954860384487,0.01065,900.0
1234.6778841534488,-0.0023154653250861,-0.0310786610592686,0.01065,900.0
1234.778454116904,-0.0008104045756334,-0.0312275678281306,0.01065,900.0
1234.8789740124575,0.0007355153168291,-0.0312288784520481,0.01065,900.0
1234.9795051136844,0.0022676577843735,-0.0310901603512491,0.01065,900.0
1235.080121330344,0.0037164696927041,-0.0308023156566308,0.01065,900.0
1235.1806898632876,0.005134217373893,-0.0303919500193934,0.01065,900.0
1235.2821610489718,0.0065536493738392,-0.0298227556530921,0.01065,900.0
1235.3827200451724,0.0077261749279797,-0.0292293494306971,0.01065,900.0
1235.4832652130954,0.0078035559087402,-0.0291871378228242,0.01065,900.0
1235.583815626227,0.007806,-0.0291858045621076,0.01065,900.0
1235.6843774834506,0.0043602149909869,-0.027914566676252,0.01065,900.0
1235.7849500695102,-0.0021029876587848,-0.0255300467175872,0.01065,900.0
1235.8870811978213,-0.0068378420976317,-0.023783117116421,0.01065,900.0
1235.9775937119357,-0.0082209999999999,-0.0232727878362922,0.01065,900.0
1236.078174404227,-0.0084574097889974,-0.0229918371728159,0.01065,900.0
1236.1787486592166,-0.0092083244950386,-0.022004466153964,0.01065,900.0
1236.2809320011966,-0.010022308365179,-0.020657411100522,0.01065,900.0
1236.3814929047458,-0.0105964925550396,-0.0193196527724626,0.01065,900.0
1236.4820528546206,-0.0110151405599367,-0.0177829661794123,0.01065,900.0
1236.5878968754641,-0.0112088880962699,-0.0162152567932903,0.01065,900.0
1236.6784213105075,-0.0111927647143981,-0.014942276416223,0.01065,900.0
1236.7789800682895,-0.0109886803915376,-0.0134364306148433,0.01065,900.0
1236.8795640984408,-0.0105738639759982,-0.0119439879430846,0.01065,900.0
1236.980147651755,-0.0099842892407821,-0.010553976018401,0.01065,900.0
1237.0807223835818,-0.0092494928103606,-0.0093031469058759,0.01065,900.0
1237.1812620678775,-0.0083177088312156,-0.0081316076784964,0.01065,900.0
1237.2817850628726,-0.0072215018132921,-0.0070635507167007,0.01065,900.0
1237.3823676625125,-0.0060504962718649,-0.0061987753789479,0.01065,900.0
1237.4789612809054,-0.0047553299840077,-0.0054550706451174,0.01065,900.0
1237.5794847527377,-0.0034092962825655,-0.0048992795779232,0.01065,900.0
1237.680058054053,-0.001895452624072,-0.0045654824927757,0.01065,900.0
1237.780613950812,-0.0003700418542127,-0.0044195090994271,0.01065,900.0
1237.8811638871066,0.0011544934881384,-0.0044760735861023,0.01065,900.0
1237.9817181149356,0.0026225445813404,-0.0047359123404103,0.01065,900.0
1238.090360454642,0.0041149876222957,-0.0052067303342745,0.01065,900.0
1238.1808755913607,0.005374352820565,-0.0058060677085386,0.01065,900.0
1238.2814021626345,0.0066461885408645,-0.0066057491662373,0.01065,900.0
1238.3819208660952,0.007772251038661,-0.0075686668389596,0.01065,900.0
1238.4824250260226,0.0088166189535087,-0.0086984349942115,0.01065,900.0
1238.5830009499423,0.0096347042564172,-0.0098991668739047,0.01065,900.0
1238.6835582772128,0.0103319286376041,-0.0112686171843343,0.01065,900.0
1238.784110120856,0.0108256573458714,-0.0126794015942978,0.01065,900.0
1238.8846788922183,0.0111375679340508,-0.0141850750710938,0.01065,900.0
1238.9852033177249,0.0112235670199777,-0.0156356899021537,0.01065,900.0
1239.0857677975528,0.0110928236189721,-0.0171841083806487,0.01065,900.0
1239.1863322773806,0.0107975141115398,-0.0186219525391561,0.01065,900.0
1239.2768528977267,0.0103483119932371,-0.0199185137732265,0.01065,900.0
1239.3774762669436,0.0096794194922762,-0.0212743746060361,0.01065,900.0
1239.478058628165,0.0088442183048846,-0.0224978837915536,0.01065,900.0
1239.6087382355563,0.0075274326752586,-0.0239322179335626,0.01065,900.0
1239.6800878563754,0.006709989831926,-0.0246096314558686,0.01065,900.0
1239.7806525746219,0.0054079583809611,-0.0254473999900545,0.01065,900.0
1239.881169847571,0.0040350665861854,-0.0260941908790253,0.01065,900.0
1239.981728605353,0.002686200405118,-0.0265338117770896,0.01065,900.0
1240.0823104897372,0.0011239460975515,-0.0267985755117374,0.01065,900.0
1240.1828859368197,-0.0003179376177159,-0.0268398432139594,0.01065,900.0
1240.2834539929263,-0.0018100913512298,-0.0266895697736821,0.01065,900.0
1240.3840113201968,-0.0032893312701738,-0.0263391614411296,0.01065,900.0
1240.484582952582,-0.0046894395921502,-0.0258045510711242,0.01065,900.0
1240.5851586380832,-0.0060132441843974,-0.025074095181828,0.01065,900.0
1240.6856842556826,-0.007228896098569,-0.0241854668025203,0.01065,900.0
1240.7862768689029,-0.0080323595379165,-0.0234803964878725,0.01065,900.0
1240.8767812767856,-0.0082209999999999,-0.0232727878362921,0.01065,900.0
1240.9773572007052,-0.008095631440255,-0.0231232764926179,0.01065,900.0
1241.077924064719,-0.0069850508961023,-0.0217988309043535,0.01065,900.0
1241.1785061875216,-0.0017818177361537,-0.0155940730902844,0.01065,900.0
1241.2790384808413,0.0031448394099356,-0.0097190852686004,0.01065,900.0
1241.3833437481753,0.0071519832409137,-0.0049405685089768,0.01065,900.0
1241.4839239636294,0.0078517874170198,-0.0041060901696003,0.01065,900.0
1241.5845263520114,0.0078519999999999,-0.0041058507150658,0.01065,900.0
1241.6850860634677,0.007537918681938,-0.0039037091917129,0.01065,900.0
1241.7856414833896,0.0065625685235519,-0.003357868698515,0.01065,900.0
1241.8862047711245,0.0051941301884511,-0.0027140006668024,0.01065,900.0
1241.9767253914706,0.0039498402129008,-0.0022766776695137,0.01065,900.0
1242.0772779503695,0.0024627350420275,-0.0019205471243816,0.01065,900.0
1242.177840999686,0.000997553706252,-0.0017306413978112,0.01065,900.0
1242.2784162083499,-0.000577234836195,-0.001698133064814,0.01065,900.0
1242.3789780655734,-0.0020600114531283,-0.0018463936665433,0.01065,900.0
1242.4795470753543,-0.0034917967586086,-0.002140047161303,0.01065,900.0
1242.580125860297,-0.0049103857517771,-0.0026009951649417,0.01065,900.0
1242.6806991616122,-0.0063197852963168,-0.0032247127273211,0.01065,900.0
1242.781264833533,-0.0076596613890931,-0.0040070512847777,0.01065,900.0
1242.8852129498355,-0.0089010793789721,-0.0049321975602053,0.01065,900.0
1242.9857750454776,-0.0099822239842924,-0.0059277164229628,0.01065,900.0
1243.0863304653994,-0.0109711798135606,-0.0070666162810299,0.01065,900.0
1243.1768341580264,-0.0117705334936791,-0.0081899932581239,0.01065,900.0
1243.2773430863253,-0.0124962140615474,-0.0094732160612536,0.01065,900.0
1243.3778982678286,-0.0130864206848636,-0.0108443957720272,0.01065,900.0
1243.4784637013308,-0.0135331248021658,-0.0123064516659578,0.01065,900.0
1243.5790341416232,-0.0137887297798168,-0.0136453423889219,0.01065,900.0
1243.6795909920565,-0.0139137976114061,-0.0148439540678368,0.01065,900.0
1243.7801580944888,-0.0139051548943773,-0.0162544407667133,0.01065,900.0
1243.8807118454806,-0.0138096633813031,-0.0174298187072638,0.01065,900.0
1243.9813161412112,-0.013567177413857,-0.0187380471920075,0.01065,900.0
1244.081889204108,-0.0131560737076207,-0.0201638980418488,0.01065,900.0
1244.1824486771457,-0.0126024073094947,-0.0215375957095104,0.01065,900.0
1244.2829440155856,-0.0118907250459894,-0.0228622658206602,0.01065,900.0
1244.383648685538,-0.0110372541422077,-0.0241170401345911,0.01065,900.0
1244.4850955525271,-0.010041929611739,-0.0252775485133538,0.01065,900.0
1244.5856633702151,-0.0089786411629877,-0.0262831640649598,0.01065,900.0
1244.686271480643,-0.0077703601208705,-0.0272011647068219,0.01065,900.0
1244.7767839947574,-0.0065827567809447,-0.0279014063442282,0.01065,900.0
1244.88628440293,-0.0051134738020404,-0.028592053494628,0.01065,900.0
1244.9767940560214,-0.0037950436734526,-0.0290177718830068,0.01065,900.0
1245.0772755661837,-0.0023368216478492,-0.0293534271216777,0.01065,900.0
1245.177844337546,-0.0008780036086117,-0.0295218999427569,0.01065,900.0
1245.2783928433291,0.0006412730282998,-0.0295259848773356,0.01065,900.0
1245.3789563694827,0.0021639377710056,-0.0293829192424379,0.01065,900.0
1245.4794800797335,0.0036116494363547,-0.0290767470779797,0.01065,900.0
1245.5800409832827,0.0050790271725315,-0.0285958193781125,0.01065,900.0
1245.6806078472964,0.0064328786596936,-0.0279952459817226,0.01065,900.0
1245.7811573067538,0.0077075729855498,-0.027243666292257,0.01065,900.0
1245.881742052161,0.0089514232926422,-0.0263068522282077,0.01065,900.0
1245.9822733918063,0.010067946327221,-0.0252550361638142,0.01065,900.0
1246.0828452626101,0.0110334605808419,-0.0241154898248217,0.01065,900.0
1246.183419994437,0.0118677469220187,-0.0229156939614583,0.01065,900.0
1246.2796061554782,0.0123769616100024,-0.0220282774852707,0.01065,900.0
1246.3801787415377,0.0128790292188315,-0.0208986732745856,0.01065,900.0
1246.4807389298312,0.013373276865956,-0.0194887071627276,0.01065,900.0
1246.5813117543094,0.0137081365632113,-0.0180240994747358,0.01065,900.0
1246.681878618323,0.0138949492797475,-0.0165027949740607,0.01065,900.0
1246.782439045035,0.0139155069280472,-0.0150473604433108,0.01065,900.0
1246.8830099621646,0.0138230981745989,-0.0139176658222995,0.01065,900.0
1246.9835818329684,0.0136190045593306,-0.0126472625071218,0.01065,900.0
1247.0841658631198,0.0133332430872079,-0.0115581008121745,0.01065,900.0
1247.1847398796908,0.0128194508493776,-0.0101897308254766,0.01065,900.0
1247.2853107968203,0.0121301991737463,-0.0088008972706952,0.01065,900.0
1247.385882190787,0.0115574748176959,-0.007850035653061,0.01065,900.0
1247.4864640751712,0.0108122987661646,-0.006861079777225,0.01065,900.0
1247.5769818344943,0.0099391334430022,-0.0058842621796637,0.01065,900.0
1247.6775467911593,0.0088273903113295,-0.0048678775142055,0.01065,900.0
1247.780875734412,0.0079787019790581,-0.0041922463619301,0.01065,900.0
1247.881542018973,0.0078519999999999,-0.0041058507150658,0.01065,900.0
1247.9821067372195,0.0077163295405098,-0.0042665121851585,0.01065,900.0
1248.083087734305,0.005600208317831,-0.006761714132998,0.01065,900.0
1248.1836619892947,0.0003250930196311,-0.0129230120203467,0.01065,900.0
1248.2842464962832,-0.0048374285706343,-0.0189700209897037,0.01065,900.0
1248.3848233738772,-0.0087956283855743,-0.0236065991580813,0.01065,900.0
1248.485390237891,-0.0094804042397788,-0.0244087347465109,0.01065,900.0
1248.5859725991122,-0.0094829999999999,-0.0244117755666553,0.01065,900.0
1248.6770387211673,-0.0097104919439337,-0.0241576404041657,0.01065,900.0
1248.7776098767154,-0.0103325769786254,-0.0233687257795785,0.01065,900.0
1248.8792973080508,-0.0111618989832535,-0.0221201363243946,0.01065,900.0
1248.9798486748568,-0.0118506694973468,-0.0207712615974994,0.01065,900.0
1249.080436281287,-0.0123773200301198,-0.0193210652876552,0.01065,900.0
1249.1810038605563,-0.0127303924520025,-0.0178321857592701,0.01065,900.0
1249.2815609494082,-0.0129004515607454,-0.0163891042124824,0.01065,900.0
1249.3821182766787,-0.0128993711757321,-0.0148781943544621,0.01065,900.0
1249.482680849158,-0.0127157552985256,-0.0133501357511678,0.01065,900.0
1249.581403783881,-0.0123784948163247,-0.0119334587071282,0.01065,900.0
1249.681972078406,-0.0118632304473982,-0.0105214089967043,0.01065,900.0
1249.7825458565585,-0.0111604957719745,-0.0091512489763084,0.01065,900.0
1249.8831041375033,-0.0103148672090191,-0.0078732172597729,0.01065,900.0
1249.983672670447,-0.009359181074003,-0.0067455667428944,0.01065,900.0
1250.0842452565066,-0.0082910910379728,-0.0057446231814259,0.01065,900.0
1250.1847978154055,-0.0070839307704094,-0.0048390674750154,0.01065,900.0
1250.285353473746,-0.0057665476585827,-0.0040797622640187,0.01065,900.0
1250.3859243908755,-0.0044165614310728,-0.0034872956677871,0.01065,900.0
1250.4864972153537,-0.002940926564736,-0.0030403660712177,0.01065,900.0
1250.5769758740298,-0.001652482509628,-0.0028107218063315,0.01065,900.0
1250.6775553742282,-0.0001214478605041,-0.0027157033776466,0.01065,900.0
1250.7781143704287,0.0014313595810118,-0.0028090235677382,0.01065,900.0
1250.8788266697757,0.0028981607538251,-0.0030523504619167,0.01065,900.0
1250.9793746987216,0.0043399173520389,-0.0034833804772511,0.01065,900.0
1251.0810919323794,0.0057449307485043,-0.0040799871957565,0.01065,900.0
1251.1818428555362,0.0070452040123815,-0.0048149771559643,0.01065,900.0
1251.2824349919192,0.0082478453281209,-0.0057027276461176,0.01065,900.0
1251.3829987564914,0.0093508561779927,-0.006726817386032,0.01065,900.0
1251.4835677662722,0.0103506513349071,-0.0079027276812952,0.01065,900.0
1251.5841308155887,0.0111815577984544,-0.0091435406878883,0.01065,900.0
1251.684688858115,0.011835482792472,-0.010425417540395,0.01065,900.0
1251.785249284827,0.012373621290469,-0.0119142921810047,0.01065,900.0
1251.8857629814975,0.0127019922032245,-0.0133060849700183,0.01065,900.0
1251.986332229697,0.0128783571935436,-0.0148725196625098,0.01065,900.0
1252.0768480816714,0.0128920111604295,-0.0162252838721279,0.01065,900.0
1252.1774051705233,0.0127384923657379,-0.01771243788382,0.01065,900.0
1252.2779684582583,0.0124212461372123,-0.019167798788371,0.01065,900.0
1252.378722242438,0.0119425259631565,-0.0205497258522846,0.01065,900.0
1252.4788637677066,0.0112798186707832,-0.0219049123596616,0.01065,900.0
1252.5795681992404,0.010438529195179,-0.023227867919756,0.01065,900.0
1252.6801586666934,0.00947821089854,-0.0244099240550723,0.01065,900.0
1252.780718139731,0.0084182771096254,-0.0254374632579946,0.01065,900.0
1252.8812766590945,0.0072703089471486,-0.0263164890310122,0.01065,900.0
1252.9934406796328,0.005806912654756,-0.0271847502278607,0.01065,900.0
1253.083941988074,0.0044986852339531,-0.0277323296888271,0.01065,900.0
1253.1845140972964,0.0030550953452719,-0.0281758675726746,0.01065,900.0
1253.285053781592,0.0015729565888856,-0.0284361704467295,0.01065,900.0
1253.3856213608615,0.0001019693505319,-0.0285324105330295,0.01065,900.0
1253.48620252999,-0.0013944157174826,-0.0284534008629079,0.01065,900.0
1253.5767133751742,-0.0027517239547363,-0.0282397848835685,0.01065,900.0
1253.6772978821627,-0.0041950839901118,-0.0278386191794497,0.01065,900.0
1253.7778635540835,-0.0056111341807387,-0.0272675682137205,0.01065,900.0
1253.8784294644229,-0.0069133534626547,-0.0265569835213046,0.01065,900.0
1253.9789715329043,-0.0081099924746154,-0.0257032561627988,0.01065,900.0
1254.079536727988,-0.0091945419602347,-0.0247041766129839,0.01065,900.0
1254.1801019230716,-0.0094529919614388,-0.0244447739697598,0.01065,900.0
1254.2806692639224,-0.0094829999999999,-0.0244117755666553,0.01065,900.0
1254.381238988959,-0.0094829999999999,-0.0244109690276786,0.01065,0.0
1254.4810467282168,-0.009483,-0.0244088079713205,0.01065,0.0
1254.5815854588382,-0.0094829999999999,-0.0244072284006933,0.01065,0.0
1254.6821485081546,-0.0094829999999999,-0.024406740978108,0.01065,0.0
1254.782709888541,-0.0094829999999999,-0.0244057174998943,0.01065,0.0
1254.883256725394,-0.0094829999999999,-0.0244036275569923,0.01065,0.0
1254.983815483176,-0.0094829999999999,-0.0244027727757623,0.01065,0.0
1255.0843670884005,-0.0094829999999999,-0.0244019080388009,0.01065,0.0
1255.1849267998568,-0.0094829999999999,-0.0244003023630096,0.01065,0.0
1255.2854772129886,-0.009483,-0.0243997995098958,0.01065,0.0
1255.3860452690951,-0.0094829999999999,-0.0243979205001815,0.01065,0.0
1255.4866087952487,-0.0094829999999999,-0.0243971128357001,0.01065,0.0
1255.577987484061,-0.009483,-0.0243955034884643,0.01065,0.0
1255.6787016907565,-0.009483,-0.0243941217770124,0.01065,0.0
1255.7792575875155,-0.0094829999999999,-0.0243922376490154,0.01065,0.0
1255.879812053763,-0.009483,-0.0243901343409355,0.01065,0.0
1255.9811823883883,-0.0094829999999999,-0.0243894833947243,0.01065,0.0
1256.0817394772403,-0.0094829999999999,-0.0243892418244605,0.01065,0.0
1256.1822951355807,-0.0094829999999999,-0.0243871633376931,0.01065,0.0
1256.2833226242892,-0.0094829999999999,-0.024386347494901,0.01065,0.0
1256.383882574164,-0.0094829999999999,-0.0243849002942573,0.01065,0.0
1256.4844348946444,-0.0094829999999999,-0.0243841174250915,0.01065,0.0
1256.5849826851718,-0.0094829999999999,-0.0243817141334827,0.01065,0.0
1256.6855717221133,-0.0094829999999999,-0.0243801718999672,0.01065,0.0
1256.7861903229586,-0.0094829999999999,-0.0243796803873891,0.01065,0.0
1256.8767047444217,-0.009483,-0.0243780832705744,0.01065,0.0
1256.9772077122561,-0.0094829999999999,-0.0243763440924201,0.01065,0.0
1257.0777726689212,-0.0094829999999999,-0.0243760930556485,0.01065,0.0
