3324.7491880626367,-0.004624,0.0120211935630979,0.03834,0.0
3324.849703666656,-0.0046239999999999,0.0120191462980618,0.03834,0.0
3324.950228330581,-0.004624,0.0120178792967665,0.03834,0.0
3325.0508004398034,-0.004624,0.0120161477903399,0.03834,0.0
3325.151332733123,-0.004624,0.0120144131712963,0.03834,0.0
3325.251901266067,-0.0046239999999999,0.0120128756961923,0.03834,0.0
3325.3524838657067,-0.004624,0.012011036315679,0.03834,0.0
3325.4530149669336,-0.0046239999999999,0.0120096219990998,0.03834,0.0
3325.55354106137,-0.0046239999999999,0.0120075352567031,0.03834,0.0
3325.654245492904,-0.004624,0.0120054680549611,0.03834,0.0
3325.757298824279,-0.004624,0.0120030672966942,0.03834,0.0
3325.857870695083,-0.004624,0.0120021325655867,0.03834,0.0
3325.9483886928247,-0.004624,0.0120004084091786,0.03834,0.0
3326.048949596374,-0.004624,0.0119988186581542,0.03834,0.0
3326.149517414062,-0.004624,0.0119971508854379,0.03834,0.0
3326.2500661582635,-0.004624,0.0119956543456902,0.03834,0.0
3326.350866434066,-0.004624,0.0119936831342529,0.03834,0.0
3326.4514294833825,-0.004624,0.0119917902606189,0.03834,0.0
3326.551992055862,-0.0046239999999999,0.0119903347446516,0.03834,0.0
3326.652550575225,-0.004624,0.0119883277644398,0.03834,0.0
3326.7531186313317,-0.004624,0.0119869908185161,0.03834,0.0
3326.853695985763,-0.0046239999999999,0.0119866155462034,0.03834,0.0
3326.9542607040094,-0.0046776006384047,0.011867516938413,0.03834,0.0
3327.054778930633,-0.0055456905852167,0.0099377887589873,0.03834,0.0
3327.1476641864465,-0.0064833826141287,0.0078531371399452,0.03834,0.0
3327.2482403487847,-0.0074887290619883,0.0056181522158892,0.03834,0.0
3327.34880697438,-0.0085125313120192,0.0033421185958131,0.03834,0.0
3327.4493488044427,-0.0095355047847698,0.0010679112732045,0.03834,0.0
3327.549954292266,-0.010543481592441,-0.0011728126294616,0.03834,0.0
3327.6505132884668,-0.0115847781522485,-0.0034876275404521,0.03834,0.0
3327.7511876792596,-0.0126242006726637,-0.0057984657441596,0.03834,0.0
3327.851764795272,-0.0136247700079887,-0.0080227629919901,0.03834,0.0
3327.9523302287744,-0.0146684789214041,-0.0103431676866843,0.03834,0.0
3328.052892085998,-0.0150238757646532,-0.0111332386000031,0.03834,0.0
3328.153459903686,-0.0150519999999999,-0.0111957606531077,0.03834,0.0
3328.2540539474176,-0.015218237037449,-0.0118245599164295,0.03834,900.0
3328.3546258182214,-0.0154721270548441,-0.0131525227442958,0.03834,900.0
3328.4557527274774,-0.0156454689746774,-0.0146631538498486,0.03834,900.0
3328.5464535922692,-0.0156699756532794,-0.01600917410815,0.03834,900.0
3328.647011396377,-0.0155629610184831,-0.0175244897084467,0.03834,900.0
3328.7556484908746,-0.0152851489949126,-0.0191155503454357,0.03834,900.0
3328.8472617835687,-0.0149617749474533,-0.0203453330559139,0.03834,900.0
3328.9479621619867,-0.0146116845997872,-0.021341475505619,0.03834,900.0
3329.0485368938134,-0.014055392376647,-0.0225985299439109,0.03834,900.0
3329.1491245002435,-0.013314298119954,-0.0239187505965286,0.03834,900.0
3329.249688503234,-0.0124665565614396,-0.0251336565646943,0.03834,900.0
3329.350260374038,-0.0114627518411938,-0.0263208710212107,0.03834,900.0
3329.4508312911676,-0.0103963187046624,-0.0273617121603838,0.03834,900.0
3329.5513974399255,-0.0092535830286678,-0.0282830131411798,0.03834,900.0
3329.6519509524987,-0.0079667852937709,-0.0291218428789127,0.03834,900.0
3329.7525099486993,-0.0066034154433055,-0.029844520802732,0.03834,900.0
3329.853066083877,-0.0054046508405171,-0.0303514685962665,0.03834,900.0
3329.953615781753,-0.0043761588478224,-0.0306849990027041,0.03834,900.0
3330.0541681022332,-0.0029177360683073,-0.0310381000917518,0.03834,900.0
3330.154679891555,-0.0013871058559275,-0.03125077403167,0.03834,900.0
3330.2517739505456,2.0026151987040383e-05,-0.0313156268982412,0.03834,900.0
3330.3523288936303,0.0015746963338243,-0.0312332279684358,0.03834,900.0
3330.4528835982965,0.0030499671638379,-0.031012100047457,0.03834,900.0
3330.5534383029626,0.0044848897400694,-0.0306493182027543,0.03834,900.0
3330.6539920539544,0.0059269956016254,-0.0301363363427607,0.03834,900.0
3330.754561302154,0.0072963743908851,-0.0295031057655491,0.03834,900.0
3330.8551260204003,0.0085923038153638,-0.0287339857203002,0.03834,900.0
3330.9556847781823,0.0098202429203,-0.0278374517904561,0.03834,900.0
3331.0562432975457,0.0109305792287796,-0.0268659629837062,0.03834,900.0
3331.146763917892,0.0118304647837049,-0.0259300798603334,0.03834,900.0
3331.247315761535,0.0127928645720172,-0.0247125969122238,0.03834,900.0
3331.347878572433,0.0135877597157939,-0.023480258401816,0.03834,900.0
3331.448444005935,0.0142976406038334,-0.0220688134045214,0.03834,900.0
3331.5533679694818,0.0148640230331797,-0.0206394134517902,0.03834,900.0
3331.653941986053,0.0152769266714779,-0.019147123937985,0.03834,900.0
3331.7545036048577,0.0155375288114144,-0.0176951706314425,0.03834,900.0
3331.855086442916,0.0156622497330093,-0.0161990226405383,0.03834,900.0
3331.9556630820916,0.0156415643377502,-0.0146754562402372,0.03834,900.0
3332.0562297076867,0.0154790408332578,-0.0131771016420352,0.03834,900.0
3332.1467567653344,0.0152104229407714,-0.0118445528880705,0.03834,900.0
3332.2472938270257,0.0147791534422815,-0.0103884827904172,0.03834,900.0
3332.3478769035028,0.0142335235696916,-0.0090446585358696,0.03834,900.0
3332.45303404042,0.0135223632394651,-0.0076741634844098,0.03834,900.0
3332.5535958976434,0.0126611589967342,-0.0063579326665622,0.03834,900.0
3332.65416228482,0.0117336838598063,-0.0052073297326182,0.03834,900.0
3332.754735586135,0.0106298898173835,-0.0041090085409346,0.03834,900.0
3332.8552981586145,0.009482620613055,-0.0031462383614261,0.03834,900.0
3332.955873605697,0.0082481106332463,-0.0023021228551631,0.03834,900.0
3333.056427833526,0.0069455200803035,-0.0015776540238508,0.03834,900.0
3333.1469339103387,0.005709139886313,-0.0010344102462315,0.03834,900.0
3333.2475205630944,0.0042653366516211,-0.0005459339504849,0.03834,900.0
3333.3492189616845,0.0027575546472,-0.0001965558349922,0.03834,900.0
3333.4497889251397,0.001264372349336,3.1955436484952526e-06,0.03834,900.0
3333.5512388915704,-0.0002657430034079,5.509144642595887e-05,0.03834,900.0
3333.651797887771,-0.0017709158512826,-3.9629972813429865e-05,0.03834,900.0
3333.754731056182,-0.0032005996039445,-0.0002650461635687,0.03834,900.0
3333.855278608291,-0.0046380596237759,-0.0006476461127385,0.03834,900.0
3333.955843088119,-0.0056199346892347,-0.0009828464349529,0.03834,900.0
3334.0563942165063,-0.006895196358052,-0.0015516040275091,0.03834,900.0
3334.1468988628076,-0.0081241713694431,-0.00222593317512,0.03834,900.0
3334.247452852218,-0.0093880452318323,-0.0030780961120139,0.03834,900.0
3334.3480356902764,-0.01053351959581,-0.0040193246104456,0.03834,900.0
3334.4486130447076,-0.0116107426680817,-0.0051021343988763,0.03834,900.0
3334.549187538116,-0.0125844882444966,-0.0062819402530263,0.03834,900.0
3334.646724101989,-0.0133868980255665,-0.007447051007278,0.03834,900.0
3334.7472718925164,-0.014082248537735,-0.0087178308831015,0.03834,900.0
3334.8478935928033,-0.0146480935597802,-0.010006419132694,0.03834,900.0
3334.9558263988183,-0.0149957356677115,-0.0110183859805047,0.03834,900.0
3335.0563715667413,-0.01504728353666,-0.0111802375586542,0.03834,900.0
3335.146900770156,-0.0150519999999999,-0.0111957606531077,0.03834,900.0
3335.247475501983,-0.0134057855641653,-0.010300752942296,0.03834,900.0
3335.3480468959497,-0.0081979983923027,-0.007469262531351,0.03834,900.0
3335.448607084243,-0.0043709077226851,-0.0053884510674039,0.03834,900.0
3335.549188014953,-0.004011,-0.0051927789898094,0.03834,900.0
3335.6497594089196,-0.0039192073049434,-0.0051597953767611,0.03834,900.0
3335.750329372375,-0.0034120207008607,-0.005002596532784,0.03834,900.0
3335.847367402999,-0.0020788735775898,-0.0046543689427674,0.03834,900.0
3335.9479304523156,-0.0005123677366029,-0.0044703640621576,0.03834,900.0
3336.0484927863763,0.0010188020417462,-0.0044993592016465,0.03834,900.0
3336.149063703506,0.0024622537235777,-0.0047376511668245,0.03834,900.0
3336.249641057937,0.0039136169665405,-0.0051820854563427,0.03834,900.0
3336.350206014602,0.0052988087154128,-0.0058178667346746,0.03834,900.0
3336.450766441314,0.0065567288924924,-0.0066023704720929,0.03834,900.0
3336.551330921142,0.0077090275172758,-0.0075777084693377,0.03834,900.0
3336.651899930923,0.0087035112648386,-0.0086640490223428,0.03834,900.0
3336.752460357635,0.0095475657131631,-0.0098834952431495,0.03834,900.0
3336.8529967040704,0.0102694549906176,-0.0112707259085975,0.03834,900.0
3336.9536880225824,0.0107625944437699,-0.0126838967254826,0.03834,900.0
3337.050040599792,0.0110498593575904,-0.0140574284507046,0.03834,900.0
3337.150599357574,0.0111793377508705,-0.0155180159950127,0.03834,900.0
3337.251165983169,0.0110737822639804,-0.017078962460909,0.03834,900.0
3337.3517361850427,0.0107634177844452,-0.0185827753358833,0.03834,900.0
3337.452302572219,0.0102565030970477,-0.0200133098933865,0.03834,900.0
3337.5528746814416,0.0095977253134436,-0.0213180413135793,0.03834,900.0
3337.6534222335504,0.0087295183034208,-0.0225594779387954,0.03834,900.0
3337.75399315068,0.0077133340406484,-0.0236773632387219,0.03834,900.0
3337.854573366134,0.0065644854595731,-0.0246363163203913,0.03834,900.0
3337.955179569213,0.0052985600207529,-0.025437002460053,0.03834,900.0
3338.0557652682946,0.0039606527225061,-0.0260578321858626,0.03834,900.0
3338.1509228915857,0.0026217778829239,-0.0264787180067733,0.03834,900.0
3338.251462099044,0.0010898168480547,-0.02674696259543,0.03834,900.0
3338.352024909942,-0.0004471521120546,-0.0267928223464861,0.03834,900.0
3338.4525862903283,-0.0018890489212406,-0.0266367434635111,0.03834,900.0
3338.5531109542535,-0.0033915446969881,-0.0262651544439267,0.03834,900.0
3338.653675195663,-0.0047591483328071,-0.025727183847186,0.03834,900.0
3338.7555319041894,-0.0060868672154346,-0.024973125388707,0.03834,900.0
3338.8561013908075,-0.0072611140683512,-0.0240911094932417,0.03834,900.0
3338.94656049916,-0.0082011218215889,-0.0231270408482766,0.03834,900.0
3339.047120449035,-0.0091492376478197,-0.0219411892706882,0.03834,900.0
3339.147683259933,-0.0099475202338183,-0.020670303594823,0.03834,900.0
3339.2482551307367,-0.0105588281558962,-0.0192379142579775,0.03834,900.0
3339.354339477508,-0.0109642118628282,-0.0177531570191494,0.03834,900.0
3339.454897520034,-0.0111458699539777,-0.016298429888245,0.03834,900.0
3339.555460807769,-0.0111378893939156,-0.0147985309686702,0.03834,900.0
3339.656036731689,-0.010927964374357,-0.0132928943543088,0.03834,900.0
3339.746542093246,-0.0105516424447818,-0.0120043883377315,0.03834,900.0
3339.8471072883294,-0.0099550316185063,-0.0106056746993641,0.03834,900.0
3339.9476858348535,-0.009162091970322,-0.0092764821563581,0.03834,900.0
3340.0482288570092,-0.0082265164606127,-0.0081005564525969,0.03834,900.0
3340.148776885955,-0.0071642961465791,-0.0070914771656748,0.03834,900.0
3340.249331113784,-0.0059498282856756,-0.0062002865153565,0.03834,900.0
3340.3512700767205,-0.0047131094506632,-0.0055021515265796,0.03834,900.0
3340.451991197555,-0.0040109999999999,-0.0051927789898094,0.03834,900.0
3340.552558299987,-0.0040167512544741,-0.0052026288595304,0.03834,900.0
3340.65310179898,-0.0042141663883103,-0.0055408557054994,0.03834,900.0
3340.753233549087,-0.0072867571138497,-0.0108054936463666,0.03834,900.0
3340.8538070888208,-0.0113757220944014,-0.0178114825548014,0.03834,900.0
3340.9543591708825,-0.0128247495634143,-0.0202943071903332,0.03834,900.0
3341.0549291343377,-0.0130479999999999,-0.020676839212493,0.03834,900.0
3341.1555112571405,-0.0130407574231069,-0.020695499313643,0.03834,900.0
3341.2560692996667,-0.0127310032704195,-0.0213916472978133,0.03834,900.0
3341.3465782375024,-0.0121630553004432,-0.0225015674509373,0.03834,900.0
3341.4471448630975,-0.0113768380638181,-0.0237365969311015,0.03834,900.0
3341.547709581344,-0.010453120632135,-0.0249071738743896,0.03834,900.0
3341.6492940158532,-0.0093522170549938,-0.026024309747486,0.03834,900.0
3341.7498623103784,-0.0082558960116886,-0.0269251233051026,0.03834,900.0
3341.8504170150445,-0.0069928132380892,-0.0277465523098389,0.03834,900.0
3341.953764078109,-0.0055545160383681,-0.0284631571774447,0.03834,900.0
3342.0543459624932,-0.0041904782133744,-0.0289688150467478,0.03834,900.0
3342.1549245090173,-0.0026634130524806,-0.0293459369369599,0.03834,900.0
3342.255495902984,-0.0011496936766109,-0.0295554445460593,0.03834,900.0
3342.3470524520562,0.0002035171592774,-0.0295982066305869,0.03834,900.0
3342.4475980968164,0.0016765734328136,-0.0295020281157642,0.03834,900.0
3342.548154708831,0.0031613133689397,-0.0292392408383011,0.03834,900.0
3342.6487148971246,0.0046184137523033,-0.0288206136003778,0.03834,900.0
3342.7492707938836,0.0059729528040829,-0.0282641936870007,0.03834,900.0
3342.8548930854486,0.0073993302612252,-0.02749039915055,0.03834,900.0
3342.955451604812,0.0085933812084107,-0.0266508203465609,0.03834,900.0
3343.056002971618,0.009782567620914,-0.0256311968554598,0.03834,900.0
3343.146518585174,0.0107043184852082,-0.0246227655127476,0.03834,900.0
3343.247058507888,0.0116159383747644,-0.0234002923874427,0.03834,900.0
3343.347602006881,0.0123737574069726,-0.0221166927145864,0.03834,900.0
3343.4481736392663,0.01298382839194,-0.0207896557511174,0.03834,900.0
3343.548751232116,0.0134547163367143,-0.0193947868094531,0.03834,900.0
3343.6493085593866,0.0137801125062113,-0.017893650708197,0.03834,900.0
3343.749869939773,0.0139522165523292,-0.0163741512535403,0.03834,900.0
3343.8504329890893,0.0139544693610539,-0.0149148572730495,0.03834,900.0
3343.9509462089227,0.0137972329450985,-0.013417528498687,0.03834,900.0
3344.048241970031,0.013496008286277,-0.0119743122289787,0.03834,900.0
3344.148783084838,0.0130416396073051,-0.0105550800825731,0.03834,900.0
3344.2493313522027,0.0124030513684557,-0.0091652320460167,0.03834,900.0
3344.3557461471246,0.0115584375678645,-0.0077592438547417,0.03834,900.0
3344.45631611058,0.0106630098701486,-0.0065867299372231,0.03834,900.0
3344.546828624694,0.0097465186823145,-0.0056248682384003,0.03834,900.0
3344.647402879684,0.0086310594333882,-0.0046439956858671,0.03834,900.0
3344.7479730815576,0.0073913874297812,-0.0037778760294161,0.03834,900.0
3344.848538276641,0.0060763832045723,-0.0030482029046622,0.03834,900.0
3344.949113485305,0.0046822583257142,-0.0024678906056493,0.03834,900.0
3345.049668905227,0.0031858818977892,-0.002017401316477,0.03834,900.0
3345.1502290935205,0.0017152667202269,-0.0017533122200793,0.03834,900.0
3345.2507964343713,0.0002851683935563,-0.0016463254899296,0.03834,900.0
3345.3513561458276,-0.0012592563801937,-0.0016979162321988,0.03834,900.0
3345.451899883239,-0.0027981788724126,-0.0019201794561431,0.03834,900.0
3345.552463170974,-0.0042004697906925,-0.0022985131257294,0.03834,900.0
3345.653037902801,-0.0052843626507819,-0.0026844826121791,0.03834,900.0
3345.7536166877435,-0.006452709027295,-0.003231603109404,0.03834,900.0
3345.8575490684198,-0.0077832864563609,-0.0040261298275476,0.03834,900.0
3345.948056098907,-0.0088846284378879,-0.0048479408085558,0.03834,900.0
3346.048556444137,-0.0099865842836076,-0.005854040322274,0.03834,900.0
3346.14910828778,-0.0109729626846805,-0.0069784582910507,0.03834,900.0
3346.2496644229577,-0.0118493064498633,-0.0082195923242432,0.03834,900.0
3346.350224611251,-0.0125932553355754,-0.0095568888153125,0.03834,900.0
3346.4520996780084,-0.0131802864900557,-0.0109595110269515,0.03834,900.0
3346.5526713103936,-0.0135970471480277,-0.012342040074751,0.03834,900.0
3346.6532403201745,-0.013802956076913,-0.0133505275967051,0.03834,900.0
3346.753796455352,-0.0139513164883171,-0.0148365869396041,0.03834,900.0
3346.8552705020593,-0.0139579310649274,-0.0163676829107436,0.03834,900.0
3346.9563316077874,-0.0137836921559413,-0.0179084262234509,0.03834,900.0
3347.04683434674,-0.0135047278831666,-0.0192092147009128,0.03834,900.0
3347.147394296615,-0.0131937944701189,-0.0202727301366422,0.03834,900.0
3347.247953054397,-0.0130479999999999,-0.020676839212493,0.03834,900.0
3347.3480344981836,-0.0129543398401955,-0.0204870587214987,0.03834,900.0
3347.4485892028497,-0.0120237109338065,-0.0186012861022277,0.03834,900.0
3347.549106475799,-0.0085220240916176,-0.0115055591225642,0.03834,900.0
3347.649675962417,-0.0051527626611994,-0.0046782012306298,0.03834,900.0
3347.7560569019006,-0.004655464401781,-0.0036705632847506,0.03834,900.0
3347.8465639323877,-0.0046239999999999,-0.0036068093411596,0.03834,900.0
3347.947216388671,-0.0046043202354177,-0.0035997769873103,0.03834,900.0
3348.048922893493,-0.0037401380566838,-0.0033213445138434,0.03834,900.0
3348.1494830817865,-0.0023218632270279,-0.0029887323909025,0.03834,900.0
3348.2500349254296,-0.0008017726093277,-0.0027986626528488,0.03834,900.0
3348.3505915374444,0.000690611068736,-0.0027866312861777,0.03834,900.0
3348.451108095138,0.0021532717110509,-0.0029567939125037,0.03834,900.0
3348.551689502685,0.0036100003021199,-0.0032890380465178,0.03834,900.0
3348.65225445935,0.0050414710714242,-0.0037936908883674,0.03834,900.0
3348.75283705899,0.0063522042609091,-0.0044387403138331,0.03834,900.0
3348.8533805579827,0.0076750765633656,-0.0052955939670333,0.03834,900.0
3348.953952190368,0.0088059237839698,-0.0062438558707546,0.03834,900.0
3349.0545102328942,0.0098581477193042,-0.007359699077333,0.03834,900.0
3349.1550720901178,0.0107414488503381,-0.0085534152966338,0.03834,900.0
3349.261309501617,0.0115442426746665,-0.0099651648250047,0.03834,900.0
3349.3518201083825,0.0120611730898934,-0.0111763624927152,0.03834,900.0
3349.4524010390924,0.0124859647980067,-0.0125918430777763,0.03834,900.0
3349.5529721946405,0.0127577133687858,-0.0141104388523634,0.03834,900.0
3349.653532382934,0.0128514621153202,-0.0156462218144174,0.03834,900.0
3349.7541168899224,0.0127768299668052,-0.0171241487860346,0.03834,900.0
3349.854677555053,0.0125273738015951,-0.0185712253526402,0.03834,900.0
3349.9552475185083,0.0120753436446367,-0.0200764178277948,0.03834,900.0
3350.055812713592,0.0114971203450675,-0.0214369413361592,0.03834,900.0
3350.1563914985345,0.0107517094157704,-0.0227066250810914,0.03834,900.0
3350.246898290603,0.0099096723614272,-0.0238156911801345,0.03834,900.0
3350.347459194152,0.0088999584229624,-0.0249010357171948,0.03834,900.0
3350.448024150817,0.0077608039861001,-0.025869329116599,0.03834,900.0
3350.5485476226495,0.0065060203583236,-0.0267126074376866,0.03834,900.0
3350.649116870849,0.0051435232220606,-0.027408388661297,0.03834,900.0
3350.749688741653,0.0037109912073362,-0.027939292444218,0.03834,900.0
3350.8540190429376,0.0022190733455473,-0.0282929125717069,0.03834,900.0
3350.9545749396966,0.0007551674852252,-0.0284666433066308,0.03834,900.0
3351.0551365585015,-0.0007625534480716,-0.0284704589705425,0.03834,900.0
3351.1557048530267,-0.0022653684045893,-0.0282947624205321,0.03834,900.0
3351.247221109359,-0.0036189084694276,-0.02797861253926,0.03834,900.0
3351.3477824897454,-0.004988132188675,-0.0274902341974464,0.03834,900.0
3351.448354598968,-0.00638279579322,-0.0267919606517985,0.03834,900.0
3351.548883792846,-0.0076261088967685,-0.0259812874813733,0.03834,900.0
3351.6494406432794,-0.0087701569542463,-0.0250342244678597,0.03834,900.0
3351.750003692596,-0.0098219038063893,-0.0239096146798412,0.03834,900.0
3351.8505700797723,-0.0107242121172171,-0.0227210956192257,0.03834,900.0
3351.9518176288293,-0.0114591631906688,-0.0214479908662627,0.03834,900.0
3352.0524650783227,-0.0120779066534737,-0.020019136433564,0.03834,900.0
3352.152995941131,-0.0125274915863663,-0.0185533249397176,0.03834,900.0
3352.253563043563,-0.0127810823626701,-0.0171457326060764,0.03834,900.0
3352.354094621627,-0.0128864342894307,-0.0155979676737386,0.03834,900.0
3352.4589866370843,-0.0127833095747729,-0.0140771210661697,0.03834,900.0
3352.549499628036,-0.0125236876887153,-0.0127014804580065,0.03834,900.0
3352.6500643462823,-0.0120816244107674,-0.0112361176942017,0.03834,900.0
3352.7506338329003,-0.0114896205481463,-0.0098611291955808,0.03834,900.0
3352.851181385009,-0.0107408813028865,-0.0085763348802818,0.03834,900.0
3352.9518836707757,-0.0098286768473371,-0.0073545965655709,0.03834,900.0
3353.052450296371,-0.0088115257662755,-0.0062541666327544,0.03834,900.0
3353.1530069083856,-0.0076842449200198,-0.0053182154456438,0.03834,900.0
3353.253576633422,-0.0063893316553718,-0.0044711072029443,0.03834,900.0
3353.3541783065484,-0.0051899226127464,-0.0038432783234531,0.03834,900.0
3353.4547396869348,-0.004624,-0.0036068093411595,0.03834,900.0
3353.555434343307,-0.004624,-0.0036068075220117,0.03834,900.0
3353.656002637832,-0.0046239999999999,-0.0036066463307627,0.03834,900.0
3353.7465015620874,-0.004624,-0.0036056305716268,0.03834,0.0
3353.8470348090814,-0.004624,-0.0036044627081454,0.03834,0.0
3353.9476009578393,-0.004624,-0.0036034171864599,0.03834,0.0
3354.0564111442254,-0.004624,-0.0036022267472342,0.03834,0.0
3354.146917936294,-0.0046239999999999,-0.0036011131286036,0.03834,0.0
3354.2475057811425,-0.0046239999999999,-0.0035999555610348,0.03834,0.0
3354.3480950565026,-0.004624,-0.0035988863324278,0.03834,0.0
3354.4486771793054,-0.004624,-0.0035976730356307,0.03834,0.0
3354.5492178172753,-0.004624,-0.0035964753374298,0.03834,0.0
3354.6497889728234,-0.0046239999999999,-0.0035954817176727,0.03834,0.0
3354.7503381938623,-0.004624,-0.0035941908296773,0.03834,0.0
3354.8508871764825,-0.0046239999999999,-0.0035930441499331,0.03834,0.0
3354.951456901519,-0.0046239999999999,-0.0035918944447932,0.03834,0.0
3355.052028295486,-0.004624,-0.0035906725025241,0.03834,0.0
3355.1526104182885,-0.004624,-0.0035894054180121,0.03834,0.0
3355.253175136535,-0.004624,-0.0035880480781358,0.03834,0.0
3355.3539499015496,-0.004624,-0.0035868722194869,0.03834,0.0
3355.448088762252,-0.004624,-0.0035859642023309,0.03834,0.0
3355.548658487289,-0.004624,-0.0035849074689699,0.03834,0.0
3355.6499520511315,-0.004624,-0.003583612227592,0.03834,0.0
3355.750523683517,-0.0046239999999999,-0.0035824647254133,0.03834,0.0
3355.851116296737,-0.0046239999999999,-0.0035814248976765,0.03834,0.0
3355.958429929702,-0.0046239999999999,-0.0035799563630734,0.03834,0.0
3356.048942205398,-0.0046239999999999,-0.0035790126392236,0.03834,0.0
3356.149512168853,-0.0046239999999999,-0.0035776991385683,0.03834,0.0
3356.250077125518,-0.004624,-0.0035766995683039,0.03834,0.0
3356.350643274276,-0.0046239999999999,-0.0035757371952154,0.03834,0.0
3356.4511688918756,-0.0046239999999999,-0.0035743023963328,0.03834,0.0
3356.551741477935,-0.004624,-0.0035729093408376,0.03834,0.0
3356.6523069114373,-0.004624,-0.0035719545563438,0.03834,0.0
3356.7528768748925,-0.0046239999999999,-0.0035714010730319,0.03834,0.0
