1874.5180892675944,-0.0107069999999999,-0.005006263656886,0.01633,0.0
1874.6186604231425,-0.0107069999999999,-0.0050073579622695,0.01633,0.0
1874.7192275255748,-0.010707,-0.0050093693892635,0.01633,0.0
1874.8197972506114,-0.010707,-0.0050114026725429,0.01633,0.0
1874.9203610151835,-0.010707,-0.005013521867071,0.01633,0.0
1875.0209219187327,-0.010707,-0.005015507164498,0.01633,0.0
1875.121493551118,-0.0107069999999999,-0.0050175734809366,0.01633,0.0
1875.222060176713,-0.0107069999999999,-0.0050191873151263,0.01633,0.0
1875.3226077288218,-0.0107069999999999,-0.0050210188666082,0.01633,0.0
1875.4231936663218,-0.0107069999999999,-0.0050232349256266,0.01633,0.0
1875.523733112199,-0.0107069999999999,-0.0050252495937397,0.01633,0.0
1875.6243095129557,-0.0107069999999999,-0.005027149085295,0.01633,0.0
1875.7153973311015,-0.0107069999999999,-0.0050291967678574,0.01633,0.0
1875.8159732550212,-0.0107069999999999,-0.0050313232705861,0.01633,0.0
1875.9166464537211,-0.0107069999999999,-0.0050329244305627,0.01633,0.0
1876.0173730581828,-0.010707,-0.0050350650207967,0.01633,0.0
1876.1180150240489,-0.0107069999999999,-0.0050370457229629,0.01633,0.0
1876.2185883253642,-0.0107069999999999,-0.0050388665548492,0.01633,0.0
1876.319149467332,-0.0107069999999999,-0.0050406279542145,0.01633,0.0
1876.419711562974,-0.0107069999999999,-0.0050413177595935,0.01633,0.0
1876.5202860563822,-0.0107018148714509,-0.0050559561249639,0.01633,0.0
1876.6208505362101,-0.0102326909661486,-0.0063661051407812,0.01633,0.0
1876.7213802069255,-0.0093504486552705,-0.0088298922995879,0.01633,0.0
1876.8218986719676,-0.0083998040263734,-0.0114847640755254,0.01633,0.0
1876.9224788874217,-0.0074595500578894,-0.0141106527377251,0.01633,0.0
1877.023049327714,-0.0065266028826164,-0.0167161659042225,0.01633,0.0
1877.1236090391703,-0.0055892545101805,-0.0193338749901779,0.01633,0.0
1877.2241732805796,-0.0046272978123162,-0.0220200916018511,0.01633,0.0
1877.3247434824534,-0.0037100699694249,-0.0245816520711449,0.01633,0.0
1877.4185530870982,-0.0028013580926518,-0.0271194722970653,0.01633,0.0
1877.5191161364146,-0.0018353769896557,-0.0298171683225575,0.01633,0.0
1877.6196937292643,-0.0011434848944673,-0.0317492947217744,0.01633,0.0
1877.7202632158824,-0.000922,-0.0323677667791228,0.01633,0.0
1877.820967170579,-0.0007560019520242,-0.032370755123867,0.01633,900.0
1877.9215385645457,1.708241187883819e-05,-0.0323651887594271,0.01633,900.0
1878.0221047133036,0.0015375418187983,-0.0323022014167246,0.01633,900.0
1878.1226548880168,0.0029791492436662,-0.0321140322643782,0.01633,900.0
1878.223217460496,0.0044371991821396,-0.0317761388367043,0.01633,900.0
1878.3237788408824,0.005929948716627,-0.0312968650585002,0.01633,900.0
1878.4243466585704,0.0073282022509169,-0.0306947519791583,0.01633,900.0
1878.514882776124,0.0085248026237667,-0.030038890873683,0.01633,900.0
1878.6154350966044,0.0094509812054526,-0.0294553116139022,0.01633,900.0
1878.71597144304,0.0104502092972648,-0.0287042226829063,0.01633,900.0
1878.819713088853,0.0115979351444022,-0.027690489419212,0.01633,900.0
1878.9202787607737,0.012632668596311,-0.0266145713595173,0.01633,900.0
1879.020779582841,0.0135682820858587,-0.0254338636388463,0.01633,900.0
1879.121282789094,0.014398342368712,-0.0241623806015307,0.01633,900.0
1879.2218498915263,0.0151035612401013,-0.0228588995257416,0.01633,900.0
1879.3224234312602,0.015702582977735,-0.0214599220693458,0.01633,900.0
1879.422991964204,0.0161717959941056,-0.0199828700252267,0.01633,900.0
1879.5235519140788,0.0164919558681165,-0.0185633965998059,0.01633,900.0
1879.6241056650706,0.0166958756565863,-0.0170147569795241,0.01633,900.0
1879.7146217554637,0.0167427833648746,-0.0156683468627326,0.01633,900.0
1879.8151499956675,0.0166727948690525,-0.0141914164561663,0.01633,900.0
1879.9157304495402,0.0164765883807042,-0.0126802529880535,0.01633,900.0
1880.017487975938,0.0161400488802683,-0.0111810076401293,0.01633,900.0
1880.1180457800456,0.0156659349950561,-0.0097449017619489,0.01633,900.0
1880.2198438376017,0.0150619172558932,-0.0083281673142631,0.01633,900.0
1880.320408079011,0.0143540500633725,-0.0070058232934963,0.01633,900.0
1880.420963498933,0.0135167744517926,-0.0057464594032395,0.01633,900.0
1880.5160238474436,0.0126734532699687,-0.0046761722421758,0.01633,900.0
1880.6165835589,0.0116694105781788,-0.003602865894689,0.01633,900.0
1880.71716782747,0.0104753485638121,-0.00256734395847,0.01633,900.0
1880.8177325457164,0.0096518049043788,-0.0019357594548411,0.01633,900.0
1880.9183015554972,0.0085024252543508,-0.0012090634584,0.01633,900.0
1881.0189239710398,0.0072143360354417,-0.0005267036044995,0.01633,900.0
1881.1205000608988,0.0058221424809784,6.524675887660536e-05,0.01633,900.0
1881.2209834784098,0.0043677535585517,0.0005293441690232,0.01633,900.0
1881.3215434282847,0.0028990128105254,0.0008545105934484,0.01633,900.0
1881.4220978945323,0.0014127772929755,0.0010500211670862,0.01633,900.0
1881.5226702421733,-0.0001197877127254,0.0011154462040124,0.01633,900.0
1881.6232392519541,-0.0016293858862233,0.0010338759562544,0.01633,900.0
1881.7237999170848,-0.0031109083656606,0.0008301231498266,0.01633,900.0
1881.824368688447,-0.0045791181542108,0.0004925965620547,0.01633,900.0
1881.9148733347483,-0.0058479596545659,5.9764697728784816e-05,0.01633,900.0
1882.0232214659281,-0.0072901636239194,-0.0005562435746129,0.01633,900.0
1882.123770686967,-0.0086565745209235,-0.0012960218675409,0.01633,900.0
1882.2243358820506,-0.0099217052027988,-0.0021474091663487,0.01633,900.0
1882.3148238390513,-0.0109850086624654,-0.0030054911541566,0.01633,900.0
1882.4153978556224,-0.0120693347818073,-0.0040307631360017,0.01633,900.0
1882.516192409379,-0.0130392915538906,-0.0051269446101288,0.01633,900.0
1882.616725656373,-0.0139282400746135,-0.0063473648822336,0.01633,900.0
1882.7172417372294,-0.0147362568756737,-0.0076790962666225,0.01633,900.0
1882.8178136080332,-0.0154092905773075,-0.0090411269243598,0.01633,900.0
1882.9183873861857,-0.015936095113905,-0.0104550493718824,0.01633,900.0
1883.0189320772715,-0.0163114923486979,-0.0118272214298353,0.01633,900.0
1883.119431707246,-0.0165907267228953,-0.0133456343680841,0.01633,900.0
1883.2200031012126,-0.016728918088984,-0.0148228650925396,0.01633,900.0
1883.3205504149028,-0.0167183041424896,-0.0163850371115645,0.01633,900.0
1883.4211873739787,-0.016584489529606,-0.0178992732617314,0.01633,900.0
1883.5239922731944,-0.0163121307127349,-0.019375866602133,0.01633,900.0
1883.6144947737284,-0.0159638205436803,-0.0206645264353978,0.01633,900.0
1883.7150451868602,-0.0154343214827373,-0.0220984839723613,0.01633,900.0
1883.8155607908793,-0.0147859927094671,-0.0234802554848216,0.01633,900.0
1883.916146966798,-0.0140445133363382,-0.0247551285465881,0.01633,900.0
1884.016720983369,-0.0131300433739337,-0.0260279380398538,0.01633,900.0
1884.117287608964,-0.0121670125850905,-0.0271487125210117,0.01633,900.0
1884.2178597181864,-0.0111014429886627,-0.0281727396052355,0.01633,900.0
1884.318441364152,-0.0098948611895915,-0.0291330047331874,0.01633,900.0
1884.419010373933,-0.0086334962131076,-0.0299721835068949,0.01633,900.0
1884.5195693701335,-0.0073682243732678,-0.030666378456596,0.01633,900.0
1884.620144817216,-0.0059564851030967,-0.0312669091989432,0.01633,900.0
1884.7206618517466,-0.0045316575991271,-0.0317388119527523,0.01633,900.0
1884.8211946219035,-0.0030938209396662,-0.0320774614231847,0.01633,900.0
1884.9217545717784,-0.0017020974719148,-0.0322956991212396,0.01633,900.0
1885.0223204821177,-0.0009222930308196,-0.0323677515479897,0.01633,900.0
1885.1228968828746,-0.0009229970611257,-0.0323662710565613,0.01633,900.0
1885.2284416884013,-0.001363776039078,-0.0316352114613276,0.01633,900.0
1885.318935367448,-0.0042131972203699,-0.0269029293408392,0.01633,900.0
1885.419508191926,-0.008368542986721,-0.0210702569285769,0.01633,900.0
1885.5200762480326,-0.0090973684132671,-0.0200268248523907,0.01633,900.0
1885.6205966204234,-0.009155,-0.0199397902676583,0.01633,900.0
1885.7211608618327,-0.0091878550634839,-0.0198602667637238,0.01633,900.0
1885.8217367857524,-0.0095217812072312,-0.0189336878500854,0.01633,900.0
1885.9222905367442,-0.0099048279148682,-0.0174879871173542,0.01633,900.0
1886.0228309362956,-0.0100762393563301,-0.015996887199066,0.01633,900.0
1886.123412105424,-0.0100282177695238,-0.0145049958453559,0.01633,900.0
1886.223982784135,-0.0097586660104435,-0.0130442748829788,0.01633,900.0
1886.314491483552,-0.0093372947969761,-0.0117886049551562,0.01633,900.0
1886.415056440217,-0.0086488118179521,-0.010391944459062,0.01633,900.0
1886.5156051844187,-0.007776369391043,-0.0091830431696178,0.01633,900.0
1886.6162030428477,-0.0067204896718447,-0.0081019074699383,0.01633,900.0
1886.7184319227763,-0.0054962055618553,-0.0071740920004081,0.01633,900.0
1886.8190064161845,-0.0042140939560015,-0.0064698224364878,0.01633,900.0
1886.9195568293162,-0.0027973271008451,-0.005945041038226,0.01633,900.0
1887.0201251238414,-0.0013296087928651,-0.0056348853368037,0.01633,900.0
1887.1207287043162,0.0001670563733397,-0.0055516338170443,0.01633,900.0
1887.221311303956,0.0016703986596363,-0.0056839691041323,0.01633,900.0
1887.3218750685282,0.003096756804735,-0.0060292285548014,0.01633,900.0
1887.4224545687266,0.0044646675088433,-0.0065775328711111,0.01633,900.0
1887.5231086939402,0.0058110273926506,-0.0073737112657039,0.01633,900.0
1887.623680087907,0.0070029448772634,-0.008340540828687,0.01633,900.0
1887.7242650717326,0.0079846233786407,-0.0094262016724569,0.01633,900.0
1887.8147663801738,0.0087364536588005,-0.0105867756940546,0.01633,900.0
1887.915317031724,0.009379577900589,-0.0119253522976211,0.01633,900.0
1888.0158881872721,0.0098233103334907,-0.0133548444687291,0.01633,900.0
1888.1164676874705,0.0100506396518902,-0.0148607336691796,0.01633,900.0
1888.2183925837107,0.0100513356263829,-0.0163778099399762,0.01633,900.0
1888.3189561098643,0.0098393134729733,-0.0178277814100417,0.01633,900.0
1888.4200434416362,0.0094018787975003,-0.0192698429293514,0.01633,900.0
1888.520625564439,0.0087306889005195,-0.0206747677737971,0.01633,900.0
1888.621187660081,0.0079156104155348,-0.0218979708720668,0.01633,900.0
1888.7218751638957,0.0069400730454239,-0.0229734223888163,0.01633,900.0
1888.8224098414012,0.0056817512180994,-0.0239847237172233,0.01633,900.0
1888.9229764669963,0.0044593530867021,-0.0247037227754372,0.01633,900.0
1889.0235051840373,0.0030748726821934,-0.0252384926509489,0.01633,900.0
1889.1240739553996,0.0016069532607609,-0.0255888463609148,0.01633,900.0
1889.214626046998,0.0002257942791772,-0.0257045047138997,0.01633,900.0
1889.315162155015,-0.0012817771765602,-0.0256278322152673,0.01633,900.0
1889.4157564371653,-0.0027211781896104,-0.0253331226647198,0.01633,900.0
1889.5171279638835,-0.0041452583835212,-0.024816963385698,0.01633,900.0
1889.6186668604441,-0.0055086098962206,-0.0240819363962039,0.01633,900.0
1889.7192408770152,-0.0066787158205933,-0.0231939110766768,0.01633,900.0
1889.819812747819,-0.0077624575554332,-0.022081649828569,0.01633,900.0
1889.920386287553,-0.0086539971033132,-0.0208649782081728,0.01633,900.0
1890.020963165147,-0.0091262843537526,-0.0199928186429189,0.01633,900.0
1890.1399211615153,-0.0091519824309235,-0.0199432231030742,0.01633,900.0
1890.2214295595713,-0.0091126077631941,-0.0199880163622994,0.01633,900.0
1890.3219868868418,-0.0059653410435647,-0.0235671869667469,0.01633,900.0
1890.4225439756938,-0.0016919467168588,-0.0284269757872009,0.01633,900.0
1890.5230846136637,0.0002626948404152,-0.0306498024925949,0.01633,900.0
1890.6236464708873,0.000297,-0.0306887937943419,0.01633,900.0
1890.7242102354594,0.000494934572972,-0.0306778975336129,0.01633,900.0
1890.8147384852,0.0011790979657052,-0.0306226309081516,0.01633,900.0
1890.9152803152629,0.0027139102958925,-0.0304339350513805,0.01633,900.0
1891.0158393114634,0.0040976908129572,-0.0301099993123613,0.01633,900.0
1891.1164025991984,0.0055336191078361,-0.0296302235521279,0.01633,900.0
1891.2169682711192,0.0069481068021128,-0.0289720443847535,0.01633,900.0
1891.317541334016,0.0082353385052706,-0.0282185554070163,0.01633,900.0
1891.4181282251902,0.0094811343186403,-0.0272922933136622,0.01633,900.0
1891.518687698228,0.0106099136751014,-0.02627447461938,0.01633,900.0
1891.624452087266,0.0116491915747395,-0.0251478103551629,0.01633,900.0
1891.7149278849192,0.0124444643982395,-0.0240594455794022,0.01633,900.0
1891.8154849737712,0.0132474671559274,-0.0227504274511552,0.01633,900.0
1891.9160439699717,0.0138827036153154,-0.0214114954942142,0.01633,900.0
1892.0166210859843,0.0143846330136458,-0.0200197507642086,0.01633,900.0
1892.1181041925975,0.0147592342267694,-0.0185632586854353,0.01633,900.0
1892.220072004182,0.0149880840200476,-0.0169978701079055,0.01633,900.0
1892.3206321924754,0.0150513977642265,-0.0154917831118856,0.01633,900.0
1892.421144697053,0.0149569201477695,-0.0139776041920475,0.01633,900.0
1892.5216951101847,0.0147313396290348,-0.0125455317954972,0.01633,900.0
1892.6222817629405,0.0143296760172923,-0.0110775226172538,0.01633,900.0
1892.722882720811,0.0137842742401123,-0.0096243752761517,0.01633,900.0
1892.8234367102214,0.0131293619971172,-0.0083000742885481,0.01633,900.0
1892.9239940374919,0.0123530526817435,-0.0070549389040689,0.01633,900.0
1893.0144901007243,0.0115169255520622,-0.0059614981119218,0.01633,900.0
1893.1155917376109,0.0104620105674558,-0.0048287358639009,0.01633,900.0
1893.2161528795787,0.0093453554872393,-0.0038355743395619,0.01633,900.0
1893.3166787355967,0.0081395742626409,-0.0029773936059819,0.01633,900.0
1893.416736575944,0.0067895155981793,-0.0021877540295879,0.01633,900.0
1893.5173079699107,0.0054603414930731,-0.0016072947781377,0.01633,900.0
1893.617926570756,0.003992807350255,-0.0011236585046226,0.01633,900.0
1893.718474599702,0.002553186110551,-0.0008049502639053,0.01633,900.0
1893.8190281122752,0.0010699195054986,-0.0006311163294749,0.01633,900.0
1893.919607374055,-0.0004515980694411,-0.00060304187022,0.01633,900.0
1894.0202116697856,-0.0019439360383349,-0.0007210144335046,0.01633,900.0
1894.120777580125,-0.0034271245245256,-0.0009926955651024,0.01633,900.0
1894.2213253706523,-0.0049100626189181,-0.0014191179363732,0.01633,900.0
1894.3219125002452,-0.0062990837589194,-0.0019719303777911,0.01633,900.0
1894.4225051134654,-0.0075867866086594,-0.0026382953930552,0.01633,900.0
1894.5240800112315,-0.0089154264599274,-0.0035109595385561,0.01633,900.0
1894.6146087378092,-0.0099569254264043,-0.0043401233714168,0.01633,900.0
1894.7151589125224,-0.0110214433463804,-0.0053945620399944,0.01633,900.0
1894.815707656724,-0.0119817561244364,-0.0065311925463972,0.01633,900.0
1894.9277071684428,-0.0129054843252009,-0.0079023554263016,0.01633,900.0
1895.0182332724162,-0.0135682278463955,-0.0091565947331278,0.01633,900.0
1895.1188072889872,-0.0141564600545402,-0.0105590350244649,0.01633,900.0
1895.2193810671397,-0.0145802489094657,-0.0119547230512269,0.01633,900.0
1895.3199450701304,-0.0148723800141933,-0.0134272581537797,0.01633,900.0
1895.4205100267955,-0.0150206375332895,-0.0149692731194934,0.01633,900.0
1895.521109792573,-0.0150155922229192,-0.0164814091217433,0.01633,900.0
1895.6216766565867,-0.014863960594063,-0.0179462342397958,0.01633,900.0
1895.7222518652507,-0.0145775841515799,-0.0193727868577481,0.01633,900.0
1895.822811576707,-0.0141004203594239,-0.020895888654213,0.01633,900.0
1895.9233767717906,-0.0135272976755056,-0.022226631202552,0.01633,900.0
1896.025113555772,-0.0127564439578495,-0.0235938034361073,0.01633,900.0
1896.1156532496043,-0.0120130865541148,-0.0246713274908059,0.01633,900.0
1896.2162198751994,-0.0110353109848324,-0.0258366474029435,0.01633,900.0
1896.3168573111125,-0.009962968758585,-0.0268884909710235,0.01633,900.0
1896.4182035654612,-0.0088030770980616,-0.0278145463734617,0.01633,900.0
1896.5187895029612,-0.0075441071912558,-0.0286376701582899,0.01633,900.0
1896.620130035264,-0.006183303292689,-0.0293274488368593,0.01633,900.0
1896.7207123964854,-0.0047374214548561,-0.0299109937835768,0.01633,900.0
1896.821283790452,-0.0032807701528574,-0.0303087015823209,0.01633,900.0
1896.9162945478984,-0.0018833676463815,-0.030569190145826,0.01633,900.0
1897.0173277586528,-0.000403638841379,-0.0306715995695489,0.01633,900.0
1897.1190416544505,0.0002261447962707,-0.0306875437132549,0.01633,900.0
1897.219596120698,0.000297,-0.030688793794342,0.01633,900.0
1897.3201603621073,-0.0006050987683221,-0.0298645970622336,0.01633,900.0
1897.4207505911418,-0.0046001912818804,-0.0262144844440906,0.01633,900.0
1897.5213255613871,-0.0088510151654321,-0.0223306080118834,0.01633,900.0
1897.6189245909281,-0.0107069999999999,-0.0206347782459603,0.01633,900.0
1897.7195050448008,-0.010817480112912,-0.0203640112920162,0.01633,900.0
1897.8200711935588,-0.0112113563475239,-0.0193219110078681,0.01633,900.0
1897.9206604689189,-0.011583664600903,-0.0179020519077513,0.01633,900.0
1898.0212230413981,-0.0117825129941503,-0.016332931907688,0.01633,900.0
1898.121806833131,-0.0117760094554197,-0.0148565849047043,0.01633,900.0
1898.2301358908244,-0.0115637773177698,-0.013228461212687,0.01633,900.0
1898.3206529348918,-0.0112085587883392,-0.0119445657940935,0.01633,900.0
1898.4212169378825,-0.0106236638010874,-0.0105282184685798,0.01633,900.0
1898.5217902391978,-0.0099075633593678,-0.0092512643409526,0.01633,900.0
1898.6223668783732,-0.0090315090861625,-0.0080637475553254,0.01633,900.0
1898.7228986948558,-0.0079653107579273,-0.0069410097793504,0.01633,900.0
1898.8237607210704,-0.0067786188202726,-0.0059814048939119,0.01633,900.0
1898.9142524927684,-0.0056727105217306,-0.0052918250307433,0.01633,900.0
1899.014830085618,-0.0043179345319637,-0.0046492941334677,0.01633,900.0
1899.118074390275,-0.0028329716147663,-0.0041613956577501,0.01633,900.0
1899.2197131842204,-0.0013377893659203,-0.0038843511827221,0.01633,900.0
1899.3202779024668,0.0001992110909725,-0.0038278349599475,0.01633,900.0
1899.421491357667,0.0016718228541427,-0.0039648666177748,0.01633,900.0
1899.5220553606578,0.0031244819413043,-0.0042615328870003,0.01633,900.0
1899.6225480764933,0.0045524384905002,-0.0047501982650111,0.01633,900.0
1899.7231397360392,0.0059052943799098,-0.0054294629872141,0.01633,900.0
1899.8237130373545,0.0071726300346331,-0.006284292787378,0.01633,900.0
1899.9142133921214,0.0082059826799575,-0.0071690635154643,0.01633,900.0
1900.0147556990214,0.0092089327956548,-0.0082660639301418,0.01633,900.0
1900.1153323381968,0.0101126007714403,-0.0095380967090689,0.01633,900.0
1900.2158493727275,0.0107790290396199,-0.0108153109639059,0.01633,900.0
1900.3164152830668,0.011326936478232,-0.0123044483891832,0.01633,900.0
1900.4169833391734,0.0116418495687526,-0.0137048258106094,0.01633,900.0
1900.5175654619761,0.0117943455654283,-0.0152478130206909,0.01633,900.0
1900.6181413858958,0.011749200400576,-0.0167097222653275,0.01633,900.0
1900.7230148047038,0.0114831023898348,-0.0182888613324592,0.01633,900.0
1900.8235668867655,0.0110564723895044,-0.0197065300319381,0.01633,900.0
1900.9140829771586,0.0105186078306914,-0.0209340357955429,0.01633,900.0
1901.0146100252696,0.0097489599251128,-0.0222557297229643,0.01633,900.0
1901.1151478022166,0.0088116037766566,-0.0234635013174149,0.01633,900.0
1901.2157187193461,0.0077394700517857,-0.0245207372107226,0.01633,900.0
1901.3162920206614,0.0065423295668489,-0.02544604571403,0.01633,900.0
1901.4168712824412,0.0052940292434236,-0.0261834238138258,0.01633,900.0
1901.5195011824198,0.0038748006572887,-0.0267925906060406,0.01633,900.0
1901.6200840204783,0.002437349905822,-0.0271711548336252,0.01633,900.0
1901.7206048697062,0.000924975728988,-0.0273853914834473,0.01633,900.0
1901.8334543436595,-0.0007660356850302,-0.0274002882148279,0.01633,900.0
1901.9139096468516,-0.0019574040559005,-0.0272592989220621,0.01633,900.0
1902.0144831865855,-0.0034108166781481,-0.0269119854544341,0.01633,900.0
1902.1153921812602,-0.0048276517297078,-0.0263750496796832,0.01633,900.0
1902.2159518927165,-0.0061514695300205,-0.0256800311787167,0.01633,900.0
1902.3165013521739,-0.0073478217977244,-0.0248481740590105,0.01633,900.0
1902.4170736998149,-0.008471447273773,-0.0238291519405409,0.01633,900.0
1902.517653915269,-0.0094903803743431,-0.0226439934677064,0.01633,900.0
1902.6181993216105,-0.0103166630817171,-0.0213704323815537,0.01633,900.0
1902.7241744726725,-0.0107069999999999,-0.0206347782459603,0.01633,900.0
1902.8247432440348,-0.0107069999999999,-0.0206346591072601,0.01633,900.0
1902.9253184526988,-0.010707,-0.0206327889399939,0.01633,0.0
1903.025886747224,-0.0107069999999999,-0.0206309808056914,0.01633,0.0
1903.1264695852824,-0.0107069999999999,-0.0206301901971919,0.01633,0.0
1903.2270209520884,-0.0107069999999999,-0.0206293268839597,0.01633,0.0
1903.327587339265,-0.0107069999999999,-0.0206277422573971,0.01633,0.0
1903.4281532496043,-0.0107069999999999,-0.0206264963360749,0.01633,0.0
1903.5287086695262,-0.0107069999999999,-0.0206258876655271,0.01633,0.0
1903.629289600236,-0.010707,-0.0206241398510999,0.01633,0.0
1903.7298669546672,-0.010707,-0.0206230687956029,0.01633,0.0
1903.830432626588,-0.0107069999999999,-0.0206221214338702,0.01633,0.0
1903.9310023516246,-0.0107069999999999,-0.0206204756723245,0.01633,0.0
1904.0315646856852,-0.010707,-0.0206194516969162,0.01633,0.0
1904.125336858613,-0.0107069999999999,-0.0206181572353016,0.01633,0.0
1904.2258891790934,-0.010707,-0.0206164127967179,0.01633,0.0
1904.3264009684153,-0.010707,-0.0206144852377869,0.01633,0.0
1904.4269199102946,-0.0107069999999999,-0.0206131023381912,0.01633,0.0
1904.5274758070536,-0.0107069999999999,-0.0206124729476953,0.01633,0.0
1904.628267738206,-0.0107069999999999,-0.0206117948167662,0.01633,0.0
1904.7288243502207,-0.0107069999999999,-0.0206100945108688,0.01633,0.0
1904.8293544977732,-0.0107069999999999,-0.0206095059295117,0.01633,0.0
1904.928833219392,-0.0107069999999999,-0.0206079042045833,0.01633,0.0
1905.0293931692668,-0.0107069999999999,-0.020606879086169,0.01633,0.0
1905.1299020975657,-0.0107069999999999,-0.0206047393744166,0.01633,0.0
1905.2304568022319,-0.0107069999999999,-0.0206033542055344,0.01633,0.0
1905.3309848040171,-0.0107069999999999,-0.0206027512216838,0.01633,0.0
1905.4316124647685,-0.0107069999999999,-0.0206009349113622,0.01633,0.0
1905.5321733683177,-0.0107069999999999,-0.0205994175745399,0.01633,0.0
1905.6327323645182,-0.0107069999999999,-0.020599181607216,0.01633,0.0
