2913.7126144726044,-0.0087069999999999,0.0087062305145793,0.03195,0.0
2913.8131832439667,-0.0087069999999999,0.0087045030374416,0.03195,0.0
2913.9036750156647,-0.0087069999999999,0.008702919293267,0.03195,0.0
2914.0042139847046,-0.0087069999999999,0.0087013465491033,0.03195,0.0
2914.1047701198822,-0.0087069999999999,0.0086994362206693,0.03195,0.0
2914.205355103708,-0.0087069999999999,0.0086979394785973,0.03195,0.0
2914.305945571161,-0.008707,0.0086960417562706,0.03195,0.0
2914.4065119583374,-0.008707,0.0086935695076124,0.03195,0.0
2914.507096465326,-0.0087069999999999,0.0086914909679303,0.03195,0.0
2914.6076759655243,-0.0087069999999999,0.0086900423556859,0.03195,0.0
2914.708211119867,-0.0087069999999999,0.0086883605296781,0.03195,0.0
2914.8087808449036,-0.0087069999999999,0.0086865416340317,0.03195,0.0
2914.9093634445435,-0.0087069999999999,0.0086850345545722,0.03195,0.0
2915.0099262554413,-0.0087069999999999,0.0086833457104069,0.03195,0.0
2915.110507186151,-0.0087069999999999,0.0086815442895494,0.03195,0.0
2915.2110361416107,-0.0087069999999999,0.0086793712991868,0.03195,0.0
2915.311591799951,-0.0087069999999999,0.0086777012682432,0.03195,0.0
2915.4121476967102,-0.0087069999999999,0.008676616935858,0.03195,0.0
2915.512702639795,-0.0087069999999999,0.0086739285047234,0.03195,0.0
2915.6132802326447,-0.0087069999999999,0.0086724115573012,0.03195,0.0
2915.703791554666,-0.0087069999999999,0.0086718417063857,0.03195,0.0
2915.804319318033,-0.0087069999999999,0.0086716227294667,0.03195,0.0
2915.90557688067,-0.0086161858451858,0.0085485113356978,0.03195,0.0
2916.0061365921265,-0.0077213891694369,0.0073355674205955,0.03195,0.0
2916.1067020256287,-0.0056760859679744,0.0045142933400269,0.03195,0.0
2916.207225020624,-0.0037154086736569,0.0017218545044497,0.03195,0.0
2916.307877238489,-0.0015331645964921,-0.001052536906117,0.03195,0.0
2916.4035646278626,0.0003190881321347,-0.0035632445288269,0.03195,0.0
2916.504102166391,0.0024017587342364,-0.0063862965102868,0.03195,0.0
2916.60465973208,0.0045429309941331,-0.0092885806708743,0.03195,0.0
2916.705279763437,0.0065656752157745,-0.0120304717402682,0.03195,0.0
2916.8067528564698,0.0085745851625612,-0.0147535001769147,0.03195,0.0
2916.90734213183,0.0106576489320869,-0.0175770683528485,0.03195,0.0
2917.0078727562195,0.0125253193800392,-0.0201086234179897,0.03195,0.0
2917.108447726465,0.0134128598248964,-0.0213115994754654,0.03195,0.0
2917.2090043384796,0.013416,-0.0213158486195381,0.03195,0.0
2917.3095695335633,0.0134341104835932,-0.0212680634523526,0.03195,900.0
2917.4100379307038,0.0135917418633431,-0.0208220635045782,0.03195,900.0
2917.510607417322,0.0140456330919468,-0.0194561432660205,0.03195,900.0
2917.611172850824,0.0143773985854396,-0.0179683307839906,0.03195,900.0
2917.711734946466,0.0145253473692543,-0.0164620750346152,0.03195,900.0
2917.8123120624787,0.0145399327438099,-0.0150097395442086,0.03195,900.0
2917.909261878229,0.0143839218100234,-0.0134939360682754,0.03195,900.0
2918.009845431543,0.0140960342569153,-0.0120519858160578,0.03195,900.0
2918.1103932220703,0.0136428215816195,-0.0106064038363088,0.03195,900.0
2918.2110299427277,0.0130485742045212,-0.0091951169781632,0.03195,900.0
2918.311609442926,0.0123302578365279,-0.0079232059108416,0.03195,900.0
2918.412381823755,0.0114868446494403,-0.0067065856484473,0.03195,900.0
2918.512950833536,0.0104941919087545,-0.0055509303557626,0.03195,900.0
2918.61352938006,0.0093865548670232,-0.0045145842613593,0.03195,900.0
2918.7040461857086,0.0082924420886032,-0.0036503798951619,0.03195,900.0
2918.804621155954,0.0070067413964999,-0.0028714044720226,0.03195,900.0
2918.906562026239,0.0056146868897027,-0.0022034732714843,0.03195,900.0
2919.0071334202057,0.0042085130642872,-0.0016979157919159,0.03195,900.0
2919.1077131588227,0.0027442528321932,-0.0013508795521836,0.03195,900.0
2919.208374913431,0.0013495153797427,-0.0011407957083972,0.03195,900.0
2919.3089401085144,0.0001728553397314,-0.0010746428218731,0.03195,900.0
2919.4096948463684,-0.0011361309769108,-0.001131602768466,0.03195,900.0
2919.5102853138214,-0.0026462111651683,-0.0013285850010506,0.03195,900.0
2919.6108462173706,-0.0039167446816077,-0.0016146960682798,0.03195,900.0
2919.7114395458466,-0.0048763088197592,-0.0019123372130038,0.03195,900.0
2919.8109649975067,-0.0058457187829248,-0.0023032060659106,0.03195,900.0
2919.911548550821,-0.0071348024221003,-0.0029368577155632,0.03195,900.0
2920.012097533441,-0.0084253867709449,-0.0037510498815467,0.03195,900.0
2920.1126612980133,-0.0095986084588294,-0.0046979624469587,0.03195,900.0
2920.213231499887,-0.0106893195168917,-0.0057442332996973,0.03195,900.0
2920.3037416298157,-0.0115401508104644,-0.0067786443602753,0.03195,900.0
2920.4043003875977,-0.0124077207109761,-0.0080479680653383,0.03195,900.0
2920.5048636753327,-0.0131357720669997,-0.009402510810642,0.03195,900.0
2920.605431969858,-0.0137082765789082,-0.0107634569153432,0.03195,900.0
2920.7059864361054,-0.0141292870077723,-0.0121775151185937,0.03195,900.0
2920.8065597374207,-0.0144244024493885,-0.0137007473412441,0.03195,900.0
2920.908622916437,-0.0145466300357949,-0.01516738141171,0.03195,900.0
2921.009181674219,-0.0145165089992419,-0.0167150130107985,0.03195,900.0
2921.1097478229767,-0.0143287657299751,-0.01823505325478,0.03195,900.0
2921.2103201706177,-0.0139870957068194,-0.0196463229302297,0.03195,900.0
2921.3122612793213,-0.0135226494909175,-0.0210199636626328,0.03195,900.0
2921.4128267128235,-0.0129071446781307,-0.0223425320472312,0.03195,900.0
2921.5133923847443,-0.0121407954481265,-0.0236333544029655,0.03195,900.0
2921.60390132258,-0.0113497007979846,-0.0247281058974385,0.03195,900.0
2921.7044705707794,-0.0103463488304362,-0.0258495596162631,0.03195,900.0
2921.805181916452,-0.0092379164944462,-0.0268603817016124,0.03195,900.0
2921.905750926233,-0.00805707891719,-0.0277479457428572,0.03195,900.0
2922.0063239891297,-0.0067553994725281,-0.0285147292381867,0.03195,900.0
2922.1068896610504,-0.0054489465355373,-0.0291284442030314,0.03195,900.0
2922.207474644876,-0.004505093940102,-0.0294757586578114,0.03195,900.0
2922.308045800424,-0.0035425218423712,-0.0297492902655458,0.03195,900.0
2922.4095269996888,-0.0020882114763046,-0.0300368437279945,0.03195,900.0
2922.510368760324,-0.0005903486690216,-0.0301662725070137,0.03195,900.0
2922.610941823221,0.0005023333697623,-0.0301787227346783,0.03195,900.0
2922.711509640909,0.0017712947513447,-0.0300642347121516,0.03195,900.0
2922.803660567499,0.0030797793124506,-0.0298424768815365,0.03195,900.0
2922.9042162258393,0.0045456237566032,-0.0294425248470307,0.03195,900.0
2923.0047573406464,0.0059912223541796,-0.0288792178434758,0.03195,900.0
2923.1053041774994,0.007348381777062,-0.0281792561377471,0.03195,900.0
2923.205889161325,0.0086103418390272,-0.0273668745207665,0.03195,900.0
2923.306451972223,0.0097466443233544,-0.0264365494826599,0.03195,900.0
2923.4070262272126,0.0108196066845343,-0.0253833806987376,0.03195,900.0
2923.50761597941,0.0117944531994781,-0.0241602349471936,0.03195,900.0
2923.6082026321656,0.0126034444592324,-0.0228985034532096,0.03195,900.0
2923.708714183069,0.0132376433942706,-0.0216852590107987,0.03195,900.0
2923.8092958290345,0.0134092389240418,-0.021331999702519,0.03195,900.0
2923.9098676998383,0.013416,-0.0213158486195381,0.03195,900.0
2924.0117315609223,0.0113531498543496,-0.019973715543464,0.03195,900.0
2924.1123036701447,0.0062972523659304,-0.0166842055481683,0.03195,900.0
2924.2046326954132,0.0002908438967589,-0.0127762138213332,0.03195,900.0
2924.3052026588684,-0.0056155414180149,-0.0089332579920928,0.03195,900.0
2924.405775244928,-0.0087069999999999,-0.0069218021578963,0.03195,900.0
2924.5063494999176,-0.0081778776249409,-0.0064432180393502,0.03195,900.0
2924.6069161255127,-0.0070753778123321,-0.0055802432856759,0.03195,900.0
2924.7074856121308,-0.005795404941413,-0.0047973125042814,0.03195,900.0
2924.8080047924286,-0.0044620673816845,-0.00419341367838,0.03195,900.0
2924.9085857231385,-0.0030442488388621,-0.0037360727045672,0.03195,900.0
2925.0091609318024,-0.0015641038895447,-0.0034500921074993,0.03195,900.0
2925.109715874887,-4.664288958101948e-05,-0.0033558355414388,0.03195,900.0
2925.210277970529,0.0015030166794262,-0.0034460540574861,0.03195,900.0
2925.310831721521,0.0030120706956158,-0.0037170939949824,0.03195,900.0
2925.4114212352997,0.0044328445566281,-0.0041671981451044,0.03195,900.0
2925.5119637806183,0.0057920884497813,-0.0047862798011097,0.03195,900.0
2925.6125711757904,0.0070083752800663,-0.005585833332951,0.03195,900.0
2925.713122304178,0.0082106905743415,-0.0064877145380116,0.03195,900.0
2925.8136553127533,0.0092653521770931,-0.0075539349451482,0.03195,900.0
2925.9041227657563,0.010083166650687,-0.0086141308326631,0.03195,900.0
2926.00619977305,0.0108775413155524,-0.0099501288131709,0.03195,900.0
2926.106784995294,0.0115095004839397,-0.0113439932003872,0.03195,900.0
2926.2073525745636,0.0119408035140812,-0.0127753870919959,0.03195,900.0
2926.3079249222046,0.0121987111627001,-0.0142414969028749,0.03195,900.0
2926.4084905941254,0.0122785121492262,-0.0157511672442279,0.03195,900.0
2926.509063657022,0.0121810332765916,-0.0172640437042444,0.03195,900.0
2926.6095916588074,0.0119044918136935,-0.0186739670174085,0.03195,900.0
2926.7101604301697,0.011452490131876,-0.0201175196728069,0.03195,900.0
2926.810724194742,0.0107750732456918,-0.0215672568261181,0.03195,900.0
2926.911280091501,0.0099843125618973,-0.0227867747190149,0.03195,900.0
2927.011865313745,0.0090191287444819,-0.0239721598910843,0.03195,900.0
2927.112417395807,0.0079279846835956,-0.0250129715934466,0.03195,900.0
2927.212985213495,0.0066965904109668,-0.0259156683584505,0.03195,900.0
2927.3106099922425,0.0054185959863575,-0.0266445122362946,0.03195,900.0
2927.4111756641632,0.0040618911324867,-0.027219468215532,0.03195,900.0
2927.5117370445496,0.0026275605326505,-0.0276170520581336,0.03195,900.0
2927.612293179727,0.0011033205916781,-0.0278670769011566,0.03195,900.0
2927.7128536064392,-0.0003927191390711,-0.0279142615966832,0.03195,900.0
2927.8082479793793,-0.0017843727901124,-0.0277900091114275,0.03195,900.0
2927.908810790277,-0.0032761143759742,-0.0274858853936133,0.03195,900.0
2928.0093759853607,-0.0046579563882925,-0.0270149800045688,0.03195,900.0
2928.109949763513,-0.0059846714719831,-0.0263558048510253,0.03195,900.0
2928.2104617912537,-0.0072865358705015,-0.0255152811771038,0.03195,900.0
2928.3110308010346,-0.0084244383798716,-0.0245695830825684,0.03195,900.0
2928.411588128305,-0.0094648135126814,-0.0234446132581108,0.03195,900.0
2928.5121263820893,-0.0103423438896479,-0.0221897040367644,0.03195,900.0
2928.612705167032,-0.0110612588846111,-0.0208825619071857,0.03195,900.0
2928.713264878488,-0.0116482585596494,-0.0195080810843302,0.03195,900.0
2928.8037847835785,-0.0120226027558948,-0.0181837710184891,0.03195,900.0
2928.9043521244294,-0.0122558038613938,-0.0166771950888513,0.03195,900.0
2929.004923041559,-0.0122906338117548,-0.015201447066352,0.03195,900.0
2929.1055449802643,-0.0121457302728716,-0.0137218875175814,0.03195,900.0
2929.210335906244,-0.0117995416004798,-0.0121561311285008,0.03195,900.0
2929.3109034855133,-0.0112770035601194,-0.0107602148015645,0.03195,900.0
2929.411487277246,-0.0105950459921497,-0.0094150989667756,0.03195,900.0
2929.5120701153046,-0.0097573552487068,-0.0081746858639067,0.03195,900.0
2929.6126481849915,-0.0090138290728383,-0.0072610501805147,0.03195,900.0
2929.713212426401,-0.0087069999999999,-0.0069218021578963,0.03195,900.0
2929.8137826282746,-0.0087069999999999,-0.0069214888614193,0.03195,0.0
2929.914350207544,-0.008707,-0.0069201973835718,0.03195,0.0
2930.0160846073395,-0.0087069999999999,-0.006918837112783,0.03195,0.0
2930.116647656656,-0.0087069999999999,-0.0069178502431021,0.03195,0.0
2930.2184330780274,-0.0087069999999999,-0.0069166731378336,0.03195,0.0
2930.3189985115296,-0.0087069999999999,-0.0069152166294771,0.03195,0.0
2930.4195379574066,-0.008707,-0.0069143152597095,0.03195,0.0
2930.5201148350006,-0.0087069999999999,-0.0069131456463445,0.03195,0.0
2930.621047909952,-0.0087069999999999,-0.0069117410233292,0.03195,0.0
2930.7216016609436,-0.0087069999999999,-0.0069107246629004,0.03195,0.0
2930.8221685249573,-0.0087069999999999,-0.0069096102960355,0.03195,0.0
2930.92274897883,-0.0087069999999999,-0.0069082718524719,0.03195,0.0
2931.0132018882996,-0.0087069999999999,-0.0069072284826659,0.03195,0.0
2931.1137141544586,-0.0087069999999999,-0.0069062317153289,0.03195,0.0
2931.2143019993073,-0.008707,-0.0069051313661488,0.03195,0.0
2931.314871009088,-0.0087069999999999,-0.0069034897227339,0.03195,0.0
2931.415875609613,-0.0087069999999999,-0.0069019497363613,0.03195,0.0
2931.5164493877655,-0.008707,-0.0069010778846887,0.03195,0.0
2931.61700099299,-0.008707,-0.0069002310413587,0.03195,0.0
2931.717574532724,-0.0087069999999999,-0.0068987985183068,0.03195,0.0
2931.8181535560852,-0.0087069999999999,-0.0068975238445511,0.03195,0.0
2931.918719704843,-0.0087069999999999,-0.0068964985901777,0.03195,0.0
2932.019295628763,-0.0087069999999999,-0.0068953423085465,0.03195,0.0
2932.120025809503,-0.008707,-0.0068940128298284,0.03195,0.0
2932.2205793220764,-0.0087069999999999,-0.006892603684041,0.03195,0.0
2932.3211435634857,-0.0087069999999999,-0.0068914772253723,0.03195,0.0
2932.418466027475,-0.0087069999999999,-0.0068904913274811,0.03195,0.0
2932.51902764628,-0.008707,-0.0068890976896551,0.03195,0.0
2932.6195413429505,-0.008707,-0.006887891395933,0.03195,0.0
2932.7201046306855,-0.0087069999999999,-0.0068868209928554,0.03195,0.0
2932.820672686792,-0.0087069999999999,-0.0068864613815662,0.03195,0.0
