3676.9434788206054,-0.0003729999999999,0.0121196602534,0.0426,0.0
3677.04403376369,-0.0003729999999999,0.0121182143244725,0.0426,0.0
3677.144606826587,-0.0003729999999999,0.0121163896927385,0.0426,0.0
3677.2451617696715,-0.000373,0.0121155718844671,0.0426,0.0
3677.3457102754546,-0.0003729999999999,0.0121133292374667,0.0426,0.0
3677.4462842920257,-0.000373,0.0121118417126792,0.0426,0.0
3677.546852586551,-0.0003729999999999,0.0121098541156206,0.0426,0.0
3677.6477117517425,-0.0003729999999999,0.0121084454175521,0.0426,0.0
3677.7496864774657,-0.0003729999999999,0.0121067515775021,0.0426,0.0
3677.850214002414,-0.0003729999999999,0.0121048487688805,0.0426,0.0
3677.9407145955993,-0.0003729999999999,0.0121028984132247,0.0426,0.0
3678.0412907579375,-0.0003729999999999,0.0121009541797153,0.0426,0.0
3678.14186453609,-0.0003729999999999,0.0120996428879613,0.0426,0.0
3678.243633744998,-0.000373,0.0120981575670714,0.0426,0.0
3678.3449766614867,-0.0003729999999999,0.0120965601038011,0.0426,0.0
3678.4466736295653,-0.0003729999999999,0.012095122063637,0.0426,0.0
3678.547242639346,-0.0003729999999999,0.0120936459524006,0.0426,0.0
3678.647799728198,-0.000373,0.0120913060301998,0.0426,0.0
3678.748369453235,-0.0003729999999999,0.012089670649619,0.0426,0.0
3678.842513559146,-0.000373,0.0120880800260643,0.0426,0.0
3678.9430778005553,-0.0003729999999999,0.0120862648394507,0.0426,0.0
3679.0436348894073,-0.0003729999999999,0.0120849464140128,0.0426,0.0
3679.1451897600127,-0.000373,0.0120846297608802,0.0426,0.0
3679.24608826427,-0.000373,0.0120845616055671,0.0426,0.0
3679.346668002887,-0.0005774187768961,0.0117100861474669,0.0426,0.0
3679.4472327211333,-0.0015626696107968,0.0099835899063763,0.0426,0.0
3679.5477828958465,-0.0031194259943415,0.007464156935675,0.0426,0.0
3679.6483557203246,-0.0046405929234663,0.0049050285375594,0.0426,0.0
3679.7489116170836,-0.0061977332653656,0.0022852917118415,0.0426,0.0
3679.8495340326263,-0.0077910459948825,-0.0003952199494418,0.0426,0.0
3679.9413671472503,-0.0091776090116924,-0.0027278869353104,0.0426,0.0
3680.041945932193,-0.0106785070130356,-0.0053745939224949,0.0426,0.0
3680.14400052814,-0.0122676786128804,-0.0080261385071872,0.0426,0.0
3680.244564531131,-0.0138199501282073,-0.0105379823747747,0.0426,0.0
3680.345135686679,-0.0153100623765921,-0.0130449735915027,0.0426,0.0
3680.445903537555,-0.016352308955768,-0.0147983971121957,0.0426,0.0
3680.546477554126,-0.0164339999999999,-0.0149357920309312,0.0426,0.0
3680.647028205676,-0.0164348237420464,-0.0149539779509334,0.0426,0.0
3680.7475993612243,-0.016438351438372,-0.0151872844150305,0.0426,900.0
3680.848263738437,-0.0164161587645973,-0.0165632650936304,0.0426,900.0
3680.948834178729,-0.0162510175876744,-0.0180715599470217,0.0426,900.0
3681.049397466464,-0.0159601698047042,-0.0195446727039446,0.0426,900.0
3681.149963138385,-0.0155017306055161,-0.0210593630557568,0.0426,900.0
3681.2505238035155,-0.0149390455477264,-0.0224534248446332,0.0426,900.0
3681.3428785779906,-0.0143287841684451,-0.023652533718993,0.0426,900.0
3681.443439958377,-0.0135466525785983,-0.0249147640222307,0.0426,900.0
3681.5440182664825,-0.0126190290252883,-0.026139941349915,0.0426,900.0
3681.644578931613,-0.0115866748376451,-0.027281039702032,0.0426,900.0
3681.745168206973,-0.0105309277103209,-0.0282490420842579,0.0426,900.0
3681.845735547824,-0.0092892846812912,-0.0291866495556524,0.0426,900.0
3681.9463064649535,-0.0079784416428338,-0.0300117875601727,0.0426,900.0
3682.046889779849,-0.0067773693467596,-0.0306133444256022,0.0426,900.0
3682.147451398654,-0.0057385260635899,-0.0310353888899356,0.0426,900.0
3682.2480258920623,-0.0043551962041341,-0.0314656096041925,0.0426,900.0
3682.3485889413787,-0.0029139393850386,-0.031792949381849,0.0426,900.0
3682.449150798602,-0.001400540726713,-0.0319932366793076,0.0426,900.0
3682.54971194057,8.247341635861383e-05,-0.0320537635083319,0.0426,900.0
3682.6502878644897,0.0015780610393952,-0.0319741717881762,0.0426,900.0
3682.7407944181396,0.0029369618514684,-0.0317943180495485,0.0426,900.0
3682.8413593748046,0.0043776074822296,-0.0314647421066893,0.0426,900.0
3682.941925285144,0.0058621379453097,-0.0309818131114936,0.0426,900.0
3683.0426554658843,0.0072541463589854,-0.0303828995367425,0.0426,900.0
3683.143216131015,0.0085237751116929,-0.0296928294533204,0.0426,900.0
3683.2444219568206,0.0098209430538565,-0.0287993549044754,0.0426,900.0
3683.344957349582,0.0109575391326992,-0.0278742432662485,0.0426,900.0
3683.4455220678283,0.0120119942592781,-0.0268376374345343,0.0426,900.0
3683.5460977533294,0.0129953866791824,-0.0256697484661578,0.0426,900.0
3683.646723029895,0.0138591057342174,-0.0244421607002882,0.0426,900.0
3683.7472541311217,0.0146030552885609,-0.023154023872049,0.0426,900.0
3683.8478243329955,0.0152367893608296,-0.0217478652243827,0.0426,900.0
3683.9483842828704,0.0157510875225227,-0.0202978518826075,0.0426,900.0
3684.0489695051147,0.01610630451317,-0.0188819460279553,0.0426,900.0
3684.149821040912,0.0163346990965913,-0.0174425444882221,0.0426,900.0
3684.250388143344,0.0164192267330634,-0.0163648737011745,0.0426,900.0
3684.340890643878,0.0164259763608736,-0.0151093420850125,0.0426,900.0
3684.441427228732,0.0163659229604528,-0.0141348589311709,0.0426,900.0
3684.5419857480956,0.0161668878986192,-0.0127245225814371,0.0426,900.0
3684.642746446414,0.0158340946325752,-0.0112397575343974,0.0426,900.0
3684.7433042505218,0.0153573707892845,-0.0098084003024343,0.0426,900.0
3684.844326255603,0.0147479482065334,-0.008405579060764,0.0426,900.0
3684.945037362857,0.0140435952432191,-0.0071043133116432,0.0426,900.0
3685.045600650592,0.0132214313098625,-0.0058824739099949,0.0426,900.0
3685.1461617925597,0.012241771914788,-0.004677935574798,0.0426,900.0
3685.2466776349975,0.0111968329248525,-0.0035980458846089,0.0426,900.0
3685.347236631198,0.0100907508762632,-0.0026563600003808,0.0426,900.0
3685.4477996805144,0.0087790359534691,-0.0017302673704489,0.0426,900.0
3685.548361060901,0.0074701834480146,-0.0009796043224573,0.0426,900.0
3685.648919580264,0.0061630090553649,-0.0003922872429147,0.0426,900.0
3685.749443767352,0.004708443683582,0.000109538487525,0.0426,900.0
3685.850024221225,0.0032755043424058,0.0004723216624278,0.0426,900.0
3685.9444270112945,0.0018637264507622,0.0006894411294572,0.0426,900.0
3686.0449926832152,0.0003400580507244,0.0007883694000454,0.0426,900.0
3686.1455552556945,-0.0011709320337327,0.0007527387877784,0.0426,900.0
3686.246116636081,-0.002661788409269,0.0005838275784516,0.0426,900.0
3686.346754548831,-0.0041041977919249,0.000274481959022,0.0426,900.0
3686.4472618082,-0.0054858285595898,-0.0001374137518722,0.0426,900.0
3686.5478212812377,-0.0066866776339451,-0.0006048962239883,0.0426,900.0
3686.64838504581,-0.0077673329227692,-0.0011327495636916,0.0426,900.0
3686.748934743686,-0.0090770689465284,-0.0019242306291327,0.0426,900.0
3686.8494970777465,-0.0103228134379441,-0.0028452034211144,0.0426,900.0
3686.9500648954345,-0.0114414886371268,-0.0038295165144403,0.0426,900.0
3687.050634620471,-0.012447243904195,-0.0049110383489023,0.0426,900.0
3687.1411702611877,-0.013273225885078,-0.005958523705652,0.0426,900.0
3687.241686342044,-0.0141100849802655,-0.0072335803287012,0.0426,900.0
3687.3422465303374,-0.01484518260903,-0.0085937996062347,0.0426,900.0
3687.442803142352,-0.015418888102636,-0.0099694923649055,0.0426,900.0
3687.543368814273,-0.0158630868057031,-0.0113570004725584,0.0426,900.0
3687.6441781499816,-0.0161966873417729,-0.0128104126630234,0.0426,900.0
3687.744750736041,-0.0163881099167195,-0.014308317290974,0.0426,900.0
3687.845320222659,-0.0164311488324357,-0.0148968067971282,0.0426,900.0
3687.9458787420226,-0.0164339999999999,-0.0149357920309312,0.0426,900.0
3688.0464274862243,-0.0156154667986972,-0.0144426631184197,0.0426,900.0
3688.1469831445647,-0.0102299352980487,-0.011198160955472,0.0426,900.0
3688.2475404718352,-0.0037822434278598,-0.007313742720184,0.0426,900.0
3688.348107335849,-0.0007439405133073,-0.0054832898105247,0.0426,900.0
3688.448717115207,-0.0002849999999999,-0.0052067844351219,0.0426,900.0
3688.5493082979156,-0.0002392839198902,-0.005204725546817,0.0426,900.0
3688.6498455980254,0.0003495807468124,-0.0052369187402679,0.0426,900.0
3688.750396011157,0.001838799475858,-0.0053858396803534,0.0426,900.0
3688.8409016111327,0.0031165782803349,-0.0056833226607858,0.0426,900.0
3688.9413948038055,0.0045857126497798,-0.0062647776558356,0.0426,900.0
3689.041966197772,0.0058356428818486,-0.0070067981834204,0.0426,900.0
3689.1425297239257,0.0069958241350911,-0.0079271703130916,0.0426,900.0
3689.2430920579864,0.00802039313889,-0.0090024108291248,0.0426,900.0
3689.3436565378142,0.00888838598687,-0.0102415183111246,0.0426,900.0
3689.4441635587646,0.0095951526677084,-0.0116286745827757,0.0426,900.0
3689.544739005847,0.0100718288061645,-0.0130451432428585,0.0426,900.0
3689.6453044393493,0.0103293544346685,-0.0144905306354137,0.0426,900.0
3689.745866296573,0.0103916681379813,-0.0159947733188566,0.0426,900.0
3689.846448180957,0.0102384809940495,-0.0174786214701934,0.0426,900.0
3689.947019336505,0.0098635138976893,-0.0189413050994742,0.0426,900.0
3690.047589538379,0.0092714880599397,-0.0203777036782223,0.0426,900.0
3690.1481535413695,0.0085120242220012,-0.0216384523334893,0.0426,900.0
3690.2487180211974,0.007553260565487,-0.0228102122674973,0.0426,900.0
3690.3492748716308,0.0064596352907082,-0.0237878763845821,0.0426,900.0
3690.4498343446685,0.0051566984353408,-0.0246616178645021,0.0426,900.0
3690.5504214742614,0.0038502154824023,-0.0252946207072339,0.0426,900.0
3690.640930412097,0.0025734516810145,-0.0256978594026134,0.0426,900.0
3690.7416057565642,0.001075916472869,-0.0259654756354516,0.0426,900.0
3690.842361209674,-0.0004303474458226,-0.0260186498530942,0.0426,900.0
3690.9429247358275,-0.0019359529920917,-0.0258494118012772,0.0426,900.0
3691.043484447284,-0.0033957535706076,-0.0254635709685385,0.0426,900.0
3691.1440417745544,-0.0047935311055625,-0.0248798688092904,0.0426,900.0
3691.2447912671996,-0.0060330491953127,-0.024119890227864,0.0426,900.0
3691.3453502634,-0.0072493203038614,-0.023122901449374,0.0426,900.0
3691.4459190347625,-0.0082290977520649,-0.022002479016145,0.0426,900.0
3691.5464456060363,-0.0090463629796506,-0.0207707430441977,0.0426,900.0
3691.647011754794,-0.0096970151325202,-0.019372457780734,0.0426,900.0
3691.747575280948,-0.0101452236749156,-0.0179055957223654,0.0426,900.0
3691.8481545427276,-0.0103650071354993,-0.0164499175661705,0.0426,900.0
3691.948724267764,-0.010364641002624,-0.0149459082707564,0.0426,900.0
3692.049283740802,-0.0101644147534943,-0.0134434448313665,0.0426,900.0
3692.15002774982,-0.0097624229149828,-0.0120361235342286,0.0426,900.0
3692.250616309924,-0.0091427424559287,-0.0106710439856369,0.0426,900.0
3692.341279742999,-0.0084045942062445,-0.0094717060012674,0.0426,900.0
3692.4418518522216,-0.007466879497681,-0.0083498921357248,0.0426,900.0
3692.5425348260833,-0.0063439799018285,-0.0073658403724458,0.0426,900.0
3692.643102166934,-0.0050620132767641,-0.0065359430714156,0.0426,900.0
3692.743646142764,-0.0037050206692687,-0.0059073998633956,0.0426,900.0
3692.8442051389648,-0.0022521356307312,-0.005481276275359,0.0426,900.0
3692.944765327258,-0.0009060925865245,-0.0052663202718093,0.0426,900.0
3693.0453109720183,-0.0003008829832884,-0.005207706578465,0.0426,900.0
3693.1458809354735,-0.0002849999999999,-0.0052067844351219,0.0426,900.0
3693.2464635351134,0.0012160056965947,-0.0052654431891827,0.0426,900.0
3693.347043512149,0.0060139236990187,-0.0054529178136658,0.0426,900.0
3693.447596071048,0.0108422839894952,-0.0056415235152303,0.0426,900.0
3693.5481863000823,0.0108499999999999,-0.0056417814560843,0.0426,900.0
3693.6487295606566,0.0107992669175408,-0.0055900953618368,0.0426,900.0
3693.7493166902495,0.0098441951260245,-0.0046723617457278,0.0426,900.0
3693.849905250354,0.0086844436836917,-0.0037365077133351,0.0426,900.0
3693.9403972604705,0.0075830078937948,-0.0030099325951621,0.0426,900.0
3694.04114103107,0.0062339906529639,-0.0022942750485339,0.0426,900.0
3694.1417613008452,0.004813403601343,-0.0017168638025644,0.0426,900.0
3694.242338893695,0.0034012564616179,-0.001301971442826,0.0426,900.0
3694.3500239828063,0.0018275195280515,-0.0010183002826588,0.0426,900.0
3694.4405105092956,0.0004509303489457,-0.0009050118011632,0.0426,900.0
3694.54105710773,-0.0010190130994459,-0.0009265179045114,0.0426,900.0
3694.6429400423003,-0.0025430354501891,-0.0011122316982947,0.0426,900.0
3694.7435202577544,-0.0040212030217367,-0.0014499441340382,0.0426,900.0
3694.844095704837,-0.005394302970145,-0.0019597543994584,0.0426,900.0
3694.9446659067107,-0.0068278766700961,-0.0025836845208052,0.0426,900.0
3695.0452373006774,-0.0081056958437942,-0.0033378312448117,0.0426,900.0
3695.1458122709228,-0.009314380539024,-0.004230101822368,0.0426,900.0
3695.2463676908446,-0.0104384471555521,-0.0052470966225645,0.0426,900.0
3695.34690403728,-0.0114251109611459,-0.0063490702658927,0.0426,900.0
3695.4474847295714,-0.0122184359684698,-0.0073912065102509,0.0426,900.0
3695.548057315631,-0.0128201251322416,-0.008381394733296,0.0426,900.0
3695.648630855365,-0.0134483040005173,-0.0096346745354729,0.0426,900.0
3695.7492330053283,-0.0139957820435832,-0.0110079589649862,0.0426,900.0
3695.842240093036,-0.0143676160632553,-0.0123383702911978,0.0426,900.0
3695.942799804492,-0.0146223586838521,-0.0137828005790585,0.0426,900.0
3696.0446248033477,-0.0147287963657099,-0.0153061664842898,0.0426,900.0
3696.145190713687,-0.0146805214516441,-0.0168551249298643,0.0426,900.0
3696.2457509019805,-0.0144748787702314,-0.018316462986533,0.0426,900.0
3696.346320627017,-0.0141176070708634,-0.019801927298046,0.0426,900.0
3696.446873662753,-0.0136135249724518,-0.0212339027329393,0.0426,900.0
3696.547382114215,-0.0130177907671739,-0.0225034532897511,0.0426,900.0
3696.6479580381347,-0.0124070669229696,-0.0235769476018962,0.0426,900.0
3696.7485096433593,-0.0117204590532349,-0.0245486792059222,0.0426,900.0
3696.84907364635,-0.01074412556655,-0.0256988629933963,0.0426,900.0
3696.9496242979003,-0.0096528482918964,-0.0267606985494898,0.0426,900.0
3697.0401296594573,-0.0086027928905917,-0.0275922675251704,0.0426,900.0
3697.140697000308,-0.0073243485837938,-0.0284152490528948,0.0426,900.0
3697.2412629106475,-0.0060175628635312,-0.0290717421122156,0.0426,900.0
3697.3447287061645,-0.0045305477991504,-0.0296407571112984,0.0426,900.0
3697.445928333087,-0.0030680144835308,-0.0300250503923453,0.0426,900.0
3697.5464556196166,-0.0016197031716603,-0.0302615027566606,0.0426,900.0
3697.6470267751647,-0.0001094738456137,-0.0303478835011269,0.0426,900.0
3697.747532127185,0.0013957469872656,-0.0302855558150826,0.0426,900.0
3697.84809875278,0.0028543613545334,-0.0300723988071121,0.0426,900.0
3697.948620794101,0.0043371713002999,-0.0297008293151283,0.0426,900.0
3698.0491921880675,0.0057666943137785,-0.0291899329445242,0.0426,900.0
3698.149868963046,0.0070984048618513,-0.0285380406901806,0.0426,900.0
3698.2403995969726,0.0082861786644504,-0.0278191498882951,0.0426,900.0
3698.3409740903808,0.0094891598893369,-0.0268914641587682,0.0426,900.0
3698.4414951780273,0.0105811302131518,-0.0258727923073622,0.0426,900.0
3698.542681691928,0.0113663040521029,-0.025013709621593,0.0426,900.0
3698.6432707288695,0.0120895867989927,-0.0240433267765278,0.0426,900.0
3698.7438459375335,0.0128517594163544,-0.02280122218457,0.0426,900.0
3698.8450822809173,0.0135345061235757,-0.0214266542096324,0.0426,900.0
3698.945651290698,0.0140504096686609,-0.0200210338181377,0.0426,900.0
3699.0491394975616,0.0144391786487606,-0.018513409403345,0.0426,900.0
3699.149724719806,0.0146608888243628,-0.0170273404836731,0.0426,900.0
3699.240220306201,0.0147403188630286,-0.0157250885704839,0.0426,900.0
3699.3407747724486,0.0146649570434449,-0.0141786102869534,0.0426,900.0
3699.4413392522765,0.0144437012017493,-0.0126976871236565,0.0426,900.0
3699.541892049594,0.0140558628657435,-0.0112310112035471,0.0426,900.0
3699.6424560525847,0.0135389598923085,-0.0098375596082752,0.0426,900.0
3699.7430303075744,0.0128537294774852,-0.0084536945365479,0.0426,900.0
3699.843796012683,0.012059680952584,-0.0071816462104184,0.0426,900.0
3699.9442939737273,0.0112721581267623,-0.0061426627537416,0.0426,900.0
3700.044862506671,0.0108499999999999,-0.0056418384324385,0.0426,900.0
3700.1454215028716,0.0108499999999999,-0.0056417814560843,0.0426,900.0
3700.245981691165,0.0093649048630988,-0.0053595369557541,0.0426,900.0
3700.346542117877,0.0042626887639629,-0.0043898588279854,0.0426,900.0
3700.44709062366,-0.0003720278558031,-0.0035090455947084,0.0426,900.0
3700.540730712695,-0.0003729774777455,-0.0035087922664105,0.0426,900.0
3700.64128565578,-0.0003729999999999,-0.0035087862582043,0.0426,900.0
3700.7418656328155,0.0002281607914491,-0.0035102691682856,0.0426,900.0
3700.8424413183166,0.0015227609510856,-0.0036223713698678,0.0426,900.0
3700.9430034139586,0.0029707437539706,-0.0039028744465356,0.0426,900.0
3701.043561933322,0.004417408715323,-0.0043652539770537,0.0426,900.0
3701.1441340425445,0.0058028110037376,-0.0050030737054813,0.0426,900.0
3701.244703767581,0.0070760663385038,-0.0058120276560602,0.0426,900.0
3701.3452663400603,0.0082425486769486,-0.0067743864623083,0.0426,900.0
3701.4458293893767,0.0092772271792843,-0.0078572652872551,0.0426,900.0
3701.546385286136,0.0101875167885902,-0.0090690838129619,0.0426,900.0
3701.646911142154,0.0109058464538463,-0.0103247217827123,0.0426,900.0
3701.7474787214232,0.0115019842764121,-0.0117774072773127,0.0426,900.0
3701.84805846004,0.0118598349968334,-0.0131844108121676,0.0426,900.0
3701.948641774936,0.0120670600765667,-0.0146660871816957,0.0426,900.0
3702.0415327527953,0.0120894920119599,-0.0160908062844431,0.0426,900.0
3702.1421015241576,0.011950005746243,-0.0175688848199657,0.0426,900.0
3702.242662904544,0.0116180058911954,-0.0190218523783892,0.0426,900.0
3702.343248365207,0.0110876267761237,-0.0204628268623261,0.0426,900.0
3702.4444203355743,0.010399545763941,-0.0218219235638446,0.0426,900.0
3702.5449891069366,0.0095665384115732,-0.0230350090748103,0.0426,900.0
3702.645548103137,0.0085604569555917,-0.0241916554261558,0.0426,900.0
3702.7461028078033,0.0074458135921911,-0.0251962362585414,0.0426,900.0
3702.8466637113524,0.0062088486064914,-0.0260459367993396,0.0426,900.0
3702.9472269990874,0.0048696165936177,-0.0267268250453532,0.0426,900.0
3703.0477716901732,0.003487531700531,-0.0272294953721882,0.0426,900.0
3703.1483547666503,0.0019667728370896,-0.0275719655057026,0.0426,900.0
3703.248928306384,0.0004804026770943,-0.0277321646695974,0.0426,900.0
3703.3494901636077,-0.0010189729250908,-0.0276891846467085,0.0426,900.0
3703.4500644185973,-0.0025143238619153,-0.0274607196350323,0.0426,900.0
3703.5405740716888,-0.0038041729492877,-0.0271155870485157,0.0426,900.0
3703.641159293933,-0.0051753771773714,-0.0265679559396146,0.0426,900.0
3703.7430360296203,-0.0065428998826888,-0.0258223675217246,0.0426,900.0
3703.8435947874023,-0.0077477429125005,-0.0249429552873861,0.0426,900.0
3703.944163797183,-0.0088526121220968,-0.0239041095940273,0.0426,900.0
3704.0447330453826,-0.0097898039663068,-0.0227669456963575,0.0426,900.0
3704.145306823535,-0.0106308962650318,-0.0214350342473196,0.0426,900.0
3704.245879648013,-0.0112482229914142,-0.0201267644777799,0.0426,900.0
3704.346458432956,-0.0117219154421623,-0.018670751319759,0.0426,900.0
3704.4480595567657,-0.0120052401415044,-0.0171985535523845,0.0426,900.0
3704.5493543127013,-0.0120963659363443,-0.0156690997115432,0.0426,900.0
3704.649936912341,-0.0120060095806274,-0.0141726220426521,0.0426,900.0
3704.7405095079375,-0.0117826230319301,-0.0128581046650771,0.0426,900.0
3704.841032264514,-0.0113430981325485,-0.0113970417457862,0.0426,900.0
3704.9416336992217,-0.0107224604562048,-0.0099972333222192,0.0426,900.0
3705.042396304889,-0.0099642202416325,-0.0087366483717345,0.0426,900.0
3705.142957685275,-0.0089943464414869,-0.0075072285655919,0.0426,900.0
3705.2446932771636,-0.0079333353175188,-0.0064670631648361,0.0426,900.0
3705.3452668168975,-0.0067537005206373,-0.0055668265105342,0.0426,900.0
3705.4458370187713,-0.0054147051752284,-0.0047950094277132,0.0426,900.0
3705.546406743808,-0.0040198113800949,-0.0042080794369274,0.0426,900.0
3705.646969316287,-0.0026340396849002,-0.003817613634057,0.0426,900.0
3705.7475430944396,-0.0011919907611065,-0.0035929216916962,0.0426,900.0
3705.84809708385,-0.000415121997589,-0.003511236629008,0.0426,900.0
3705.9486255624724,-0.0003729999999999,-0.0035087862582043,0.0426,900.0
3706.0491819360686,-0.000373,-0.0035086097882065,0.0426,0.0
3706.1405727842284,-0.000373,-0.0035079467276448,0.0426,0.0
3706.241099593921,-0.000373,-0.0035065200499633,0.0426,0.0
3706.3416709878875,-0.0003729999999999,-0.0035056074265099,0.0426,0.0
3706.4422347524596,-0.0003729999999999,-0.0035046597351608,0.0426,0.0
3706.5428144910766,-0.0003729999999999,-0.0035032046383765,0.0426,0.0
3706.6433835008575,-0.0003729999999999,-0.0035022200232241,0.0426,0.0
3706.7461543062163,-0.0003729999999999,-0.0035012273702474,0.0426,0.0
3706.846725223346,-0.0003729999999999,-0.0034999577978505,0.0426,0.0
3706.94730210094,-0.0003729999999999,-0.0034986820307733,0.0426,0.0
3707.0479409673644,-0.000373,-0.0034976922210023,0.0426,0.0
3707.148509023471,-0.000373,-0.003496711876299,0.0426,0.0
3707.249083516879,-0.000373,-0.0034954842510358,0.0426,0.0
3707.3496510961486,-0.0003729999999999,-0.0034941529040076,0.0426,0.0
3707.4401640871,-0.0003729999999999,-0.0034930232372294,0.0426,0.0
3707.5417180040313,-0.000373,-0.0034920800517606,0.0426,0.0
3707.642301795764,-0.0003729999999999,-0.0034907326746119,0.0426,0.0
3707.742879150195,-0.0003729999999999,-0.0034896169900869,0.0426,0.0
3707.843449352069,-0.0003729999999999,-0.0034885210598365,0.0426,0.0
3707.944024083896,-0.0003729999999999,-0.0034875224580775,0.0426,0.0
3708.044591186328,-0.0003729999999999,-0.0034862897240097,0.0426,0.0
3708.145154474063,-0.000373,-0.0034851806843965,0.0426,0.0
3708.245809552951,-0.0003729999999999,-0.0034841650207983,0.0426,0.0
3708.3463215806914,-0.0003729999999999,-0.0034829591197962,0.0426,0.0
3708.4486749151183,-0.0003729999999999,-0.0034818354143341,0.0426,0.0
3708.5492506006194,-0.0003729999999999,-0.0034808150610436,0.0426,0.0
3708.649819133563,-0.000373,-0.0034793657651308,0.0426,0.0
3708.740334747119,-0.000373,-0.0034783466945671,0.0426,0.0
3708.840891835971,-0.0003729999999999,-0.0034772355751656,0.0426,0.0
3708.9414615610076,-0.000373,-0.0034761090088743,0.0426,0.0
3709.0420284250213,-0.000373,-0.0034750013752601,0.0426,0.0
3709.143192289157,-0.000373,-0.0034738542389981,0.0426,0.0
3709.244110820575,-0.0003729999999999,-0.0034733863563915,0.0426,0.0
