6490.699156045914,0.016889,0.00017117768478110834,0.01562,687.4
6490.799088716507,0.01684540000000001,0.001332249797097871,0.01562,687.4
6490.8991458415985,0.016641500000000004,0.0029987696019223645,0.01562,687.4
6490.999137401581,0.016277299999999995,0.004637673533720493,0.01562,687.4
6491.099153280258,0.01580089999999998,0.006122224003701392,0.01562,687.4
6491.199185848236,0.0150734,0.007767190082710474,0.01562,687.4
6491.299129486084,0.014369999999999994,0.009022620287715118,0.01562,687.4
6491.39906334877,0.013423300000000013,0.010409104213124187,0.01562,687.4
6491.499155759811,0.012340599999999993,0.011692150291155147,0.01562,687.4
6491.599142074585,0.011132000000000003,0.012857517743916753,0.01562,687.4
6491.699124574661,0.011132000000000003,0.012857517743916753,0.01562,687.4
6491.799179315567,0.009915000000000007,0.013831892339566988,0.01562,687.4
6491.899096727371,0.008406500000000025,0.014811309352489303,0.01562,687.4
6491.9991183280945,0.007018200000000002,0.015520496526345077,0.01562,687.4
6492.099063396454,0.005572900000000006,0.016104887756527624,0.01562,687.4
6492.199157238007,0.0039647999999999906,0.01658762259618341,0.01562,687.4
6492.299188375473,0.0023133000000000042,0.016890860402251434,0.01562,687.4
6492.399110555649,0.0007609000000000088,0.01703285849887257,0.01562,687.4
6492.499148130417,-0.0009182999999999969,0.017034290279020828,0.01562,687.4
6492.5991497039795,-0.0025873000000000007,0.016850672743339894,0.01562,687.4
6492.699156761169,-0.004231499999999985,0.016511367780453513,0.01562,687.4
6492.799046278,-0.005723199999999984,0.01605773682639506,0.01562,687.4
6492.899108886719,-0.005723199999999984,0.01605773682639506,0.01562,687.4
6492.999146223068,-0.007377599999999984,0.015351804471876437,0.01562,687.4
6493.099097490311,-0.008746900000000002,0.014606647955962483,0.01562,687.4
6493.1990349292755,-0.010142599999999988,0.013673124931376027,0.01562,687.4
6493.299049139023,-0.011340399999999987,0.012675136358863762,0.01562,687.4
6493.399152517319,-0.012443800000000019,0.011573745380227228,0.01562,687.4
6493.499075651169,-0.013518499999999989,0.010283875428072912,0.01562,687.4
6493.5991468429565,-0.014456299999999991,0.00889132935545283,0.01562,687.4
6493.699102401733,-0.01519509999999999,0.0075184369458678076,0.01562,687.4
6493.799118757248,-0.015895099999999995,0.005861429737111734,0.01562,687.4
6493.899099826813,-0.01635439999999999,0.004371564196747214,0.01562,687.4
6493.999151945114,-0.01635439999999999,0.004371564196747214,0.01562,687.4
6494.099074602127,-0.016683299999999998,0.002725089313998428,0.01562,687.4
6494.1990649700165,-0.016850099999999993,0.0011751097985754563,0.01562,687.4
6494.299051761627,-0.016874399999999998,-0.0005037653714451903,0.01562,687.4
6494.399057388306,-0.016731999999999997,-0.002056392026475652,0.01562,687.4
6494.499062299728,-0.0164271,-0.0037073786703582454,0.01562,687.4
6494.599120378494,-0.016005799999999987,-0.005208482031219895,0.01562,687.4
6494.699166536331,-0.0153885,-0.006769797181900128,0.01562,687.4
6494.7991335392,-0.014560199999999981,-0.008366592600837733,0.01562,687.4
6494.899109363556,-0.013716900000000004,-0.009678057861144895,0.01562,687.4
6494.999165534973,-0.012747099999999997,-0.010898929713070875,0.01562,687.4
6495.099180936813,-0.011580599999999996,-0.012106405678692998,0.01562,687.4
6495.199398994446,-0.011580599999999996,-0.012106405678692998,0.01562,687.4
6495.299065113068,-0.010308099999999987,-0.01320165748652715,0.01562,687.4
6495.399120092392,-0.008927400000000002,-0.014156832051689106,0.01562,687.4
6495.499081134796,-0.007458199999999998,-0.01496935925816286,0.01562,687.4
6495.599349975586,-0.006031099999999998,-0.015596976545905007,0.01562,687.4
6495.699217557907,-0.004552100000000003,-0.016090460132257137,0.01562,687.4
6495.799204111099,-0.002912899999999996,-0.016454007542903853,0.01562,687.4
6495.8991668224335,-0.0012469999999999981,-0.016662670835595035,0.01562,687.4
6495.9991018772125,0.00043130000000000945,-0.016708781244619893,0.01562,687.4
6496.099068641663,0.0019860000000000017,-0.016591102619350546,0.01562,687.4
6496.199095964432,0.003641400000000003,-0.016311695210833546,0.01562,687.4
6496.2990510463715,0.005263000000000004,-0.01587618832490178,0.01562,687.4
6496.399199008942,0.005263000000000004,-0.01587618832490178,0.01562,687.4
6496.499284505844,0.006717500000000001,-0.015312270642431569,0.01562,687.4
6496.599223613739,0.008327100000000004,-0.014511572360757202,0.01562,687.4
6496.699149608612,0.009651400000000004,-0.013688177801658256,0.01562,687.4
6496.799196958542,0.010883799999999999,-0.012733003236496218,0.01562,687.4
6496.899324893951,0.012108899999999992,-0.01158501277503414,0.01562,687.4
6496.999134063721,0.013145999999999991,-0.01042097928766069,0.01562,687.4
6497.099086761475,0.014196399999999998,-0.008961083315649473,0.01562,687.4
6497.199131965637,0.014976199999999981,-0.007611176412028145,0.01562,687.4
6497.299179792404,0.01563279999999999,-0.006197174428352874,0.01562,687.4
6497.399160861969,0.016192800000000007,-0.004614501181377614,0.01562,687.4
6497.499171733856,0.016192800000000007,-0.004614501181377614,0.01562,687.4
6497.5991468429565,0.016580800000000007,-0.002980891528794445,0.01562,687.4
6497.699190616608,0.0168156,-0.001318450643725752,0.01562,687.4
6497.799134492874,0.016886500000000013,0.00010472890940003976,0.01562,687.4
6497.899167776108,0.016889,0.00017117768478110834,0.01562,687.4
6497.999220132828,0.016881099999999982,0.00016986451056168195,0.01562,0.0
6498.099234580994,0.011095599999999983,-0.0007842903246613048,0.01562,0.0
6498.599239826202,-0.009032999999999985,-0.004103836233246311,0.01562,0.0
6498.700195550919,-0.009032999999999985,-0.004103836233246311,0.01562,687.4
6498.799174785614,-0.009387199999999984,-0.0032493545610948263,0.01562,687.4
6498.899290561676,-0.009818900000000005,-0.0016288473505350828,0.01562,687.4
6498.99910402298,-0.009982999999999992,-7.97897502909442e-05,0.01562,687.4
6499.0991089344025,-0.009883000000000003,0.001593791140514722,0.01562,687.4
6499.199152708054,-0.009506899999999985,0.0032284975466281805,0.01562,687.4
6499.299089431763,-0.008859600000000023,0.004775417872234337,0.01562,687.4
6499.399130582809,-0.008034,0.006096451961032569,0.01562,687.4
6499.499272584915,-0.0069327,0.007361003503064963,0.01562,687.4
6499.599343299866,-0.0056282,0.008415439181089206,0.01562,687.4
6499.699239730835,-0.004171799999999989,0.0092469145561083,0.01562,687.4
6499.799124002457,-0.0027076000000000044,0.009778623365085462,0.01562,687.4
6499.89913725853,-0.0027076000000000044,0.009778623365085462,0.01562,687.4
6499.9992208480835,-0.0010628999999999916,0.010108534337832362,0.01562,687.4
6500.099190950394,0.0004945999999999978,0.01014044555130348,0.01562,687.4
6500.199044942856,0.0021588000000000024,0.009929016513075914,0.01562,687.4
6500.299041986465,0.0037568000000000046,0.009418882221082787,0.01562,687.4
6500.399165868759,0.005257799999999993,0.00866948659714678,0.01562,687.4
6500.499223709106,0.006508500000000014,0.007740475333694222,0.01562,687.4
6500.599161148071,0.007687700000000006,0.006547219354794544,0.01562,687.4
6500.699174642563,0.008700299999999994,0.005063492985232322,0.01562,687.4
6500.79908657074,0.009315699999999996,0.0037638940163205667,0.01562,687.4
6500.899066448212,0.009787600000000007,0.002154938861707128,0.01562,687.4
6500.999096632004,0.009787600000000007,0.002154938861707128,0.01562,687.4
6501.0990579128265,0.009972399999999992,0.0006082349567900006,0.01562,687.4
6501.1991930007935,0.009914099999999981,-0.0010676996293426666,0.01562,687.4
6501.299064874649,0.009558300000000006,-0.0027071134261103316,0.01562,687.4
6501.399215936661,0.00900479999999998,-0.004163440343335191,0.01562,687.4
6501.49923658371,0.008141600000000013,-0.0056019782190512984,0.01562,687.4
6501.59924697876,0.007069900000000004,-0.006892672271624316,0.01562,687.4
6501.699176073074,0.0058782,-0.00789619233520937,0.01562,687.4
6501.799115419388,0.004448699999999986,-0.008774406590151669,0.01562,687.4
6501.899369955063,0.002886599999999989,-0.009384723910185848,0.01562,687.4
6501.999171257019,0.0012473999999999957,-0.009741524470300557,0.01562,687.4
6502.099271059036,0.0012473999999999957,-0.009741524470300557,0.01562,687.4
6502.199170351028,-0.0004283999999999816,-0.009801834074879237,0.01562,687.4
6502.299090147018,-0.0019752000000000103,-0.00961792309491779,0.01562,687.4
6502.399142026901,-0.0035846999999999962,-0.009147955670667528,0.01562,687.4
6502.499099493027,-0.004989799999999989,-0.008475366309768348,0.01562,687.4
6502.5991497039795,-0.006459099999999995,-0.0074423865427993285,0.01562,687.4
6502.699048280716,-0.007563500000000001,-0.006343782100867945,0.01562,687.4
6502.7991354465485,-0.008493899999999985,-0.005094176831216574,0.01562,687.4
6502.8991639614105,-0.009032999999999985,-0.004103836233246311,0.01562,687.4
6502.999226331711,-0.009032999999999985,-0.004103836233246311,0.01562,687.4
6503.09921169281,-0.0086556,-0.004037268851936393,0.01562,0.0
6503.19918513298,-0.000805100000000003,-0.0026516860505373455,0.01562,0.0
6503.59920167923,0.015187999999999993,0.00017117768478110834,0.01562,0.0
6503.699189424515,0.015187999999999993,0.00017117768478110834,0.01562,687.4
6503.799148082733,0.015182500000000002,0.00031390206706070206,0.01562,687.4
6503.899093389511,0.015088900000000002,0.0018091804925691388,0.01562,687.4
6503.999105930328,0.014824000000000004,0.0034669910105751683,0.01562,687.4
6504.099164009094,0.014401200000000003,0.004967605297636096,0.01562,687.4
6504.199110507965,0.01378639999999999,0.006529842363495034,0.01562,687.4
6504.299125671387,0.012933399999999998,0.008112948451848352,0.01562,687.4
6504.399167060852,0.012125599999999986,0.009303850735420945,0.01562,687.4
6504.4991574287415,0.012125599999999986,0.009303850735420945,0.01562,687.4
6504.59903717041,0.011043500000000012,0.010586994628212068,0.01562,687.4
6504.699136018753,0.009825399999999998,0.011742241805175621,0.01562,687.4
6504.799180269241,0.008487999999999996,0.012756706244977316,0.01562,687.4
6504.899097442627,0.00715159999999998,0.013559350387510868,0.01562,687.4
6504.999154090881,0.005631899999999995,0.014272539457530986,0.01562,687.4
6505.099187850952,0.004038900000000012,0.014802718671599765,0.01562,687.4
6505.199142217636,0.0025188000000000016,0.015149182535227426,0.01562,687.4
6505.299117088318,0.0008491999999999944,0.015325955405616258,0.01562,687.4
6505.399157524109,-0.0007098000000000104,0.015337507461562504,0.01562,687.4
6505.599072217941,-0.003904700000000011,0.014840866870633448,0.01562,687.4
6505.699121952057,-0.003904700000000011,0.014840866870633448,0.01562,687.4
6505.799202203751,-0.005500499999999978,0.014320375090984556,0.01562,687.4
6505.899186372757,-0.007028999999999994,0.01362579916289191,0.01562,687.4
6505.9990670681,-0.00847139999999999,0.012767552806433845,0.01562,687.4
6506.0990624427795,-0.00971799999999999,0.011831480457000082,0.01562,687.4
6506.199081420898,-0.010948799999999995,0.010689943401789498,0.01562,687.4
6506.299057006836,-0.012114,0.009319600317051868,0.01562,687.4
6506.399136543274,-0.012990500000000002,0.008030533674147383,0.01562,687.4
6506.499191522598,-0.013723599999999989,0.006654561283576867,0.01562,687.4
6506.599089860916,-0.014322199999999993,0.005215101492682023,0.01562,687.4
6506.69908285141,-0.014812100000000009,0.0034845844225636427,0.01562,687.4
6506.799143075943,-0.015080900000000008,0.0019489434997921364,0.01562,687.4
6506.899160146713,-0.015080900000000008,0.0019489434997921364,0.01562,687.4
6506.9992780685425,-0.015177999999999997,0.00027310672841956984,0.01562,687.4
6507.099170684814,-0.015104000000000006,-0.0014042388466926764,0.01562,687.4
6507.199144601822,-0.01488360000000001,-0.002826419461048217,0.01562,687.4
6507.29909825325,-0.014459899999999998,-0.004451026382532537,0.01562,687.4
6507.39914894104,-0.01386279999999998,-0.00601979387823446,0.01562,687.4
6507.499091625214,-0.01309109999999998,-0.007510776963298098,0.01562,687.4
6507.599143505096,-0.012240799999999996,-0.00881743701819105,0.01562,687.4
6507.699076414108,-0.011167999999999997,-0.010108857356422592,0.01562,687.4
6507.799242734909,-0.009969600000000009,-0.011284540714502432,0.01562,687.4
6507.899107217789,-0.008638599999999996,-0.012307910070642858,0.01562,687.4
6507.999160528183,-0.00731720000000001,-0.01313528573473749,0.01562,687.4
6508.0990834236145,-0.00731720000000001,-0.01313528573473749,0.01562,687.4
6508.199265241623,-0.005689399999999997,-0.013900312334375574,0.01562,687.4
6508.299154281616,-0.0042185,-0.01441721426806939,0.01562,687.4
6508.399048089981,-0.0025806999999999913,-0.014785762513650637,0.01562,687.4
6508.499055147171,-0.0010331999999999841,-0.014974988563995748,0.01562,687.4
6508.599197387695,0.0006451999999999986,-0.014994817065382436,0.01562,687.4
6508.699072360992,0.0023163000000000072,-0.014833500332344117,0.01562,687.4
6508.799137592316,0.0039579,-0.014483446622761374,0.01562,687.4
6508.899172067642,0.005440100000000003,-0.014000495362416605,0.01562,687.4
6508.9991891384125,0.006971499999999992,-0.01331327396458553,0.01562,687.4
6509.099055290222,0.006971499999999992,-0.01331327396458553,0.01562,687.4
6509.199047803879,0.008417899999999992,-0.012460754728720519,0.01562,687.4
6509.299080133438,0.009671900000000011,-0.011534530001973041,0.01562,687.4
6509.399079799652,0.010815999999999992,-0.01047546395688611,0.01562,687.4
6509.499198675156,0.011933,-0.00922209400292811,0.01562,687.4
6509.599173069,0.0129523,-0.007740092857794624,0.01562,687.4
6509.699105978012,0.013704300000000003,-0.0063742407430220915,0.01562,687.4
6509.79905796051,0.014294500000000002,-0.004931211897340908,0.01562,687.4
6509.899041891098,0.01477539999999998,-0.0033226480017680173,0.01562,687.4
6509.999051570892,0.015066300000000005,-0.0016695448744161248,0.01562,687.4
6510.099112033844,0.015176899999999993,-0.00012150700411090593,0.01562,687.4
6510.1991193294525,0.015187999999999993,0.00017117768478110834,0.01562,687.4
6510.299056768417,0.015187999999999993,0.00017117768478110834,0.01562,687.4
6510.399069786072,0.015187999999999993,0.00017117768478110834,0.01562,0.0
6510.499073982239,0.011246100000000009,-0.0005878075588146917,0.01562,0.0
6510.899188280106,-0.010588,-0.004791783916735827,0.01562,0.0
6510.9991817474365,-0.010588,-0.004791783916735827,0.01562,687.4
6511.099165201187,-0.010758500000000004,-0.0043807921316761506,0.01562,687.4
6511.1991856098175,-0.01130239999999999,-0.0027937049383272017,0.01562,687.4
6511.299045801163,-0.01162249999999998,-0.001146308140399628,0.01562,687.4
6511.399060964584,-0.011686600000000005,0.00041092809052478,0.01562,687.4
6511.499140739441,-0.011686600000000005,0.00041092809052478,0.01562,687.4
6511.599169015884,-0.011524299999999987,0.0020807027146863798,0.01562,687.4
6511.699155807495,-0.011169799999999994,0.0035975556571789316,0.01562,687.4
6511.799223661423,-0.010573100000000002,0.005166050499769127,0.01562,687.4
6511.899264335632,-0.009673399999999999,0.00672244183910619,0.01562,687.4
6511.999145030975,-0.008714200000000005,0.007949767097283778,0.01562,687.4
6512.099155902863,-0.0076032999999999795,0.009042134553652582,0.01562,687.4
6512.199073553085,-0.006158499999999997,0.010111809948338234,0.01562,687.4
6512.299474477768,-0.004778199999999996,0.010835845579814832,0.01562,687.4
6512.399083614349,-0.003200300000000003,0.011405779611417081,0.01562,687.4
6512.499062776566,-0.0017958999999999892,0.011714744538078171,0.01562,687.4
6512.59926199913,-0.00012469999999999148,0.011864215770889829,0.01562,687.4
6512.699132204056,-0.00012469999999999148,0.011864215770889829,0.01562,687.4
6512.799182891846,0.001549700000000001,0.011756657421418428,0.01562,687.4
6512.899148464203,0.0031908999999999965,0.011408447542193285,0.01562,687.4
6512.999188423157,0.004769200000000015,0.010839512449361252,0.01562,687.4
6513.099144935608,0.0061502999999999836,0.010117027203961796,0.01562,687.4
6513.199211359024,0.007506599999999988,0.009128530436349171,0.01562,687.4
6513.299093008041,0.00878760000000002,0.007867470925511648,0.01562,687.4
6513.399143695831,0.009667699999999987,0.006730327025506015,0.01562,687.4
6513.49915099144,0.010517700000000005,0.0052832962836604665,0.01562,687.4
6513.599131822586,0.011166999999999982,0.0036067540177981694,0.01562,687.4
6513.699090480804,0.011502499999999999,0.0022085016157537204,0.01562,687.4
6513.799148082733,0.0116792,0.0005403544012607328,0.01562,687.4
6513.899177312851,0.0116792,0.0005403544012607328,0.01562,687.4
6513.999169588089,0.011623899999999993,-0.0011367955443312705,0.01562,687.4
6514.099226951599,0.01133809999999999,-0.00266908383300557,0.01562,687.4
6514.199175834656,0.010807999999999998,-0.004261074046528916,0.01562,687.4
6514.29909491539,0.010065599999999994,-0.005765648647416681,0.01562,687.4
6514.399163246155,0.009192199999999998,-0.007056656935438867,0.01562,687.4
6514.499209880829,0.00805779999999999,-0.008293278368995745,0.01562,687.4
6514.59943318367,0.006759000000000001,-0.009355089368450357,0.01562,687.4
6514.699147224426,0.0053278000000000075,-0.01023092913689689,0.01562,687.4
6514.799152374268,0.0038992999999999944,-0.01085434889895441,0.01562,687.4
6514.899116754532,0.0022786999999999946,-0.011290267835095492,0.01562,687.4
6514.999158382416,0.0022786999999999946,-0.011290267835095492,0.01562,687.4
6515.099105119705,0.0006136000000000058,-0.011494440157821646,0.01562,687.4
6515.199213504791,-0.0009438999999999975,-0.011475827015894176,0.01562,687.4
6515.299261569977,-0.002604300000000004,-0.01123240974060407,0.01562,687.4
6515.3991487026215,-0.0040950999999999765,-0.010776641511907527,0.01562,687.4
6515.499057769775,-0.005617399999999995,-0.010070925578077927,0.01562,687.4
6515.599142789841,-0.007028999999999994,-0.009163998696578864,0.01562,687.4
6515.699168205261,-0.008299299999999996,-0.008067433714525403,0.01562,687.4
6515.799184322357,-0.009315400000000001,-0.006885709000403244,0.01562,687.4
6515.899206161499,-0.010225600000000001,-0.005476120963101648,0.01562,687.4
6515.999178171158,-0.010588,-0.004791783916735827,0.01562,687.4
6516.099165916443,-0.010588,-0.004791783916735827,0.01562,687.4
6516.199550628662,-0.010588,-0.004791783916735827,0.01562,687.4
6516.299398183823,-0.009027899999999991,-0.0044702472041895785,0.01562,0.0
6516.399147510529,-0.0011851999999999974,-0.0028534068631762624,0.01562,0.0
6516.6991403102875,0.013486999999999985,0.00017117768478110834,0.01562,0.0
6516.799156665802,0.013486999999999985,0.00017117768478110487,0.01562,687.4
6516.899165868759,0.01347429999999998,0.0004958714019043589,0.01562,687.4
6516.999049663544,0.013338299999999997,0.002166274496964351,0.01562,687.4
6517.099076986313,0.013010899999999992,0.003690600575647355,0.01562,687.4
6517.199155330658,0.0124258,0.005390442582922546,0.01562,687.4
6517.299178123474,0.011801800000000001,0.006687080176777639,0.01562,687.4
6517.399218320847,0.011801800000000001,0.006687080176777639,0.01562,687.4
6517.4990670681,0.010898199999999997,0.008101473419493521,0.01562,687.4
6517.599050045013,0.009830400000000003,0.009396190159399624,0.01562,687.4
6517.699049949646,0.00869890000000001,0.010468512693692762,0.01562,687.4
6517.799221992493,0.00735050000000001,0.011467933046353296,0.01562,687.4
6517.899194955826,0.005892099999999997,0.012298486506193643,0.01562,687.4
6517.999203920364,0.004451499999999997,0.012894527607082526,0.01562,687.4
6518.099058866501,0.0028360999999999803,0.01334905968515114,0.01562,687.4
6518.199046134949,0.001296400000000017,0.013594006555349626,0.01562,687.4
6518.2991054058075,-0.0005013999999999991,0.013640724644104183,0.01562,687.4
6518.399039268494,-0.0020529000000000103,0.013492489561920461,0.01562,687.4
6518.499076604843,-0.0036943999999999866,0.01314110188694969,0.01562,687.4
6518.599133729935,-0.0036943999999999866,0.01314110188694969,0.01562,687.4
6518.6991448402405,-0.005164299999999997,0.01262145499888822,0.01562,687.4
6518.799192428589,-0.0066716,0.01188375082799601,0.01562,687.4
6518.89923453331,-0.007980200000000007,0.011036525871346028,0.01562,687.4
6518.99916100502,-0.009353399999999984,0.009875747203309682,0.01562,687.4
6519.099110841751,-0.010413400000000003,0.008733288232920328,0.01562,687.4
6519.1991510391235,-0.011397299999999985,0.007373065423980758,0.01562,687.4
6519.2991688251495,-0.012148699999999998,0.006007429729897262,0.01562,687.4
6519.3990483284,-0.012785199999999997,0.004454293209897299,0.01562,687.4
6519.499406576157,-0.013217099999999996,0.002831942168979973,0.01562,687.4
6519.599054574966,-0.01344239999999998,0.0011687749982527626,0.01562,687.4
6519.6990621089935,-0.01344239999999998,0.0011687749982527626,0.01562,687.4
6519.799080371857,-0.013474499999999986,-0.0003897744068910025,0.01562,687.4
6519.899123668671,-0.013294999999999987,-0.0020589621424917035,0.01562,687.4
6519.999154090881,-0.012912899999999977,-0.00369306086887565,0.01562,687.4
6520.099157094955,-0.012337199999999993,-0.005269713550977391,0.01562,687.4
6520.199153184891,-0.011681199999999975,-0.0065506015632016,0.01562,687.4
6520.299134254456,-0.010684599999999989,-0.008046801903888838,0.01562,687.4
6520.399351835251,-0.009668700000000002,-0.00922932992726088,0.01562,687.4
6520.599143505096,-0.0071523,-0.011257553312374428,0.01562,687.4
6520.699243545532,-0.005677100000000004,-0.012058961304279983,0.01562,687.4
6520.7991371154785,-0.005677100000000004,-0.012058961304279983,0.01562,687.4
6520.8990840911865,-0.003997400000000012,-0.012701092023025093,0.01562,687.4
6520.999121904373,-0.002603299999999989,-0.013057382718170356,0.01562,687.4
6521.09911441803,-0.0008193000000000089,-0.013287208477636384,0.01562,687.4
6521.199156284332,0.000739500000000004,-0.013287522713085496,0.01562,687.4
6521.29914355278,0.0024067000000000116,-0.013094490396096357,0.01562,687.4
6521.399384021759,0.0039214000000000054,-0.012725942150515014,0.01562,687.4
6521.4991500377655,0.005382899999999996,-0.012184818560229658,0.01562,687.4
6521.599189519882,0.006880600000000001,-0.011426245366843123,0.01562,687.4
6521.699672698975,0.008263699999999999,-0.01047475846239633,0.01562,687.4
6521.799163818359,0.009523099999999993,-0.00936581732397792,0.01562,687.4
6521.899149179459,0.010565499999999992,-0.008206589042018778,0.01562,687.4
6521.999208211899,0.011519000000000001,-0.006825182975135645,0.01562,687.4
6522.099157333374,0.011519000000000001,-0.006825182975135645,0.01562,687.4
6522.199141025543,0.0123003,-0.005340045616593882,0.01562,687.4
6522.299076318741,0.012897699999999984,-0.0037709638854427838,0.01562,687.4
6522.399087667465,0.013257500000000005,-0.0022541109429502215,0.01562,687.4
6522.499146699905,0.013458200000000003,-0.0005879053735748999,0.01562,687.4
6522.599164962769,0.013486999999999985,0.00017117768478110834,0.01562,687.4
6522.699176073074,0.013486999999999985,0.00017117768478110834,0.01562,0.0
6522.799148082733,0.011929399999999979,-0.00017230401262123898,0.01562,0.0
6523.2991502285,-0.012143000000000001,-0.005479808623816827,0.01562,0.0
6523.399078369141,-0.012143000000000001,-0.005479808623816827,0.01562,687.4
6523.499242544174,-0.012229999999999977,-0.005270321230707017,0.01562,687.4
6523.599112272263,-0.012772999999999993,-0.0038329008996900032,0.01562,687.4
6523.6990666389465,-0.013169899999999998,-0.00220278327830168,0.01562,687.4
6523.799197912216,-0.013363299999999995,-0.0005363820794061086,0.01562,687.4
6523.8990650177,-0.013348599999999988,0.0011409842868748549,0.01562,687.4
6523.999091863632,-0.013125900000000024,0.0028040120605045057,0.01562,687.4
6524.099073648453,-0.012733599999999998,0.0043123721368675955,0.01562,687.4
6524.199112892151,-0.012118299999999999,0.005874315758446144,0.01562,687.4
6524.2990663051605,-0.011309,0.007345568156883302,0.01562,687.4
6524.399058818817,-0.011309,0.007345568156883302,0.01562,687.4
6524.499143362045,-0.010321299999999992,0.008702927405526369,0.01562,687.4
6524.599190235138,-0.009258100000000005,0.00984315128651754,0.01562,687.4
6524.699140071869,-0.008070099999999997,0.010851986420486317,0.01562,687.4
6524.799101114273,-0.006668200000000013,0.011774642092447524,0.01562,687.4
6524.899104356766,-0.005163299999999982,0.01251656458019305,0.01562,687.4
6524.999087333679,-0.0036934999999999885,0.013033368699126711,0.01562,687.4
6525.099295377731,-0.002055399999999999,0.013395170094176009,0.01562,687.4
6525.1991646289825,-0.00038490000000000746,0.013552505722218763,0.01562,687.4
6525.29908657074,0.001292399999999999,0.01350159010777955,0.01562,687.4
6525.399164199829,0.002833200000000008,0.013263075852663779,0.01562,687.4
6525.499437093735,0.002833200000000008,0.013263075852663779,0.01562,687.4
6525.59912109375,0.004448699999999986,0.012805896634987823,0.01562,687.4
6525.699115514755,0.00599319999999999,0.01214729004895328,0.01562,687.4
6525.799202680588,0.00734280000000001,0.011366632473613233,0.01562,687.4
6525.899082183838,0.008593799999999985,0.010436936506839564,0.01562,687.4
6525.9996547698975,0.00980739999999998,0.009277687433711657,0.01562,687.4
6526.099162340164,0.0108674,0.007977480785070205,0.01562,687.4
6526.199210643768,0.011759599999999995,0.00655641771541373,0.01562,687.4
6526.299140453339,0.012423300000000026,0.005146711072183275,0.01562,687.4
6526.399201393127,0.012951400000000002,0.003554015364170108,0.01562,687.4
6526.49920630455,0.013277700000000003,0.0019077361109416588,0.01562,687.4
6526.599209308624,0.013399499999999981,0.00023335191088606072,0.01562,687.4
6526.699060916901,0.013399499999999981,0.00023335191088606072,0.01562,687.4
6526.799079656601,0.013315599999999983,-0.0013237865052781947,0.01562,687.4
6526.899139165878,0.01301780000000001,-0.002976281952900506,0.01562,687.4
6526.999172210693,0.012516999999999986,-0.004578511048150692,0.01562,687.4
6527.099043369293,0.011877800000000008,-0.005999965376847723,0.01562,687.4
6527.199044942856,0.011008699999999996,-0.007435444062747015,0.01562,687.4
6527.299082040787,0.009970400000000018,-0.008753027702687856,0.01562,687.4
6527.399055480957,0.008865599999999987,-0.00985163214461926,0.01562,687.4
6527.499042749405,0.00744439999999999,-0.010952296837597238,0.01562,687.4
6527.5991134643555,0.006207299999999999,-0.011686725397983558,0.01562,687.4
6527.699088811874,0.004677000000000001,-0.012376007046861238,0.01562,687.4
6527.799153089523,0.00307159999999998,-0.012867430382166742,0.01562,687.4
6527.8991849422455,0.00307159999999998,-0.012867430382166742,0.01562,687.4
6527.999144792557,0.0015359000000000067,-0.01313805148027384,0.01562,687.4
6528.099091053009,-0.0001406999999999936,-0.013223916706832248,0.01562,687.4
6528.199165582657,-0.001814200000000002,-0.01309378490160655,0.01562,687.4
6528.299174070358,-0.0034584000000000004,-0.012758558858475967,0.01562,687.4
6528.399072408676,-0.005048200000000003,-0.012222044844084512,0.01562,687.4
6528.499213933945,-0.00645409999999999,-0.011550552236715625,0.01562,687.4
6528.599125146866,-0.0078704,-0.010650902861886781,0.01562,687.4
6528.699065208435,-0.009165199999999998,-0.009583874606808658,0.01562,687.4
6528.799143791199,-0.010238200000000003,-0.008453498348503716,0.01562,687.4
6528.899256706238,-0.011171600000000004,-0.007205401882592034,0.01562,687.4
6528.999186992645,-0.011171600000000004,-0.007205401882592034,0.01562,687.4
6529.099189996719,-0.0120532,-0.005669642353891578,0.01562,687.4
6529.199167251587,-0.012143000000000001,-0.005479808623816827,0.01562,687.4
6529.299145936966,-0.012143000000000001,-0.005479808623816827,0.01562,0.0
6529.399059534073,-0.012143000000000015,-0.0054790120043321025,0.01562,0.0
6534.090330044303,-0.0009152000000000049,-0.0009392000000000081,0.01562,0.0
