7961.699112653732,-0.006148999999999988,0.014677211343976305,0.022010000000000002,687.4
7961.799129486084,-0.006276400000000001,0.014623040910200065,0.022010000000000002,687.4
7961.899156570435,-0.007619899999999985,0.013963999634964301,0.022010000000000002,687.4
7961.9991574287415,-0.009140899999999993,0.013006004939666443,0.022010000000000002,687.4
7962.099161624908,-0.010455099999999995,0.011961081857710588,0.022010000000000002,687.4
7962.199163198471,-0.011487199999999989,0.01095773663247708,0.022010000000000002,687.4
7962.2991354465485,-0.012643799999999997,0.009579626967268561,0.022010000000000002,687.4
7962.399170398712,-0.013507000000000005,0.008281361963744925,0.022010000000000002,687.4
7962.499175310135,-0.01429119999999999,0.006796930099692962,0.022010000000000002,687.4
7962.599164485931,-0.014923800000000001,0.005241733328646414,0.022010000000000002,687.4
7962.699172735214,-0.015345999999999999,0.003740629967784799,0.022010000000000002,687.4
7962.799157857895,-0.015345999999999999,0.003740629967784799,0.022010000000000002,687.4
7962.899063825607,-0.015641299999999997,0.002087918099473455,0.022010000000000002,687.4
7962.999136924744,-0.015756199999999998,0.0005328399343558152,0.022010000000000002,687.4
7963.099170923233,-0.01570279999999999,-0.0011455461618641444,0.022010000000000002,687.4
7963.199161052704,-0.015473899999999999,-0.0028087903561827554,0.022010000000000002,687.4
7963.299175024033,-0.015064299999999989,-0.0044369663324533015,0.022010000000000002,687.4
7963.399163007736,-0.014539499999999997,-0.0059051387499048785,0.022010000000000002,687.4
7963.499069690704,-0.013806499999999985,-0.007415461262554483,0.022010000000000002,687.4
7963.5991106033325,-0.012922099999999992,-0.00884254489708447,0.022010000000000002,687.4
7963.699173927307,-0.011972199999999988,-0.010078970701121008,0.022010000000000002,687.4
7963.7991642951965,-0.0108105,-0.011291447501677734,0.022010000000000002,687.4
7963.899151325226,-0.009626799999999991,-0.01230632399168875,0.022010000000000002,687.4
7963.9991574287415,-0.009626799999999991,-0.01230632399168875,0.022010000000000002,687.4
7964.099161624908,-0.008244000000000001,-0.013258949232003367,0.022010000000000002,687.4
7964.19916176796,-0.006875300000000001,-0.01400587255468343,0.022010000000000002,687.4
7964.299130439758,-0.005214500000000011,-0.014696153142331338,0.022010000000000002,687.4
7964.399162769318,-0.003902500000000003,-0.01509015919513218,0.022010000000000002,687.4
7964.49906039238,-0.002862699999999996,-0.015321200314057391,0.022010000000000002,687.4
7964.599134683609,-0.0013498999999999872,-0.015524548536364875,0.022010000000000002,687.4
7964.6991584300995,-0.0004264999999999963,-0.015578327711100522,0.022010000000000002,687.4
7964.799072742462,0.0012520000000000031,-0.015536729063209437,0.022010000000000002,687.4
7964.899122238159,0.0029164000000000134,-0.015315179749183859,0.022010000000000002,687.4
7964.99914431572,0.004547799999999991,-0.014917388220907692,0.022010000000000002,687.4
7965.099071025848,0.006016200000000013,-0.014392936127431998,0.022010000000000002,687.4
7965.19909954071,0.006016200000000013,-0.014392936127431998,0.022010000000000002,687.4
7965.299066781998,0.007424699999999992,-0.013724523501048698,0.022010000000000002,687.4
7965.39914894104,0.008862400000000006,-0.012857176598731541,0.022010000000000002,687.4
7965.499155044556,0.010105900000000001,-0.01191690672361314,0.022010000000000002,687.4
7965.599115848541,0.011333200000000002,-0.010771192933886682,0.022010000000000002,687.4
7965.699145317078,0.01243870000000001,-0.009507367677512757,0.022010000000000002,687.4
7965.799154281616,0.013394000000000003,-0.00812659008152794,0.022010000000000002,687.4
7965.899097442627,0.014202899999999977,-0.0066551420535704495,0.022010000000000002,687.4
7965.999084949493,0.014847100000000002,-0.005104652673178091,0.022010000000000002,687.4
7966.09903049469,0.015266299999999997,-0.0037276605526686477,0.022010000000000002,687.4
7966.19903421402,0.015596599999999988,-0.002081695534889315,0.022010000000000002,687.4
7966.299107313156,0.015596599999999988,-0.002081695534889315,0.022010000000000002,687.4
7966.399155855179,0.0157452,-0.0002890250298347788,0.022010000000000002,687.4
7966.499158382416,0.015719700000000003,0.0012698386107582206,0.022010000000000002,687.4
7966.599159002304,0.015533400000000003,0.0028177578751345106,0.022010000000000002,687.4
7966.699108123779,0.015163300000000005,0.004455446447473459,0.022010000000000002,687.4
7966.799162387848,0.014623900000000009,0.006045613621807874,0.022010000000000002,687.4
7966.8994171619415,0.013912900000000006,0.007566859719505381,0.022010000000000002,687.4
7966.9991500377655,0.013116099999999992,0.008907037606369298,0.022010000000000002,687.4
7967.099149942398,0.012108899999999992,0.010250491103739101,0.022010000000000002,687.4
7967.199189186096,0.010969500000000007,0.011483739112029965,0.022010000000000002,687.4
7967.299154758453,0.009796799999999994,0.01251099175840592,0.022010000000000002,687.4
7967.399188280106,0.008426500000000003,0.01348118961954027,0.022010000000000002,687.4
7967.499153614044,0.008426500000000003,0.01348118961954027,0.022010000000000002,687.4
7967.599181175232,0.006965999999999986,0.014309605804742595,0.022010000000000002,687.4
7967.699169874191,0.005420099999999997,0.01496501380386267,0.022010000000000002,687.4
7967.7994022369385,0.0039323000000000136,0.01543119575263762,0.022010000000000002,687.4
7967.899719953537,0.002286200000000002,0.01576263632029285,0.022010000000000002,687.4
7967.999193429947,0.0007339999999999985,0.01591108782316554,0.022010000000000002,687.4
7968.099201440811,-0.0009369000000000044,0.015902085092066656,0.022010000000000002,687.4
7968.199150800705,-0.0018359000000000014,0.01582141632996309,0.022010000000000002,687.4
7968.299159526825,-0.003373000000000001,0.015561760399241321,0.022010000000000002,687.4
7968.399139404297,-0.004225199999999998,0.015353292736070456,0.022010000000000002,687.4
7968.499131202698,-0.00581269999999999,0.014814620655872197,0.022010000000000002,687.4
7968.59917140007,-0.00581269999999999,0.014814620655872197,0.022010000000000002,687.4
7968.699196338654,-0.006148999999999988,0.014677211343976305,0.022010000000000002,687.4
7968.799142122269,-0.006148999999999988,0.014677211343976305,0.022010000000000002,0.0
7968.899190425873,-0.00713140000000001,0.01181212048986845,0.022010000000000002,0.0
7969.199184417725,-0.011122999999999994,0.00017121337765808875,0.022010000000000002,0.0
7969.299175739288,-0.011122999999999994,0.00017121337765808875,0.022010000000000002,687.4
7969.399187088013,-0.011082499999999995,0.0009721322957629494,0.022010000000000002,687.4
7969.499160289764,-0.010841000000000003,0.0026322965090960423,0.022010000000000002,687.4
7969.599185705185,-0.0103457,0.004235859569734338,0.022010000000000002,687.4
7969.699170589447,-0.009673999999999988,0.00564219278769882,0.022010000000000002,687.4
7969.799218654633,-0.009673999999999988,0.00564219278769882,0.022010000000000002,687.4
7969.899182319641,-0.008742399999999997,0.007038091494416122,0.022010000000000002,687.4
7969.999184370041,-0.007694299999999987,0.008190984976052668,0.022010000000000002,687.4
7970.0991768836975,-0.006398199999999993,0.009256462845053718,0.022010000000000002,687.4
7970.199159145355,-0.0049598,0.010120534136864964,0.022010000000000002,687.4
7970.299164056778,-0.0034058999999999895,0.010755428931277303,0.022010000000000002,687.4
7970.399190664291,-0.0017725999999999992,0.011140942117948742,0.022010000000000002,687.4
7970.499168395996,-0.00034069999999999934,0.011277841564875185,0.022010000000000002,687.4
7970.599186897278,0.0014540000000000108,0.01118930840754058,0.022010000000000002,687.4
7970.699183940887,0.002980799999999992,0.010877284291062658,0.022010000000000002,687.4
7970.799156904221,0.004559899999999992,0.010309487534098362,0.022010000000000002,687.4
7970.8990840911865,0.005933400000000005,0.009572370251767059,0.022010000000000002,687.4
7970.999158382416,0.005933400000000005,0.009572370251767059,0.022010000000000002,687.4
7971.099181175232,0.007276699999999997,0.008567418408033805,0.022010000000000002,687.4
7971.199083328247,0.008459399999999992,0.007377298642542406,0.022010000000000002,687.4
7971.299124002457,0.009388099999999996,0.006126163777982568,0.022010000000000002,687.4
7971.399138689041,0.010176100000000007,0.004644281238777935,0.022010000000000002,687.4
7971.499250650406,0.0107622,0.002944732675783251,0.022010000000000002,687.4
7971.5992131233215,0.011049799999999985,0.0014127586225581197,0.022010000000000002,687.4
7971.699179887772,0.011107800000000001,-0.00014435900243740807,0.022010000000000002,687.4
7971.799178600311,0.010933800000000007,-0.001813134687828788,0.022010000000000002,687.4
7971.899158477783,0.010554299999999989,-0.0033245539540087132,0.022010000000000002,687.4
7971.999161720276,0.009908700000000006,-0.0048741214192223395,0.022010000000000002,687.4
7972.099157333374,0.009099900000000008,-0.00620633709609502,0.022010000000000002,687.4
7972.199190378189,0.009099900000000008,-0.00620633709609502,0.022010000000000002,687.4
7972.299191951752,0.007956100000000008,-0.0075933516776423085,0.022010000000000002,687.4
7972.399173736572,0.006790699999999983,-0.008627644618830747,0.022010000000000002,687.4
7972.499176740646,0.005388000000000004,-0.009548575066363238,0.022010000000000002,687.4
7972.5991859436035,0.003864100000000009,-0.010251211019207285,0.022010000000000002,687.4
7972.699133634567,0.002369200000000002,-0.010692877867110144,0.022010000000000002,687.4
7972.799188137054,0.000706299999999993,-0.010916662270533894,0.022010000000000002,687.4
7972.899178266525,-0.0009715000000000001,-0.010901541159801346,0.022010000000000002,687.4
7972.999185323715,-0.0026267999999999986,-0.010628056501397629,0.022010000000000002,687.4
7973.099089384079,-0.004111699999999982,-0.010154911281401731,0.022010000000000002,687.4
7973.199167728424,-0.004111699999999982,-0.010154911281401731,0.022010000000000002,687.4
7973.299137830734,-0.0057224000000000025,-0.00935668108524186,0.022010000000000002,687.4
7973.3991639614105,-0.006907699999999989,-0.008540836685924834,0.022010000000000002,687.4
7973.4991681575775,-0.008134599999999978,-0.0073965338851778376,0.022010000000000002,687.4
7973.599187135696,-0.009114799999999992,-0.0061854680736006876,0.022010000000000002,687.4
7973.69918847084,-0.009971099999999983,-0.004742655648608485,0.022010000000000002,687.4
7973.799179077148,-0.010598300000000019,-0.003185831467893481,0.022010000000000002,687.4
7973.8991849422455,-0.010978299999999996,-0.0015512999001314615,0.022010000000000002,687.4
7973.9991500377655,-0.011113399999999996,-2.9858172913732606e-05,0.022010000000000002,687.4
7974.099188089371,-0.011122999999999994,0.00017121337765808875,0.022010000000000002,687.4
7974.1991765499115,-0.011122999999999994,0.00017121337765808875,0.022010000000000002,0.0
7974.2991688251495,-0.007750800000000002,-0.00337639148362668,0.022010000000000002,0.0
7974.699173927307,0.0020919999999999966,-0.013730781277779942,0.022010000000000002,0.0
7974.799144983292,0.0020919999999999966,-0.013730781277779942,0.022010000000000002,687.4
7974.899130105972,0.002636200000000005,-0.013636598023443705,0.022010000000000002,687.4
7974.999155282974,0.004264000000000004,-0.013225529214792496,0.022010000000000002,687.4
7975.099148988724,0.005829299999999996,-0.012618543737686935,0.022010000000000002,687.4
7975.199080944061,0.007312199999999991,-0.011832277647682729,0.022010000000000002,687.4
7975.299149751663,0.008379099999999987,-0.011108458436895154,0.022010000000000002,687.4
7975.39918589592,0.009264900000000006,-0.010392915671547973,0.022010000000000002,687.4
7975.499186754227,0.010465000000000002,-0.009218978329065548,0.022010000000000002,687.4
7975.599187374115,0.010465000000000002,-0.009218978329065548,0.022010000000000002,687.4
7975.69917178154,0.0115069,-0.00790229581313473,0.022010000000000002,687.4
7975.799189567566,0.012332100000000012,-0.006579474126401572,0.022010000000000002,687.4
7975.899151802063,0.013049000000000005,-0.0050612101949294094,0.022010000000000002,687.4
7975.999081373215,0.013577000000000006,-0.003467473965808661,0.022010000000000002,687.4
7976.099149942398,0.013901400000000008,-0.001942463183804581,0.022010000000000002,687.4
7976.199168920517,0.014039799999999991,-0.00038952229332497174,0.022010000000000002,687.4
7976.299187421799,0.014001799999999995,0.001408267652593026,0.022010000000000002,687.4
7976.399175643921,0.013778399999999996,0.0029512838967949845,0.022010000000000002,687.4
7976.499173164368,0.013349799999999995,0.004574340432202027,0.022010000000000002,687.4
7976.59913277626,0.012781899999999999,0.006026392800150833,0.022010000000000002,687.4
7976.699178695679,0.011990299999999982,0.007507039188727485,0.022010000000000002,687.4
7976.799333572388,0.011990299999999982,0.007507039188727485,0.022010000000000002,687.4
7976.899154424667,0.010955799999999988,0.008978095957644351,0.022010000000000002,687.4
7976.999185800552,0.009911000000000017,0.010135263988556957,0.022010000000000002,687.4
7977.099188089371,0.008747700000000011,0.011172755516659735,0.022010000000000002,687.4
7977.199147939682,0.008139400000000005,0.011630542414065394,0.022010000000000002,687.4
7977.299079418182,0.006619200000000006,0.012570183818285435,0.022010000000000002,687.4
7977.399149417877,0.005207299999999998,0.013231535358687645,0.022010000000000002,687.4
7977.499189376831,0.003613099999999994,0.013758557568179407,0.022010000000000002,687.4
7977.599183797836,0.0019670999999999994,0.01408946747969653,0.022010000000000002,687.4
7977.699195384979,0.0004139000000000087,0.014226366926622925,0.022010000000000002,687.4
7977.79917049408,-0.0012638999999999984,0.01416737049626364,0.022010000000000002,687.4
7977.89914059639,-0.002807799999999999,0.013949313213432978,0.022010000000000002,687.4
7977.999191522598,-0.002807799999999999,0.013949313213432978,0.022010000000000002,687.4
7978.099171161652,-0.004427700000000007,0.013508274836428413,0.022010000000000002,687.4
7978.199200868607,-0.0055196999999999885,0.013098400596067782,0.022010000000000002,687.4
7978.299184799194,-0.006765499999999994,0.012494927941325836,0.022010000000000002,687.4
7978.399187803268,-0.008087299999999992,0.011668474192409982,0.022010000000000002,687.4
7978.499151468277,-0.009311699999999992,0.010703395772139086,0.022010000000000002,687.4
7978.599190711975,-0.010581199999999985,0.009428940374997745,0.022010000000000002,687.4
7978.699192523956,-0.011537599999999981,0.008197731826584731,0.022010000000000002,687.4
7978.799188375473,-0.012414599999999998,0.0067661572220896506,0.022010000000000002,687.4
7978.899177312851,-0.013107699999999986,0.005237437988201674,0.022010000000000002,687.4
7978.999174356461,-0.01359429999999999,0.003756281734655538,0.022010000000000002,687.4
7979.09917140007,-0.01359429999999999,0.003756281734655538,0.022010000000000002,687.4
7979.199188709259,-0.013922199999999982,0.0021098068519067453,0.022010000000000002,687.4
7979.299184560776,-0.014056999999999986,0.0004364423817901017,0.022010000000000002,687.4
7979.399190425873,-0.014000399999999996,-0.0011218343702419364,0.022010000000000002,687.4
7979.499181985855,-0.013742999999999991,-0.002780783224115825,0.022010000000000002,687.4
7979.599174261093,-0.013296200000000008,-0.004399153160037535,0.022010000000000002,687.4
7979.699169635773,-0.012700299999999998,-0.005839730495631502,0.022010000000000002,687.4
7979.799164533615,-0.01190129999999999,-0.007316277173283647,0.022010000000000002,687.4
7979.899165630341,-0.0109205,-0.008679070098239365,0.022010000000000002,687.4
7979.999165058136,-0.009787700000000024,-0.009917947412363098,0.022010000000000002,687.4
7980.099155664444,-0.008611999999999995,-0.010941924448233213,0.022010000000000002,687.4
7980.199135303497,-0.0072247000000000006,-0.011887390787806512,0.022010000000000002,687.4
7980.299179315567,-0.0072247000000000006,-0.011887390787806512,0.022010000000000002,687.4
7980.406000614166,-0.0057547000000000015,-0.0126557700215418,0.022010000000000002,687.4
7980.49906039238,-0.005041799999999999,-0.012950612776240593,0.022010000000000002,687.4
7980.599168539047,-0.0034401000000000015,-0.013452491413962014,0.022010000000000002,687.4
7980.699189662933,-0.001910900000000007,-0.013755198563891825,0.022010000000000002,687.4
7980.799192428589,-0.00023710000000001785,-0.013881153634601594,0.022010000000000002,687.4
7980.899193763733,0.0014404999999999973,-0.013815508168470506,0.022010000000000002,687.4
7980.999186754227,0.0020919999999999966,-0.013730781277779942,0.022010000000000002,687.4
7981.099152803421,0.0020919999999999966,-0.013730781277779942,0.022010000000000002,687.4
7981.199187994003,0.0007901999999999909,-0.012517655215156194,0.022010000000000002,0.0
7981.29923582077,-0.005093300000000009,-0.007034536860608252,0.022010000000000002,0.0
7981.699190616608,-0.01282499999999999,0.00017121337765808875,0.022010000000000002,0.0
7981.799154996872,-0.01282499999999999,0.00017121337765808875,0.022010000000000002,687.4
7981.899153709412,-0.012764999999999999,0.0013316007866538589,0.022010000000000002,687.4
7981.999174833298,-0.012533499999999989,0.0028732830654677015,0.022010000000000002,687.4
7982.099181175232,-0.012066599999999997,0.0044859258807963195,0.022010000000000002,687.4
7982.19917345047,-0.011402700000000002,0.00602782458029915,0.022010000000000002,687.4
7982.299206018448,-0.010534700000000008,0.007464400019728749,0.022010000000000002,687.4
7982.399155855179,-0.009568900000000005,0.008687115702012312,0.022010000000000002,687.4
7982.499194383621,-0.008375099999999983,0.009866172485358135,0.022010000000000002,687.4
7982.5995190143585,-0.008375099999999983,0.009866172485358135,0.022010000000000002,687.4
7982.699151992798,-0.00713900000000002,0.010815228670886513,0.022010000000000002,687.4
7982.799184083939,-0.005686899999999981,0.011657019951223882,0.022010000000000002,687.4
7982.899169206619,-0.004249699999999995,0.012261121076864216,0.022010000000000002,687.4
7982.999189376831,-0.0026346000000000147,0.012719145186127677,0.022010000000000002,687.4
7983.099130868912,-0.000971600000000003,0.01294691069454703,0.022010000000000002,687.4
7983.199176073074,0.0005865000000000037,0.01296828958201083,0.022010000000000002,687.4
7983.299170255661,0.0023726000000000025,0.012763509579555053,0.022010000000000002,687.4
7983.399173736572,0.0038849999999999996,0.012386370653084247,0.022010000000000002,687.4
7983.499185800552,0.005446499999999993,0.011770403236048499,0.022010000000000002,687.4
7983.599191665649,0.0068161000000000055,0.011025637979175183,0.022010000000000002,687.4
7983.699189901352,0.008177100000000007,0.010043357405956299,0.022010000000000002,687.4
7983.799171209335,0.008177100000000007,0.010043357405956299,0.022010000000000002,687.4
7983.899185657501,0.009390899999999994,0.008884422568277595,0.022010000000000002,687.4
7983.999189376831,0.010450299999999996,0.0075831961896972305,0.022010000000000002,687.4
7984.099192142487,0.01127439999999999,0.0062605139000616455,0.022010000000000002,687.4
7984.199186563492,0.011977000000000002,0.004735971400689602,0.022010000000000002,687.4
7984.299192667007,0.01246860000000001,0.003130899536311519,0.022010000000000002,687.4
7984.399191856384,0.0127414,0.0015959641080297397,0.022010000000000002,687.4
7984.499190092087,0.012818700000000002,3.894429779441322e-05,0.022010000000000002,687.4
7984.59919834137,0.012684600000000004,-0.0016341059368730898,0.022010000000000002,687.4
7984.699169874191,0.012340699999999996,-0.0032768161353152955,0.022010000000000002,687.4
7984.79918551445,0.01178449999999999,-0.00486021566794901,0.022010000000000002,687.4
7984.89924287796,0.011088299999999995,-0.006254899015207156,0.022010000000000002,687.4
7984.99905538559,0.011088299999999995,-0.006254899015207156,0.022010000000000002,687.4
7985.099148273468,0.010152399999999992,-0.007648346211837305,0.022010000000000002,687.4
7985.199192285538,0.0090504,-0.008914602187129646,0.022010000000000002,687.4
7985.299169301987,0.007779300000000003,-0.010011069354422968,0.022010000000000002,687.4
7985.39918088913,0.0064861000000000085,-0.01088120279344524,0.022010000000000002,687.4
7985.499191999435,0.004985199999999995,-0.011632617086090417,0.022010000000000002,687.4
7985.599186897278,0.00351520000000001,-0.012183448901964523,0.022010000000000002,687.4
7985.699116945267,0.0018745000000000012,-0.012503141784153238,0.022010000000000002,687.4
7985.799188375473,8.229999999999349e-05,-0.012649924295019863,0.022010000000000002,687.4
7985.899188756943,-0.001474199999999995,-0.012562941523762389,0.022010000000000002,687.4
7985.999185562134,-0.0030081999999999887,-0.012285259339674087,0.022010000000000002,687.4
7986.099187612534,-0.004611499999999991,-0.011787913254255225,0.022010000000000002,687.4
7986.199189901352,-0.004611499999999991,-0.011787913254255225,0.022010000000000002,687.4
7986.299150466919,-0.006027999999999992,-0.011137191854620546,0.022010000000000002,687.4
7986.399190187454,-0.0074527999999999955,-0.010250191289268316,0.022010000000000002,687.4
7986.499228715897,-0.008750400000000005,-0.009186243015175774,0.022010000000000002,687.4
7986.599192142487,-0.009905599999999987,-0.007968744588515798,0.022010000000000002,687.4
7986.699206829071,-0.010818500000000009,-0.006705037938070764,0.022010000000000002,687.4
7986.799192428589,-0.011620499999999992,-0.0052302164848472485,0.022010000000000002,687.4
7986.899229049683,-0.012229099999999993,-0.003665919167941699,0.022010000000000002,687.4
7986.999173879623,-0.012600699999999992,-0.002152223230026097,0.022010000000000002,687.4
7987.099177122116,-0.01278689999999999,-0.0006051280660684458,0.022010000000000002,687.4
7987.199195623398,-0.01282499999999999,0.00017121337765808875,0.022010000000000002,687.4
7987.299206495285,-0.01282499999999999,0.00017121337765808875,0.022010000000000002,687.4
7987.399202346802,-0.01282499999999999,0.00017121337765808875,0.022010000000000002,687.4
7987.499193191528,-0.01282499999999999,0.00017139678108592585,0.022010000000000002,0.0
7987.599149942398,-0.01282499999999999,0.00017287748234799324,0.022010000000000002,0.0
7992.390317122016,0.0132612,0.007523800000000046,0.022010000000000002,0.0
