2282.819604271561,-0.012671,-0.0006028600337946,0.0213,0.0
2282.920115345627,-0.012671,-0.0006045422673813,0.0213,0.0
2283.0206841169893,-0.012671,-0.0006064429280421,0.0213,0.0
2283.1112085520326,-0.0126709999999999,-0.0006082064778203,0.0213,0.0
2283.2117808996736,-0.0126709999999999,-0.0006101885865383,0.0213,0.0
2283.312378519684,-0.012671,-0.0006121705507302,0.0213,0.0
2283.4129816233217,-0.012671,-0.0006141430358112,0.0213,0.0
2283.513547056824,-0.012671,-0.0006159376381398,0.0213,0.0
2283.614706152588,-0.012671,-0.0006177961155403,0.0213,0.0
2283.7152823149263,-0.012671,-0.0006199889690523,0.0213,0.0
2283.8158477484285,-0.012671,-0.0006220139820288,0.0213,0.0
2283.9164115130006,-0.012671,-0.0006238993629474,0.0213,0.0
2284.0169867216646,-0.012671,-0.00062587037106,0.0213,0.0
2284.11756002298,-0.012671,-0.0006276022290482,0.0213,0.0
2284.2180894552766,-0.012671,-0.0006295528804265,0.0213,0.0
2284.3186498819887,-0.012671,-0.0006314967328284,0.0213,0.0
2284.4192241369783,-0.0126709999999999,-0.0006334902519823,0.0213,0.0
2284.519787663132,-0.012671,-0.0006352915751895,0.0213,0.0
2284.6203495203554,-0.012671,-0.0006367699368543,0.0213,0.0
2284.7209149538576,-0.012671,-0.0006374449549505,0.0213,0.0
2284.8113659559785,-0.0126633622394425,-0.0006371875509014,0.0213,0.0
2284.9129918753206,-0.0124742360678696,-0.0006308133759127,0.0213,0.0
2285.0135539709627,-0.0115982825181562,-0.0006009499294699,0.0213,0.0
2285.1140781580507,-0.0107104821234124,-0.000570710378361,0.0213,0.0
2285.2147985636293,-0.0098722182474943,-0.0005421576758545,0.0213,0.0
2285.3155742823183,-0.0089993555433203,-0.0005124707756558,0.0213,0.0
2285.416219347626,-0.0081627388271905,-0.0004840063709795,0.0213,0.0
2285.516783589035,-0.007310313995462,-0.000454969997653,0.0213,0.0
2285.617315167099,-0.0064516767087552,-0.0004257184981707,0.0213,0.0
2285.717850321442,-0.0055978194703212,-0.0003966316082739,0.0213,0.0
2285.8184648691713,-0.0048134265155949,-0.0003698977907032,0.0213,0.0
2285.919036739975,-0.004372,-0.0003548430267069,0.0213,0.0
2286.0196055113374,-0.0043825204592999,-0.0003582550978135,0.0213,900.0
2286.1201745211183,-0.0045633479645919,-0.0004169023762731,0.0213,900.0
2286.21069585672,-0.0057009772935089,-0.000819293333794,0.0213,900.0
2286.3112565218507,-0.0066900970535886,-0.0012368890911055,0.0213,900.0
2286.411810034424,-0.0079068879013385,-0.0018840397753184,0.0213,900.0
2286.512381905228,-0.0091766089757302,-0.0026841599945991,0.0213,900.0
2286.6129509150087,-0.0103559717703949,-0.0036157287900909,0.0213,900.0
2286.714428299576,-0.0114853897999891,-0.004689912959328,0.0213,900.0
2286.8150008856355,-0.0124620735117028,-0.005811718364769,0.0213,900.0
2286.9155629812776,-0.0133395130351263,-0.0070370759641814,0.0213,900.0
2287.016121500641,-0.0140787899504,-0.0082983224927662,0.0213,900.0
2287.1166890799104,-0.0146881127909347,-0.0095904486345963,0.0213,900.0
2287.2172471224367,-0.0150390849644899,-0.0105189244971729,0.0213,900.0
2287.3178065954744,-0.0154315271079972,-0.0119080827199459,0.0213,900.0
2287.4185181795656,-0.0157089057141358,-0.0133552707253645,0.0213,900.0
2287.5190786062776,-0.0158507480623182,-0.0148776583405223,0.0213,900.0
2287.619640463501,-0.015845291443093,-0.0163814562425241,0.0213,900.0
2287.7201920687257,-0.0156980543724739,-0.0178950019888386,0.0213,900.0
2287.810705298096,-0.0154516287010764,-0.0192184690117773,0.0213,900.0
2287.911290043503,-0.0151062146073452,-0.0204910496538099,0.0213,900.0
2288.0118423639833,-0.0147055657113514,-0.021583151178992,0.0213,900.0
2288.1108926474153,-0.0141293350425182,-0.0228511380157214,0.0213,900.0
2288.2115107714235,-0.013413333240282,-0.0241260937280958,0.0213,900.0
2288.3120781122743,-0.0125822069115975,-0.0253146094507546,0.0213,900.0
2288.412649506241,-0.0115826088345278,-0.0264918036508716,0.0213,900.0
2288.5131887136995,-0.010445735917375,-0.0275738652893471,0.0213,900.0
2288.613761299759,-0.0093035208238152,-0.0284777118392681,0.0213,900.0
2288.714331501633,-0.0080694898136809,-0.0292939248592894,0.0213,900.0
2288.8149005114137,-0.0068000325634275,-0.0299632326398671,0.0213,900.0
2288.9154618918,-0.0056630643472226,-0.0304478275675771,0.0213,900.0
2289.0160356699525,-0.004448555285984,-0.0308529818819465,0.0213,900.0
2289.116599911362,-0.0030998304125097,-0.0311926365049253,0.0213,900.0
2289.217178457886,-0.0020299513074328,-0.0313715846332811,0.0213,900.0
2289.3177505671083,-0.0009733565266372,-0.0314719704769818,0.0213,900.0
2289.4183188616335,0.0002902195124512,-0.0314984118629102,0.0213,900.0
2289.519576901108,0.0018497100001497,-0.0313989163168701,0.0213,900.0
2289.620100611359,0.0033040866661146,-0.0311578206110957,0.0213,900.0
2289.7206653296053,0.00480885348204,-0.0307560156112445,0.0213,900.0
2289.8111349283754,0.006098639152668,-0.0302716805629525,0.0213,900.0
2289.9116917788087,0.0074653343865491,-0.0296269210249416,0.0213,900.0
2290.0124286352693,0.0087385120350782,-0.0288623740605991,0.0213,900.0
2290.1147562204897,0.0099571241245439,-0.0279662691359539,0.0213,900.0
2290.2153228460847,0.0110889764428565,-0.026980030463395,0.0213,900.0
2290.3158954321443,0.0121122291099573,-0.0258774666009234,0.0213,900.0
2290.416568869263,0.0130322043762642,-0.024681106519178,0.0213,900.0
2290.517121904999,0.0138154764383985,-0.0234430339065051,0.0213,900.0
2290.6176875769197,0.0145090562375049,-0.0220804085279068,0.0213,900.0
2290.718253010422,0.0150696510147546,-0.0206399771099069,0.0213,900.0
2290.8188210665285,0.0154755204958256,-0.019164845408641,0.0213,900.0
2290.912249678284,0.0156944820257468,-0.0179770330769758,0.0213,900.0
2291.012820118576,0.0158239886998007,-0.0167803715358317,0.0213,900.0
2291.113674038559,0.0158549108473694,-0.0153590459682067,0.0213,900.0
2291.214256638199,0.0157958789335252,-0.014098345774477,0.0213,900.0
2291.314831131607,0.0156247047989818,-0.0128810886200937,0.0213,900.0
2291.41537129274,0.0152996137323301,-0.0114333437712747,0.0213,900.0
2291.515932196289,0.0148393959892245,-0.0100117138412498,0.0213,900.0
2291.616504067093,0.0142637586772193,-0.0086700591626663,0.0213,900.0
2291.7170733152925,0.0135260683887541,-0.0073199689912703,0.0213,900.0
2291.81762611261,0.0126954451807806,-0.0060965342867949,0.0213,900.0
2291.9181913076936,0.011715044961723,-0.0049038586711016,0.0213,900.0
2292.0187615095674,0.0106294401844173,-0.0038458993115454,0.0213,900.0
2292.1193269430696,0.0094465786800539,-0.0028829797753907,0.0213,900.0
2292.2198918997346,0.008235996210036,-0.0020647136546208,0.0213,900.0
2292.3204587637483,0.006901545812869,-0.0013526486351685,0.0213,900.0
2292.4109684168398,0.005670816291654,-0.000809927785086,0.0213,900.0
2292.51147209993,0.0042537722763261,-0.0003484923813642,0.0213,900.0
2292.6134880720674,0.0027373159705925,-4.126735554822042e-06,0.0213,900.0
2292.7140518366396,0.0012691203433929,0.0001919726900285,0.0213,900.0
2292.8146172701418,-0.0001483727546875,0.0002445576239268,0.0213,900.0
2292.9141849218904,-0.00133839946731,0.0001909526196089,0.0213,900.0
2293.014842384964,-0.0024092260638945,6.626860282187702e-05,0.0213,900.0
2293.115532034546,-0.0035156291574359,-0.0001488832860608,0.0213,900.0
2293.2161699472963,-0.0042352946353996,-0.0003211967157577,0.0213,900.0
2293.3167494474947,-0.004372,-0.0003548430267069,0.0213,900.0
2293.417349451691,-0.0045801161541793,-0.0008525868033031,0.0213,900.0
2293.5179203688203,-0.006400044888391,-0.0052051416901402,0.0213,900.0
2293.618488424927,-0.0092886748488083,-0.0121135198093879,0.0213,900.0
2293.719025009781,-0.0108133249479107,-0.0157598705874129,0.0213,900.0
2293.819581621796,-0.0109729999999999,-0.0161418268200094,0.0213,900.0
2293.9201360880434,-0.0109773421950564,-0.0160528360805665,0.0213,900.0
2294.0106543242036,-0.0109813126816673,-0.0157069845421394,0.0213,900.0
2294.111223095566,-0.0108834171336735,-0.014128504363538,0.0213,900.0
2294.2117935358583,-0.0105843697123338,-0.012696769489967,0.0213,900.0
2294.312368982941,-0.0100750358111439,-0.0112773017261551,0.0213,900.0
2294.416274899155,-0.0093720671302457,-0.0099106232920539,0.0213,900.0
2294.51684152475,-0.008483358452659,-0.0086950793080245,0.0213,900.0
2294.6173983751833,-0.0074294630003307,-0.0075705089455499,0.0213,900.0
2294.717962378174,-0.0062436083820011,-0.0066149979616813,0.0213,900.0
2294.818561905533,-0.0049943112579936,-0.0058717256966313,0.0213,900.0
2294.9191576181947,-0.0036262238248691,-0.0052886618601212,0.0213,900.0
2295.0197192369997,-0.0021249569692305,-0.0048750053007367,0.0213,900.0
2295.1204322516023,-0.0006332236441759,-0.0046798161092871,0.0213,900.0
2295.2109512030183,0.0006985678941263,-0.0046696529485935,0.0213,900.0
2295.3115194975435,0.0021835057965955,-0.0048570121578422,0.0213,900.0
2295.412083023697,0.0036284916878399,-0.0052675117226108,0.0213,900.0
2295.5126393972932,0.0050450807582589,-0.0058897438317032,0.0213,900.0
2295.6132014929353,0.006320385407877,-0.0066717698797655,0.0213,900.0
2295.713761681229,0.0074885022828518,-0.0076194759083875,0.0213,900.0
2295.814330452591,0.0084891437911784,-0.0086947139367564,0.0213,900.0
2295.91772209993,0.0093684132322678,-0.0099455208322824,0.0213,900.0
2296.018291109711,0.010069195939453,-0.0112993816819251,0.0213,900.0
2296.118852490097,0.0105711199860902,-0.0127186704715069,0.0213,900.0
2296.219392174393,0.0108613735076092,-0.0141796291605941,0.0213,900.0
2296.319930905014,0.0109762389257159,-0.0156925724327163,0.0213,900.0
2296.420445555359,0.0108767172061441,-0.0171400660690567,0.0213,900.0
2296.5109530626833,0.010600707482722,-0.0185155191453998,0.0213,900.0
2296.6114860712587,0.0101091980523306,-0.019903853794903,0.0213,900.0
2296.7134689032137,0.0093838223354123,-0.0212993943088124,0.0213,900.0
2296.8140362440645,0.0085483631550035,-0.0225001924225663,0.0213,900.0
2296.9145883261262,0.0075046814288093,-0.0236143322767543,0.0213,900.0
2297.015138739258,0.0063182859270074,-0.0245748146926033,0.0213,900.0
2297.1156755625307,0.0050323476928072,-0.0253668279239288,0.0213,900.0
2297.2162433802187,0.0036587172605523,-0.0259585141158056,0.0213,900.0
2297.316803091675,0.0022552162675417,-0.0263662784936612,0.0213,900.0
2297.41737472406,0.0007762647944913,-0.0265649534586274,0.0213,900.0
2297.514859551102,-0.0007280626080399,-0.0265790236166052,0.0213,900.0
2297.615419977814,-0.0021660345484123,-0.0263975766968696,0.0213,900.0
2297.719360941559,-0.0036884412521834,-0.0259705317779988,0.0213,900.0
2297.819928759247,-0.0051053584921056,-0.0253469409166178,0.0213,900.0
2297.920592182785,-0.0063519983315176,-0.0245754391637541,0.0213,900.0
2298.011107319504,-0.0074173619953345,-0.0237015879446888,0.0213,900.0
2298.1116729914247,-0.0084424261572215,-0.0226228093418798,0.0213,900.0
2298.212331169754,-0.0093182883414726,-0.0213923177870819,0.0213,900.0
2298.313450211197,-0.0100220480368878,-0.0200621423242842,0.0213,900.0
2298.4140227972566,-0.0105326736056175,-0.0186784893014953,0.0213,900.0
2298.5146061121523,-0.0108482273507541,-0.017226058619755,0.0213,900.0
2298.6151431738435,-0.010971137251504,-0.0161763359497716,0.0213,900.0
2298.7157093226015,-0.010973,-0.0161418268200095,0.0213,900.0
2298.81629716745,-0.0108545286530079,-0.0158834563068849,0.0213,900.0
2298.9168630777895,-0.0089728519012087,-0.0117797654125012,0.0213,900.0
2299.0204309164583,-0.0056918716035737,-0.0046246464902411,0.0213,900.0
2299.110969418198,-0.0047839957087414,-0.0026447548455291,0.0213,900.0
2299.2115391432344,-0.0045849999999999,-0.0022107845113968,0.0213,900.0
2299.3121398626863,-0.0051155121323897,-0.0024156979261579,0.0213,900.0
2299.412712925583,-0.0062567189106314,-0.0029291233344007,0.0213,900.0
2299.513233297974,-0.0075905396405957,-0.0036740429712273,0.0213,900.0
2299.613803738266,-0.0088388681115069,-0.0045590837336417,0.0213,900.0
2299.714371079117,-0.0099723719918465,-0.0055603560499695,0.0213,900.0
2299.814947479874,-0.0109537938880361,-0.0066278654366147,0.0213,900.0
2299.915515774399,-0.0118660229888996,-0.0078686370349091,0.0213,900.0
2300.0160714327394,-0.0126487404448002,-0.0092396051020898,0.0213,900.0
2300.116633289963,-0.0132347190247718,-0.0105708286144918,0.0213,900.0
2300.2172025381624,-0.0136930866177249,-0.0120141465877568,0.0213,900.0
2300.3177827536165,-0.0139892392829784,-0.0134618975046865,0.0213,900.0
2300.418900364548,-0.0141496346059302,-0.01496960536937,0.0213,900.0
2300.519440287262,-0.0141299177388851,-0.0165148673952579,0.0213,900.0
2300.6099375425874,-0.0139872195969338,-0.0178499118206085,0.0213,900.0
2300.710571879059,-0.0136834445119097,-0.019273450344029,0.0213,900.0
2300.811156147629,-0.0132181646570197,-0.0207194192778534,0.0213,900.0
2300.911722773224,-0.0125700505940148,-0.0221633378306313,0.0213,900.0
2301.0123027502596,-0.0118225106150626,-0.0234526973411495,0.0213,900.0
2301.112867468506,-0.0110611336032186,-0.0244938334886365,0.0213,900.0
2301.2134646116792,-0.0101650672593945,-0.0255120013168276,0.0213,900.0
2301.3140340982973,-0.0090479643576857,-0.026524978812217,0.0213,900.0
2301.414605969101,-0.0078453303970075,-0.0274219150235482,0.0213,900.0
2301.515169256836,-0.0065816927899275,-0.0281691031065426,0.0213,900.0
2301.6157616316377,-0.0052225855220054,-0.0287861744494899,0.0213,900.0
2301.7163401781618,-0.0037956900703627,-0.029269376562026,0.0213,900.0
2301.816898220688,-0.0023300009953656,-0.0295922526906516,0.0213,900.0
2301.9174679457246,-0.000836011530415,-0.0297652777798166,0.0213,900.0
2302.018045061737,0.000669893726729,-0.0297755498960522,0.0213,900.0
2302.118615740448,0.0022096625041572,-0.0296287655617765,0.0213,900.0
2302.219188803345,0.0036514017807791,-0.0293299283010207,0.0213,900.0
2302.3133977591096,0.0050433354400516,-0.0288796265492871,0.0213,900.0
2302.4139832197725,0.0063589712194079,-0.0282915352559337,0.0213,900.0
2302.514554136902,0.0077112276311521,-0.0275123275584002,0.0213,900.0
2302.615115755707,0.0089105651954133,-0.0266301562162967,0.0213,900.0
2302.715684765488,0.0100223594043341,-0.0256331903644596,0.0213,900.0
2302.8162413775026,0.0110055059297882,-0.024540427088475,0.0213,900.0
2302.916795366913,0.0118905805231109,-0.0233078388963077,0.0213,900.0
2303.0173600851595,0.0126710089364566,-0.0219545140948856,0.0213,900.0
2303.117965572983,0.0132780482404889,-0.0205596398246974,0.0213,900.0
2303.2185064493715,0.013731011603095,-0.0191242380022652,0.0213,900.0
2303.319079512268,0.0140335424708096,-0.0176691761633543,0.0213,900.0
2303.419647568375,0.0141602263155942,-0.0162400072565454,0.0213,900.0
2303.510152214676,0.0141494036611076,-0.0149138763312792,0.0213,900.0
2303.610726946503,0.0139901532122959,-0.0134027368504152,0.0213,900.0
2303.7112938105165,0.0136699210022577,-0.0119239810696797,0.0213,900.0
2303.814392203003,0.0131753258032666,-0.0104392868049183,0.0213,900.0
2303.9149590670168,0.0125332817014177,-0.0090423944760519,0.0213,900.0
2304.0155218779146,0.0117737483730144,-0.0077626147672858,0.0213,900.0
2304.1162489592134,0.0108952380283808,-0.006579029098706,0.0213,900.0
2304.216783636719,0.0098550042057897,-0.0054619173371944,0.0213,900.0
2304.317356938034,0.0088366495525918,-0.0045416918702685,0.0213,900.0
2304.417879456192,0.0080353584585499,-0.003960579483391,0.0213,900.0
2304.5184527575075,0.0067684957916123,-0.00317911064503,0.0213,900.0
2304.6190172373354,0.0053910873516721,-0.002510958614116,0.0213,900.0
2304.719579571396,0.0039472679005232,-0.0020145293937568,0.0213,900.0
2304.8100875555574,0.0026508517735057,-0.0017108112595487,0.0213,900.0
2304.910634153992,0.0012217099613643,-0.0015172552682743,0.0213,900.0
2305.011214846283,-0.0002657477498763,-0.0014733105407434,0.0213,900.0
2305.112652176529,-0.0018313296079539,-0.0015947718819062,0.0213,900.0
2305.2132147490083,-0.0033194679842014,-0.0018600820903058,0.0213,900.0
2305.313800924927,-0.0042939873116249,-0.0021163671581563,0.0213,900.0
2305.4143894850313,-0.0045849999999999,-0.0022107845113968,0.0213,900.0
2305.5149532496034,-0.0048132083839382,-0.0026064516828237,0.0213,900.0
2305.612917774826,-0.0062602070214815,-0.0051152781052528,0.0213,900.0
2305.7134905993044,-0.0101567993661312,-0.0118713866732529,0.0213,900.0
2305.8140526949464,-0.0124441805611778,-0.0158374886410361,0.0213,900.0
2305.915834540039,-0.012671,-0.0162307720275534,0.0213,900.0
2306.0163994967043,-0.0126888626517545,-0.0157642585291799,0.0213,900.0
2306.116965168625,-0.0126168948681083,-0.0145234310143483,0.0213,900.0
2306.2175232111513,-0.0123929124451356,-0.0130398225927714,0.0213,900.0
2306.318055981308,-0.0120143069740092,-0.0116221789645161,0.0213,900.0
2306.418622130066,-0.0114566010305292,-0.0102339351969945,0.0213,900.0
2306.519208544403,-0.0107356366122906,-0.0088722030215036,0.0213,900.0
2306.609727734238,-0.0099730692923237,-0.0077190988338716,0.0213,900.0
2306.7102941214143,-0.0089676169115828,-0.0066485520512579,0.0213,900.0
2306.8118797480165,-0.0077609311882748,-0.0055888003456317,0.0213,900.0
2306.912450188309,-0.0065164546437717,-0.0047624746286688,0.0213,900.0
2307.0170808970033,-0.0051454969530512,-0.0040414362468294,0.0213,900.0
2307.11764728418,-0.003709112249669,-0.0035136309269028,0.0213,900.0
2307.2182108103334,-0.0022502169777079,-0.0031659333394913,0.0213,900.0
2307.31877719751,-0.0008168572806834,-0.0029876729378466,0.0213,900.0
2307.4193366705476,0.0006802655721105,-0.0029876366651937,0.0213,900.0
2307.5098110376894,0.0020685064173502,-0.0031289483962493,0.0213,900.0
2307.610351198822,0.0035399793214292,-0.0034623017126236,0.0213,900.0
2307.711126917511,0.0049217480845936,-0.003951100980691,0.0213,900.0
2307.811839216858,0.0062886918750768,-0.0046209816516854,0.0213,900.0
2307.912398689896,0.0075206251943182,-0.0054177713153225,0.0213,900.0
2308.0129553019106,0.0086901346449988,-0.0063907897975057,0.0213,900.0
2308.113508576065,0.009740655436156,-0.0075044202796075,0.0213,900.0
2308.214044684082,0.0106510850771947,-0.0087610364483084,0.0213,900.0
2308.314594381958,0.011386768171867,-0.0100812321814258,0.0213,900.0
2308.415158384949,0.0119426884356033,-0.0114244681500048,0.0213,900.0
2308.5130170523225,0.012345399519761,-0.0128093456721742,0.0213,900.0
2308.6135808168947,0.0125924454129501,-0.0142933979251923,0.0213,900.0
2308.7141398130952,0.0126633396392398,-0.0157720406973934,0.0213,900.0
2308.8147023855745,0.0125625350702217,-0.0172951083207472,0.0213,900.0
2308.9166527926027,0.0122637744905011,-0.0188545941631489,0.0213,900.0
2309.0172172724306,0.0118262255693526,-0.0202973275716953,0.0213,900.0
2309.1177738844453,0.0111918124864844,-0.0216010508623845,0.0213,900.0
2309.218891256958,0.0103756734923984,-0.0229228757868514,0.0213,900.0
2309.3096858202516,0.0095585644111403,-0.023945192965136,0.0213,900.0
2309.4102445780336,0.0085028758320677,-0.0250123943826333,0.0213,900.0
2309.510808819443,0.0073408162634563,-0.0259643574916549,0.0213,900.0
2309.611384504944,0.0060690044688717,-0.0267469372655268,0.0213,900.0
2309.7126511274873,0.0046764854872102,-0.0273982430834564,0.0213,900.0
2309.8132272898256,0.0032344722575197,-0.0278764327221546,0.0213,900.0
2309.913798922211,0.0017689808066726,-0.0281660901644796,0.0213,900.0
2310.0143657862245,0.000242939797835,-0.0282899435095985,0.0213,900.0
2310.1149340807497,-0.0012901495460512,-0.028232878607747,0.0213,900.0
2310.215497130066,-0.0027803044839641,-0.0280125104545844,0.0213,900.0
2310.316057079941,-0.0041615075480698,-0.0276164473726414,0.0213,900.0
2310.4290558039247,-0.0057528835915673,-0.0269393855502646,0.0213,900.0
2310.5103281675874,-0.0068098368111897,-0.0263158926766903,0.0213,900.0
2310.610886686951,-0.0080234518739174,-0.0254305630050102,0.0213,900.0
2310.7114740549623,-0.0091115925880305,-0.0244170852857076,0.0213,900.0
2310.8120552240907,-0.0101051381634681,-0.0232576450926424,0.0213,900.0
2310.912628525406,-0.0109525672225147,-0.0219952822444386,0.0213,900.0
2311.01320039621,-0.0116170951141808,-0.0206738015406287,0.0213,900.0
2311.1137717901765,-0.0121322895259346,-0.0192886278255024,0.0213,900.0
2311.2143593966066,-0.0124786338477338,-0.0178248595098962,0.0213,900.0
2311.3149217306673,-0.0126585006793848,-0.0164522800447212,0.0213,900.0
2311.4154559313356,-0.012671,-0.0162307720275534,0.0213,900.0
2311.5159937082826,-0.0126709999999999,-0.0162307570860119,0.0213,0.0
2311.6165667711794,-0.012671,-0.0162300893813719,0.0213,0.0
2311.7171283899843,-0.012671,-0.0162279240712951,0.0213,0.0
2311.817710989624,-0.012671,-0.0162266195783099,0.0213,0.0
2311.913145178467,-0.012671,-0.0162262190461133,0.0213,0.0
2312.0137058435976,-0.012671,-0.016224994944163,0.0213,0.0
2312.1142834364473,-0.012671,-0.0162233235804119,0.0213,0.0
2312.2148612677156,-0.0126709999999999,-0.0162223171629882,0.0213,0.0
2312.315427654892,-0.012671,-0.0162213269337612,0.0213,0.0
2312.4160112082063,-0.012671,-0.0162197743793475,0.0213,0.0
2312.5172547041475,-0.012671,-0.016218851055347,0.0213,0.0
2312.61782347551,-0.0126709999999999,-0.016217667663582,0.0213,0.0
2312.7184051214754,-0.012671,-0.0162163830872819,0.0213,0.0
2312.8189738928377,-0.012671,-0.0162152411422283,0.0213,0.0
2312.9094628035127,-0.012671,-0.016214123717823,0.0213,0.0
2313.010023707062,-0.0126709999999999,-0.0162124410689793,0.0213,0.0
2313.1106001078188,-0.0126709999999999,-0.0162105152855384,0.0213,0.0
2313.212282055527,-0.012671,-0.0162091949546199,0.0213,0.0
2313.3128524958192,-0.0126709999999999,-0.0162085949064077,0.0213,0.0
2313.415036553055,-0.0126709999999999,-0.0162075905091562,0.0213,0.0
2313.516971224457,-0.012671,-0.0162061149605567,0.0213,0.0
2313.617525452286,-0.0126709999999999,-0.0162050385556426,0.0213,0.0
2313.7133606611787,-0.0126709999999999,-0.0162038077555957,0.0213,0.0
2313.8139349161684,-0.012671,-0.0162029512082149,0.0213,0.0
2313.9147471129,-0.012671,-0.0162009613809784,0.0213,0.0
2314.015309208542,-0.012671,-0.0161996062341643,0.0213,0.0
2314.115874642044,-0.0126709999999999,-0.0161989686577348,0.0213,0.0
2314.216434591919,-0.0126709999999999,-0.0161973150772842,0.0213,0.0
2314.3170038401186,-0.0126709999999999,-0.0161958121835647,0.0213,0.0
2314.4175597368776,-0.0126709999999999,-0.0161953341645071,0.0213,0.0
