8895.999135255814,-0.008308399999999994,0.012668129877649252,0.02627,687.4
8896.099181890488,-0.008308399999999994,0.012668129877649252,0.02627,687.4
8896.19917678833,-0.009652800000000003,0.011662430957088674,0.02627,687.4
8896.299186229706,-0.010789400000000005,0.010595325678419067,0.02627,687.4
8896.399113416672,-0.011814999999999992,0.009421269730007821,0.02627,687.4
8896.49918270111,-0.012775099999999998,0.00803947248160301,0.02627,687.4
8896.59918642044,-0.013313099999999994,0.007102184695191062,0.02627,687.4
8896.699127912521,-0.013891,0.00584583257500762,0.02627,687.4
8896.799109220505,-0.014256699999999997,0.0048603949972117755,0.02627,687.4
8896.899166584015,-0.014685400000000001,0.0032371220411156337,0.02627,687.4
8896.999146699905,-0.0149281,0.0016971857778993842,0.02627,687.4
8897.099185705185,-0.015009000000000008,0.00014004736173510446,0.02627,687.4
8897.199162244797,-0.014906200000000008,-0.0015356708037086303,0.02627,687.4
8897.299154043198,-0.014906200000000008,-0.0015356708037086303,0.02627,687.4
8897.399148464203,-0.014625299999999994,-0.0031909527880360222,0.02627,687.4
8897.499167442322,-0.014156199999999994,-0.004802869317706168,0.02627,687.4
8897.599169492722,-0.013858999999999996,-0.005585880588373296,0.02627,687.4
8897.69914150238,-0.013212199999999993,-0.006944475987644361,0.02627,687.4
8897.799162387848,-0.012744199999999997,-0.007755082340169105,0.02627,687.4
8897.8992831707,-0.011700399999999972,-0.009219783517594553,0.02627,687.4
8897.999159097672,-0.010663599999999995,-0.010384033425657031,0.02627,687.4
8898.09916138649,-0.009514099999999998,-0.011437351558982185,0.02627,687.4
8898.199119329453,-0.008154900000000007,-0.012422886951538127,0.02627,687.4
8898.299102067947,-0.006697499999999995,-0.013256401786435133,0.02627,687.4
8898.399126768112,-0.006697499999999995,-0.013256401786435133,0.02627,687.4
8898.49918961525,-0.0052701,-0.01388380265348825,0.02627,687.4
8898.5992166996,-0.0035478999999999927,-0.01440284186182008,0.02627,687.4
8898.699187517166,-0.0020174000000000025,-0.01469872513762651,0.02627,687.4
8898.799161434174,-0.0003438000000000052,-0.014830798587969936,0.02627,687.4
8898.899223327637,0.0012144999999999934,-0.014782746533827294,0.02627,687.4
8898.999180316925,0.002878499999999992,-0.014559786230822193,0.02627,687.4
8899.099211215973,0.0045047,-0.014142047595230502,0.02627,687.4
8899.19919204712,0.005964400000000009,-0.013594589204622372,0.02627,687.4
8899.299122810364,0.0074679999999999885,-0.012847665881942312,0.02627,687.4
8899.399160146713,0.0087753,-0.011998303650654234,0.02627,687.4
8899.499231100082,0.009530200000000003,-0.011424465537647803,0.02627,687.4
8899.59910440445,0.009530200000000003,-0.011424465537647803,0.02627,687.4
8899.699149608612,0.010214299999999996,-0.010819540311588792,0.02627,687.4
8899.799213171005,0.011378899999999983,-0.009610611774649683,0.02627,687.4
8899.899185657501,0.012330499999999994,-0.008375736356690255,0.02627,687.4
8899.999178886414,0.013213000000000003,-0.006947416571532326,0.02627,687.4
8900.099184513092,0.013922600000000007,-0.0054257792147942505,0.02627,687.4
8900.199188947678,0.014425099999999982,-0.003950015055223244,0.02627,687.4
8900.299149751663,0.014801099999999998,-0.0023136812394411663,0.02627,687.4
8900.399171829224,0.014979199999999998,-0.0006444935038404723,0.02627,687.4
8900.699180364609,0.014445199999999991,0.004222559618911534,0.02627,687.4
8900.799154043198,0.014445199999999991,0.004222559618911534,0.02627,687.4
8900.899143695831,0.013905799999999996,0.005812412557796801,0.02627,687.4
8900.999165296555,0.013247499999999982,0.007225904676502647,0.02627,687.4
8901.09918141365,0.012371599999999983,0.008658184775487465,0.02627,687.4
8901.199177265167,0.011425399999999988,0.009901151808768046,0.02627,687.4
8901.299185276031,0.010178800000000002,0.011193287633257068,0.02627,687.4
8901.399169445038,0.00962239999999999,0.011734411223542497,0.02627,687.4
8901.499172449112,0.008927699999999997,0.01222585535001669,0.02627,687.4
8901.599171161652,0.00753369999999999,0.013154238142570978,0.02627,687.4
8901.69915485382,0.0060332999999999914,0.01390759408033393,0.02627,687.4
8901.799149513245,0.004461899999999991,0.014498711369879697,0.02627,687.4
8901.8990650177,0.0029517999999999905,0.014886794672567163,0.02627,687.4
8901.999132156372,0.0029517999999999905,0.014886794672567163,0.02627,687.4
8902.099251508713,0.0014087000000000127,0.015109363716531737,0.02627,687.4
8902.199144601822,-0.00026899999999999147,0.015173242375896644,0.02627,687.4
8902.299187660217,-0.0020618999999999915,0.01503381439529156,0.02627,687.4
8902.399183034897,-0.0035917999999999783,0.01473436206469891,0.02627,687.4
8902.49916934967,-0.005085299999999987,0.014287812987790326,0.02627,687.4
8902.599085330963,-0.00663119999999999,0.01363342471860916,0.02627,687.4
8902.699214935303,-0.007428000000000004,0.013215155426879295,0.02627,687.4
8902.799200296402,-0.007428000000000004,0.013215155426879295,0.02627,687.4
8902.899158239365,-0.007746699999999995,0.012439617292402599,0.02627,687.4
8902.999228477478,-0.010888300000000004,0.004793219936172245,0.02627,0.0
8903.099113464355,-0.010888300000000004,0.004793219936172245,0.02627,0.0
8903.299180984497,-0.011323000000000014,0.0037351944121930616,0.02627,0.0
8903.399201393127,-0.011320199999999989,0.00374307959859288,0.02627,687.4
8903.499148845673,-0.010816899999999977,0.00504401253289272,0.02627,687.4
8903.59907746315,-0.01008439999999998,0.006419572873253912,0.02627,687.4
8903.699117898941,-0.009105700000000008,0.007782561427729907,0.02627,687.4
8903.799180269241,-0.008024000000000003,0.008904367796313976,0.02627,687.4
8903.89916586876,-0.006715300000000007,0.009954626739822316,0.02627,687.4
8903.999195337296,-0.005266899999999991,0.010801830905303553,0.02627,687.4
8904.099141836166,-0.0038277000000000033,0.011399813651310233,0.02627,687.4
8904.19916176796,-0.0022059999999999858,0.011831339432246367,0.02627,687.4
8904.299195766449,-0.0022059999999999858,0.011831339432246367,0.02627,687.4
8904.399188280106,-0.0005384999999999973,0.01201903588768307,0.02627,687.4
8904.499175786972,0.0011393999999999987,0.01198765533035015,0.02627,687.4
8904.599183797836,0.0026763000000000065,0.011728781917709527,0.02627,687.4
8904.699185848236,0.004281200000000013,0.011237652026684489,0.02627,687.4
8904.799138069153,0.005800400000000011,0.010524365141904267,0.02627,687.4
8904.899183273315,0.007103499999999999,0.009669492210712206,0.02627,687.4
8904.999186038971,0.00838090000000001,0.008580791623889753,0.02627,687.4
8905.099173307419,0.009474099999999985,0.0073074745626161945,0.02627,687.4
8905.1991584301,0.01033210000000001,0.0060065416283163475,0.02627,687.4
8905.299186468124,0.011052699999999999,0.004490708415762691,0.02627,687.4
8905.399146080017,0.011518500000000001,0.0030034337825829392,0.02627,687.4
8905.49917626381,0.011518500000000001,0.0030034337825829392,0.02627,687.4
8905.599156856537,0.01182090000000001,0.0012313950881650097,0.02627,687.4
8905.699177026749,0.011849799999999994,-0.0003266444520093337,0.02627,687.4
8905.79918885231,0.011686599999999991,-0.0018763097319830918,0.02627,687.4
8905.899187803268,0.01128280000000001,-0.0035051141791520024,0.02627,687.4
8905.999178171158,0.01064799999999999,-0.005058858378881488,0.02627,687.4
8906.099148511887,0.009806999999999996,-0.006510889955661597,0.02627,687.4
8906.19919371605,0.00884109999999999,-0.007733703452705312,0.02627,687.4
8906.299187421799,0.007641700000000001,-0.008907270327315864,0.02627,687.4
8906.399183273315,0.0063862000000000085,-0.009830435864246596,0.02627,687.4
8906.499168157578,0.004801100000000003,-0.010679581674845631,0.02627,687.4
8906.59917140007,0.004801100000000003,-0.010679581674845631,0.02627,687.4
8906.69914984703,0.0033380000000000076,-0.01121682197489552,0.02627,687.4
8906.799139738083,0.0018156999999999895,-0.011550106372908375,0.02627,687.4
8906.899166345596,0.00014390000000000236,-0.011695792130244673,0.02627,687.4
8906.99922156334,-0.0015307999999999988,-0.011592626935978269,0.02627,687.4
8907.099184513092,-0.0031759999999999983,-0.011261088553562858,0.02627,687.4
8907.199106693268,-0.004648199999999991,-0.010749110431212162,0.02627,687.4
8907.299125671387,-0.0061391999999999974,-0.009978670946430214,0.02627,687.4
8907.399139165878,-0.007516599999999998,-0.009019515276272663,0.02627,687.4
8907.499167442322,-0.008647700000000008,-0.007947171950810773,0.02627,687.4
8907.599184513092,-0.009709300000000004,-0.006647670796659115,0.02627,687.4
8907.6991045475,-0.009709300000000004,-0.006647670796659115,0.02627,687.4
8907.799112319946,-0.010576299999999997,-0.005210878936540521,0.02627,687.4
8907.899158239365,-0.01126669999999999,-0.0035504983025183984,0.02627,687.4
8907.999041557312,-0.01163889999999998,-0.0021605223459143924,0.02627,687.4
8908.099150657654,-0.011835899999999996,-0.0006144469118956261,0.02627,687.4
8908.199191093445,-0.011823700000000006,0.0011833430340223161,0.02627,687.4
8908.299174785614,-0.01158869999999998,0.002723907768137041,0.02627,687.4
8908.399186849594,-0.011323000000000014,0.0037351944121930616,0.02627,687.4
8908.499192476273,-0.011323000000000014,0.0037351944121930616,0.02627,687.4
8908.59918999672,-0.011323,0.0037352492649747604,0.02627,0.0
8908.699095249176,-0.011323000000000014,0.0037362688765543613,0.02627,0.0
8913.590419212851,-0.010211999999999999,0.026627000000000033,0.02627,0.0
