2620.496424908146,-0.011303,0.0031778586790355,0.02556,0.0
2620.5969934410896,-0.0113029999999999,0.0031762864178974,0.02556,0.0
2620.697558874592,-0.0113029999999999,0.0031744342110202,0.02556,0.0
2620.798104519352,-0.0113029999999999,0.0031724830982161,0.02556,0.0
2620.89867400597,-0.0113029999999999,0.0031707019400415,0.02556,0.0
2620.9891824669685,-0.011303,0.0031690790258365,0.02556,0.0
2621.0897436089363,-0.011303,0.003167038513101,0.02556,0.0
2621.190301413044,-0.011303,0.0031651379426489,0.02556,0.0
2621.2908201165046,-0.011303,0.0031632241639653,0.02556,0.0
2621.3913989014472,-0.0113029999999999,0.003161372288879,0.02556,0.0
2621.49432849358,-0.011303,0.0031594422863837,0.02556,0.0
2621.595226521,-0.011303,0.0031576094026295,0.02556,0.0
2621.695790762409,-0.0113029999999999,0.0031557996546694,0.02556,0.0
2621.796357626423,-0.0113029999999999,0.0031539804055706,0.02556,0.0
2621.896813625797,-0.0113029999999999,0.0031519737612539,0.02556,0.0
2621.9973988480415,-0.011303,0.0031500370159826,0.02556,0.0
2622.0979173130836,-0.011303,0.0031482457359492,0.02556,0.0
2622.1984999127235,-0.011303,0.0031462343886942,0.02556,0.0
2622.289022440418,-0.0113029999999999,0.0031445224495054,0.02556,0.0
2622.3895504422035,-0.011303,0.0031431124959255,0.02556,0.0
2622.4901091999855,-0.011303,0.0031425728217219,0.02556,0.0
2622.5906643814888,-0.011303,0.0031425539025372,0.02556,0.0
2622.6912357754554,-0.0108874373371789,0.0023891306329729,0.02556,0.0
2622.7917818970527,-0.0094593952436961,-0.0001997613876877,0.02556,0.0
2622.892353052601,-0.0077580872808011,-0.0032839390896021,0.02556,0.0
2622.996297354206,-0.0060588378653293,-0.0063644037452601,0.02556,0.0
2623.0968999810066,-0.0044273039552373,-0.0093220655818549,0.02556,0.0
2623.1974723286476,-0.0027510534436586,-0.012360835580402,0.02556,0.0
2623.2980372853126,-0.0010722549979651,-0.0154042580210117,0.02556,0.0
2623.398606056675,0.0005958063085005,-0.0184281710233545,0.02556,0.0
2623.489119286045,0.0021157857342093,-0.0211837144773749,0.02556,0.0
2623.5897045082893,0.0037729036158098,-0.0241876841748673,0.02556,0.0
2623.690271372303,0.0054129127202908,-0.0271608540774762,0.02556,0.0
2623.7908174939002,0.0064170612489372,-0.0289811020892658,0.02556,0.0
2623.891393894657,0.006573,-0.0292637734591161,0.02556,0.0
2623.991955513462,0.0069335170024628,-0.029074152284601,0.02556,900.0
2624.0925190396156,0.0078854930525704,-0.028518203158387,0.02556,900.0
2624.193082088932,0.0091134200994583,-0.0276771583196359,0.02556,900.0
2624.293589348301,0.0102849308461851,-0.026693122757581,0.02556,900.0
2624.394158834919,0.0113572989037994,-0.0255964974744175,0.02556,900.0
2624.4947216458168,0.0123197385891845,-0.0243929452378183,0.02556,900.0
2624.5980646557655,0.0131435765743551,-0.0230935496509328,0.02556,900.0
2624.688582653507,0.0137655906046758,-0.0219067598068584,0.02556,900.0
2624.7891061253395,0.0142964802582643,-0.0205597996875783,0.02556,900.0
2624.8896903939094,0.014714022696495,-0.0190981329253341,0.02556,900.0
2624.9902565426673,0.0149903722303403,-0.0175471844463909,0.02556,900.0
2625.0908360428657,0.0151043425420563,-0.0160492519999988,0.02556,900.0
2625.1914062447395,0.015074390664948,-0.0145988143883617,0.02556,900.0
2625.291978830799,0.0148931807184271,-0.0131046259341734,0.02556,900.0
2625.392559046253,0.0145660538189121,-0.0116152278158683,0.02556,900.0
2625.493113274082,0.0141085317532042,-0.0102077606241452,0.02556,900.0
2625.593674892887,0.0135005149261083,-0.008839370169934,0.02556,900.0
2625.6942403263893,0.0127436803007981,-0.0074935247911129,0.02556,900.0
2625.794805521473,0.0118560467372628,-0.0062391013813011,0.02556,900.0
2625.8953776306953,0.0108675456777856,-0.0051064801211827,0.02556,900.0
2625.996059412464,0.0097584654652575,-0.0040693979231835,0.02556,900.0
2626.09896659325,0.0085199931413444,-0.003137404122935,0.02556,900.0
2626.189503187641,0.0073650170499588,-0.0024368689367439,0.02556,900.0
2626.29018663834,0.0060113363978186,-0.0017614440695158,0.02556,900.0
2626.390754456028,0.004605890012498,-0.0012379038712594,0.02556,900.0
2626.49135350655,0.0031847009732547,-0.0008605151211917,0.02556,900.0
2626.5919096417274,0.0017276327378731,-0.0006150630604675,0.02556,900.0
2626.692480558857,0.0002143075791672,-0.0005154095149337,0.02556,900.0
2626.793048853382,-0.0012765658866857,-0.0005701712580903,0.02556,900.0
2626.8936147637214,-0.0027542127453532,-0.0007665573035705,0.02556,900.0
2626.9941966481056,-0.0042284886149772,-0.0011002823377547,0.02556,900.0
2627.094769234165,-0.0051580526759768,-0.0014036157421558,0.02556,900.0
2627.1952972359504,-0.0065415903164954,-0.0019882912578289,0.02556,900.0
2627.295868629917,-0.0078255182939201,-0.002696697167347,0.02556,900.0
2627.3964493222084,-0.0090927371454664,-0.0035553052472183,0.02556,900.0
2627.497003788456,-0.0102712165464874,-0.0045450350351398,0.02556,900.0
2627.600630278095,-0.011357923592619,-0.005668345085276,0.02556,900.0
2627.6911394543495,-0.0121905203809128,-0.0067030758458023,0.02556,900.0
2627.791684860691,-0.0130039520512739,-0.0079151962800309,0.02556,900.0
2627.8924403138008,-0.0136944857246734,-0.0092445804652819,0.02556,900.0
2627.9930112309303,-0.0142644228448597,-0.0106318754640253,0.02556,900.0
2628.0935823864784,-0.014713834444765,-0.0121145990138895,0.02556,900.0
2628.194161171421,-0.0149865497759586,-0.0135648742623691,0.02556,900.0
2628.2947387642707,-0.0151167220181882,-0.0150919376205462,0.02556,900.0
2628.3952908463325,-0.0150914338774338,-0.0165903895666761,0.02556,900.0
2628.495860094532,-0.0149221177002794,-0.018056939918057,0.02556,900.0
2628.5964348263587,-0.0145929553149684,-0.01954697637523,0.02556,900.0
2628.6970050282325,-0.0141159438388646,-0.0210024933795684,0.02556,900.0
2628.7975711769905,-0.0135151183743806,-0.0223919418669951,0.02556,900.0
2628.898142570957,-0.0127735640748431,-0.0236910608408828,0.02556,900.0
2628.9886584229316,-0.0120096864611635,-0.0247981809999922,0.02556,900.0
2629.08923291634,-0.0110359141171613,-0.0259589720012093,0.02556,900.0
2629.1898055023994,-0.0099252343050507,-0.0270341041557799,0.02556,900.0
2629.2903709359016,-0.0088063092059028,-0.0279265764254441,0.02556,900.0
2629.3908925003852,-0.0074662882928486,-0.0287835604487086,0.02556,900.0
2629.4915196842994,-0.0061243242405751,-0.0294525079287666,0.02556,900.0
2629.5925025887336,-0.0048592945745971,-0.0299450094962376,0.02556,900.0
2629.6930603928413,-0.0037770340512389,-0.0302659657314371,0.02556,900.0
2629.7936325020637,-0.0024085871321747,-0.0305459112622849,0.02556,900.0
2629.8941891140785,-0.0009345943757925,-0.0307124066532391,0.02556,900.0
2629.9947507328834,0.0005732785937238,-0.0307249481060166,0.02556,900.0
2630.095255369648,0.0021014087652692,-0.0305915605018119,0.02556,900.0
2630.1958048291053,0.0035812829100458,-0.030311220084947,0.02556,900.0
2630.296363825306,0.0050147533314759,-0.0298898113124934,0.02556,900.0
2630.39690207909,0.0061586917582473,-0.0294478068894349,0.02556,900.0
2630.4974400944557,0.0065729999999999,-0.0292637734591162,0.02556,900.0
2630.5979943222846,0.0064994968723739,-0.0291946439087426,0.02556,900.0
2630.6884441323127,0.0054928117374152,-0.0282478584725981,0.02556,900.0
2630.788997644886,0.000501984409775,-0.0235538515787357,0.02556,900.0
2630.8932561821784,-0.0054319385040869,-0.0179727808455712,0.02556,900.0
2630.9939866013374,-0.0098226008850834,-0.0138431630646454,0.02556,900.0
2631.094531530842,-0.011303,-0.0124507731700656,0.02556,900.0
2631.195096487507,-0.0112427323020558,-0.012254974183078,0.02556,900.0
2631.295644278034,-0.0109460392863184,-0.0114536269578705,0.02556,900.0
2631.3962349839057,-0.0103285592437276,-0.0100830118135753,0.02556,900.0
2631.4968047089424,-0.0095599095813677,-0.0088379449867279,0.02556,900.0
2631.5973701424446,-0.0085799776883877,-0.007632614718689,0.02556,900.0
2631.6878778881874,-0.0076103346132078,-0.0066947724691112,0.02556,900.0
2631.788367743,-0.0064318902970913,-0.0058298593900572,0.02556,900.0
2631.888923639759,-0.0050882189069173,-0.0050722192389361,0.02556,900.0
2631.99504327248,-0.0035687391969273,-0.0044694492976857,0.02556,900.0
2632.0956101364936,-0.0021326250656921,-0.0041141841999851,0.02556,900.0
2632.196173901066,-0.0006598214912895,-0.0039309811033803,0.02556,900.0
2632.2967355198707,0.000845092098549,-0.0039442252563188,0.02556,900.0
2632.397306437,0.002342255601811,-0.0041595615905226,0.02556,900.0
2632.4877996392097,0.0036614523240414,-0.0044884848544713,0.02556,900.0
2632.5883760399665,0.0050177712386436,-0.0050287495547688,0.02556,900.0
2632.6889059491004,0.0063965620897825,-0.0057879204808661,0.02556,900.0
2632.7921264118995,0.0075881486575367,-0.0066706928653658,0.02556,900.0
2632.892689938053,0.0086790722175432,-0.0077427434918014,0.02556,900.0
2632.993250364765,0.0096430475536339,-0.0089523253824124,0.02556,900.0
2633.095656866535,0.0104015123444637,-0.0102360688392819,0.02556,900.0
2633.1962313599433,0.0110039947343648,-0.0115951647025418,0.02556,900.0
2633.2967944092597,0.011433443822906,-0.0130866338884132,0.02556,900.0
2633.388048405155,0.0116474624373832,-0.0144261296229806,0.02556,900.0
2633.4885246701087,0.0117157818419371,-0.0158796035756241,0.02556,900.0
2633.5891220517005,0.0115825127621754,-0.017403272138777,0.02556,900.0
2633.689721340641,0.0112492803989899,-0.0189131454057785,0.02556,900.0
2633.790294880375,0.0107474746285746,-0.0203339979225718,0.02556,900.0
2633.89081286858,0.0100872806653393,-0.0216229307916833,0.02556,900.0
2633.989177698597,0.0092219790668768,-0.0228906044749364,0.02556,900.0
2634.09030675362,0.0082030931009486,-0.0239910044926006,0.02556,900.0
2634.1908805317726,0.0070672149491593,-0.024981410888818,0.02556,900.0
2634.2914533562507,0.0058246942773554,-0.0257960285226575,0.02556,900.0
2634.39201092194,0.0044559587743943,-0.0264601074387229,0.02556,900.0
2634.492590422138,0.0030731788526778,-0.0269379611325494,0.02556,900.0
2634.5931558556404,0.001640953840893,-0.0272234449445021,0.02556,900.0
2634.6937067456092,0.0001053820688009,-0.0273342650999969,0.02556,900.0
2634.794268364414,-0.0014521855494886,-0.0272547848763387,0.02556,900.0
2634.8958363480415,-0.0029374998720255,-0.0269784471599425,0.02556,900.0
2634.996404880985,-0.004306142637776,-0.0265297604061635,0.02556,900.0
2635.096977467045,-0.0056843017340694,-0.0258912498323151,0.02556,900.0
2635.1929912514533,-0.0069380250512458,-0.0250823598379146,0.02556,900.0
2635.2938234753456,-0.0080920313403824,-0.0241240430402784,0.02556,900.0
2635.3943476624336,-0.009073512932391,-0.0230525784651619,0.02556,900.0
2635.49491404961,-0.0099450830282723,-0.021821266361954,0.02556,900.0
2635.5964815564002,-0.0106563625941887,-0.0204902918613275,0.02556,900.0
2635.697056765064,-0.0111866219801702,-0.0190396227808636,0.02556,900.0
2635.7976367420997,-0.0115321746068123,-0.0175676658633342,0.02556,900.0
2635.8881461567726,-0.0117039348585269,-0.0162628792602074,0.02556,900.0
2635.988706821903,-0.0116826162434244,-0.014721835213659,0.02556,900.0
2636.090215677723,-0.0115043628145141,-0.0133261127050951,0.02556,900.0
2636.1907701439704,-0.011303,-0.0124507731700656,0.02556,900.0
2636.291313881382,-0.011303,-0.0124505861856948,0.02556,900.0
2636.3918976731147,-0.0113029999999999,-0.0124491007427323,0.02556,0.0
2636.4924671597328,-0.011303,-0.0124474947862585,0.02556,0.0
2636.588617557987,-0.0113029999999999,-0.0124467065088769,0.02556,0.0
2636.689205164417,-0.011303,-0.0124456824214405,0.02556,0.0
2636.789774174198,-0.011303,-0.012444266943738,0.02556,0.0
2636.8903582043495,-0.011303,-0.0124430931688529,0.02556,0.0
2636.990938181385,-0.011303,-0.0124420698319064,0.02556,0.0
2637.091453785404,-0.011303,-0.0124408587087255,0.02556,0.0
2637.192010397419,-0.011303,-0.0124397355038096,0.02556,0.0
2637.292576546177,-0.0113029999999999,-0.0124387938703208,0.02556,0.0
2637.3905472702827,-0.011303,-0.0124372676995101,0.02556,0.0
2637.4911150879707,-0.0113029999999999,-0.0124363800365414,0.02556,0.0
2637.5916545338478,-0.0113029999999999,-0.0124349148113396,0.02556,0.0
2637.6922230667915,-0.011303,-0.0124339375804643,0.02556,0.0
2637.7927904076423,-0.011303,-0.0124320796918823,0.02556,0.0
2637.8933677620735,-0.011303,-0.0124304341152349,0.02556,0.0
2637.9939780182685,-0.011303,-0.0124294276563025,0.02556,0.0
2638.094492430195,-0.0113029999999999,-0.0124285164018937,0.02556,0.0
2638.1950700230445,-0.011303,-0.0124273133743484,0.02556,0.0
2638.295650715336,-0.011303,-0.0124260728720602,0.02556,0.0
2638.396222824558,-0.011303,-0.0124251559906483,0.02556,0.0
2638.496809954151,-0.011303,-0.0124235916625101,0.02556,0.0
2638.5962297863807,-0.011303,-0.012422757830925,0.02556,0.0
2638.696807140812,-0.011303,-0.0124210097731661,0.02556,0.0
2638.7873268074836,-0.011303,-0.0124197784102591,0.02556,0.0
2638.8878924794044,-0.0113029999999999,-0.0124188965891631,0.02556,0.0
2638.989392990574,-0.0113029999999999,-0.0124173371576631,0.02556,0.0
2639.089946503147,-0.0113029999999999,-0.0124160327768893,0.02556,0.0
2639.1904659218635,-0.011303,-0.0124155256299253,0.02556,0.0
