4178.4392687269155,0.0091069999999999,0.0094850589656402,0.04757,0.0
4178.5398320146505,0.0091069999999999,0.0094833577466104,0.04757,0.0
4178.636453766436,0.0091069999999999,0.0094821233036168,0.04757,0.0
4178.73702730617,0.0091069999999999,0.00948062189919,0.04757,0.0
4178.837593454928,0.009107,0.0094788070632291,0.04757,0.0
4178.938113112063,0.0091069999999999,0.009477417911496,0.04757,0.0
4179.038679022402,0.0091069999999999,0.009475789244974,0.04757,0.0
4179.139256376833,0.009107,0.0094742246756032,0.04757,0.0
4179.239815849871,0.0091069999999999,0.0094725223012113,0.04757,0.0
4179.3403855749075,0.0091069999999999,0.0094708755221801,0.04757,0.0
4179.440938849062,0.0091069999999999,0.0094686066045396,0.04757,0.0
4179.541475910753,0.0091069999999999,0.0094669098023198,0.04757,0.0
4179.632745880694,0.0091069999999999,0.0094659292125345,0.04757,0.0
4179.73326196155,0.009107,0.009464323466623,0.04757,0.0
4179.8339399286215,0.0091069999999999,0.0094627818202784,0.04757,0.0
4179.934496540636,0.0091069999999999,0.0094613879817846,0.04757,0.0
4180.03505672893,0.0091069999999999,0.0094595616067963,0.04757,0.0
4180.135618586153,0.0091069999999999,0.0094577369188464,0.04757,0.0
4180.236569304079,0.0091069999999999,0.0094559076059862,0.04757,0.0
4180.33714498958,0.0091069999999999,0.0094549876968706,0.04757,0.0
4180.436156172365,0.0091069999999999,0.0094529102663667,0.04757,0.0
4180.536737103075,0.009107,0.0094513219304779,0.04757,0.0
4180.637308497042,0.0091069999999999,0.0094506562139676,0.04757,0.0
4180.7378946729605,0.0091069999999999,0.0094505669338288,0.04757,0.0
4180.838465113253,0.0090122093885068,0.0093626853602988,0.04757,0.0
4180.939028162569,0.0076240703382463,0.0080761419013109,0.04757,0.0
4181.039579290957,0.0051861663114279,0.0058166070035711,0.04757,0.0
4181.140188831896,0.0026597014361053,0.0034749120869919,0.04757,0.0
4181.240745205492,0.0002189015754771,0.0012126573716586,0.04757,0.0
4181.341309923739,-0.002205988442011,-0.0010348305736709,0.04757,0.0
4181.441873449892,-0.0046326968041804,-0.0032840372097914,0.04757,0.0
4181.532330650896,-0.0068805707338016,-0.0053674650541989,0.04757,0.0
4181.632857699007,-0.0092419266933359,-0.0075561050605965,0.04757,0.0
4181.733425516695,-0.0116873307766293,-0.0098226780314936,0.04757,0.0
4181.834003109545,-0.0141465365643737,-0.0121019773020555,0.04757,0.0
4181.934497971148,-0.0162730571627639,-0.0140729049945139,0.04757,0.0
4182.035993475527,-0.0171046947049186,-0.0148437032999412,0.04757,0.0
4182.136556763262,-0.0171069999999999,-0.0148458490535955,0.04757,0.0
4182.237130779833,-0.0171115317575591,-0.0149352551763591,0.04757,900.0
4182.33770050487,-0.0171142587970076,-0.0155256281541496,0.04757,900.0
4182.438274998278,-0.0170753966812189,-0.0167729704090856,0.04757,900.0
4182.538849968523,-0.0169285346895384,-0.0181046769416982,0.04757,900.0
4182.639417309374,-0.0166514146494658,-0.0195750545279268,0.04757,900.0
4182.739991564364,-0.0162662055642913,-0.0209672758252636,0.04757,900.0
4182.840561527819,-0.0157154888659414,-0.0224269264724503,0.04757,900.0
4182.941125292391,-0.0152015837086937,-0.0235053484723872,0.04757,900.0
4183.041647333712,-0.0146396932065695,-0.0245018200085419,0.04757,900.0
4183.132158417315,-0.0138982512800065,-0.0255903014403448,0.04757,900.0
4183.232744593233,-0.0129417923573457,-0.026810549656759,0.04757,900.0
4183.333306927294,-0.0119245955870235,-0.0278959764538316,0.04757,900.0
4183.434052366823,-0.0108067437322219,-0.0288895460278613,0.04757,900.0
4183.534965414614,-0.0095984662446783,-0.0297873263321661,0.04757,900.0
4183.635531086535,-0.0083588511418207,-0.030552889882817,0.04757,900.0
4183.736096520037,-0.0069696220428412,-0.0312691316657829,0.04757,900.0
4183.836662191958,-0.0055750558725885,-0.0318156934004544,0.04757,900.0
4183.937225718111,-0.0041892397152775,-0.0322271954235365,0.04757,900.0
4184.038487810702,-0.0026284294574144,-0.0325398465645083,0.04757,900.0
4184.139054913134,-0.0011656321366554,-0.0327046170617302,0.04757,900.0
4184.23960294208,0.0003638355734315,-0.0327310754738302,0.04757,900.0
4184.340184111208,0.0019029080248907,-0.0326254439042098,0.04757,900.0
4184.440755028338,0.0033926027006753,-0.032397625253686,0.04757,900.0
4184.541334290117,0.0048352744810606,-0.0320354154085338,0.04757,900.0
4184.631856102556,0.0060904815275607,-0.0316132866026009,0.04757,900.0
4184.732439894289,0.0074453523718892,-0.0310292414921317,0.04757,900.0
4184.832969803423,0.0088249215538579,-0.0302914739381105,0.04757,900.0
4184.93353952846,0.0100990982140122,-0.0294494790746824,0.04757,900.0
4185.034104961962,0.0112835682724069,-0.0285016294379898,0.04757,900.0
4185.134693760485,0.0123203479809434,-0.0275089843959372,0.04757,900.0
4185.23527206859,0.0133427345498458,-0.0263476069491091,0.04757,900.0
4185.335828919024,0.014237549042517,-0.0251111987172268,0.04757,900.0
4185.4360813089315,0.014794414195094,-0.0242416145931715,0.04757,900.0
4185.536622900576,0.0153748826853608,-0.0231200775244107,0.04757,900.0
4185.637187618822,0.0158909537408671,-0.0219744288567392,0.04757,900.0
4185.73775209865,0.0163059943542477,-0.0207812000206103,0.04757,900.0
4185.838277477831,0.0166576026420922,-0.0195485849289041,0.04757,900.0
4185.938841480822,0.0168673209025514,-0.0184719244856982,0.04757,900.0
4186.039394516558,0.017053286285547,-0.0169942492622781,0.04757,900.0
4186.139953989596,0.0171200238396509,-0.0154943615590617,0.04757,900.0
4186.240525621981,0.0170415856565911,-0.0139911663908911,0.04757,900.0
4186.34107484302,0.0168241909121605,-0.0125064363541973,0.04757,900.0
4186.441636700243,0.0166265439822599,-0.0115608921648096,0.04757,900.0
4186.532138962359,0.0162727707043944,-0.0103665572935454,0.04757,900.0
4186.633294005007,0.0158614523499266,-0.0092108201874745,0.04757,900.0
4186.733933825106,0.0153156785115625,-0.0080195329526382,0.04757,900.0
4186.834496397585,0.0147386354931085,-0.006927320355309,0.04757,900.0
4186.936175007433,0.01409549190603,-0.005939343861806,0.04757,900.0
4187.036651749224,0.0132250071023201,-0.0047667838121664,0.04757,900.0
4187.137221712679,0.0121913891192311,-0.0036275686703995,0.04757,900.0
4187.237801928133,0.0110526251037379,-0.0025689356429933,0.04757,900.0
4187.338376898379,0.0098783961782866,-0.0016449877638666,0.04757,900.0
4187.439072031588,0.0086067179446728,-0.0008293115596642,0.04757,900.0
4187.539637703509,0.0072990568795512,-0.0001504661424706,0.04757,900.0
4187.6403364129965,0.0058964881462917,0.0004317220197605,0.04757,900.0
4187.740910191149,0.0044847425951111,0.0008867766662198,0.04757,900.0
4187.841478724093,0.003001201167892,0.0012114210179198,0.04757,900.0
4187.932003635973,0.0016749665313641,0.0013921422503139,0.04757,900.0
4188.032678503603,0.0001649378678406,0.0014714168954431,0.04757,900.0
4188.133254427523,-0.0013916238795316,0.001426443186646,0.04757,900.0
4188.234457869143,-0.0028953371882284,0.0012311972767676,0.04757,900.0
4188.335032362551,-0.0043435871641785,0.0009213481707124,0.04757,900.0
4188.435567040056,-0.0057412805940793,0.0004955642800394,0.04757,900.0
4188.536146063418,-0.0071126645141017,-5.231776756230502e-05,0.04757,900.0
4188.641278643221,-0.0085473976740595,-0.0008011213707284,0.04757,900.0
4188.742287773699,-0.0098418845114386,-0.001626930514398,0.04757,900.0
4188.832814592928,-0.0109135681825824,-0.0024522019304338,0.04757,900.0
4188.9349221178,-0.0120580848697211,-0.0034970399034015,0.04757,900.0
4189.035514015764,-0.0130640900730237,-0.0045903202798947,0.04757,900.0
4189.136084217638,-0.0139717931109466,-0.0057669180437858,0.04757,900.0
4189.2366694398825,-0.0147362096695001,-0.0069279245808944,0.04757,900.0
4189.337240118593,-0.0153063774942169,-0.0079686438647242,0.04757,900.0
4189.437805313677,-0.0158082223578346,-0.0090844972885238,0.04757,900.0
4189.538365025133,-0.0163359665528476,-0.0105385672957283,0.04757,900.0
4189.638929981798,-0.0167327064180419,-0.0120460378491018,0.04757,900.0
4189.73951401195,-0.016994838637583,-0.0135328782029233,0.04757,900.0
4189.840087790102,-0.0170983435869233,-0.0147284252016316,0.04757,900.0
4189.940659422487,-0.0171067222037348,-0.0148401683109916,0.04757,900.0
4190.041245121569,-0.0171069999999999,-0.0148458490535955,0.04757,900.0
4190.141808170885,-0.0144069446300907,-0.0141443530847535,0.04757,900.0
4190.236095327944,-0.008675125332542,-0.0126551095505526,0.04757,900.0
4190.3366798349325,-0.0010923269679395,-0.0106849183128331,0.04757,900.0
4190.437269825548,0.0045469255513914,-0.0092196933426795,0.04757,900.0
4190.537850279421,0.006794,-0.0086358315072744,0.04757,900.0
4190.638414043993,0.0068601936419823,-0.0087072241293486,0.04757,900.0
4190.738980192751,0.007475274215395,-0.0093901158201835,0.04757,900.0
4190.839559216112,0.0083541358765255,-0.010618173589436,0.04757,900.0
4190.940127272219,0.0090130661959235,-0.011951093585958,0.04757,900.0
4191.040701050371,0.0094615182987817,-0.0133809293386201,0.04757,900.0
4191.141282696337,0.0096930412951765,-0.0149260779939628,0.04757,900.0
4191.23264612636,0.0096863634870152,-0.0163010328613056,0.04757,900.0
4191.333402771563,0.0094727339144353,-0.0177780890127732,0.04757,900.0
4191.433969158739,0.0090346295161054,-0.0191869906862323,0.04757,900.0
4191.534501928896,0.0084041849514595,-0.0205090973184017,0.04757,900.0
4191.635082859606,0.007553666530581,-0.021740362216248,0.04757,900.0
4191.7356537767355,0.0065136507391914,-0.0228519460289717,0.04757,900.0
4191.836234945864,0.0053452636465247,-0.023768997660992,0.04757,900.0
4191.936754126162,0.0040264585304201,-0.0245014448282018,0.04757,900.0
4192.0373317190115,0.002548409387796,-0.0250282918725802,0.04757,900.0
4192.137900251955,0.0011341870713641,-0.0252992490856642,0.04757,900.0
4192.238474983782,-0.0003809720769079,-0.0253433809933844,0.04757,900.0
4192.33402575931,-0.0018462118048735,-0.0251582073933363,0.04757,900.0
4192.434780974001,-0.0033204023385059,-0.0247587136561327,0.04757,900.0
4192.535343069643,-0.0046556556259527,-0.024157449916541,0.04757,900.0
4192.635863442034,-0.0058713732969986,-0.0233653850602781,0.04757,900.0
4192.736432928652,-0.0069935679016359,-0.0223695314105804,0.04757,900.0
4192.8371454664175,-0.007986335112402,-0.0211667896407261,0.04757,900.0
4192.937725205034,-0.0087634416032543,-0.0198526383516425,0.04757,900.0
4193.038301128954,-0.0092953010955956,-0.0185355764420387,0.04757,900.0
4193.138877052874,-0.0096294716093915,-0.017073517157457,0.04757,900.0
4193.239455837816,-0.0097336821323012,-0.0154797053478848,0.04757,900.0
4193.340017456621,-0.0095842077116398,-0.0139688309880293,0.04757,900.0
4193.440552849383,-0.009214445049292,-0.0125205922590392,0.04757,900.0
4193.541145462603,-0.0086253486243841,-0.0111617424302618,0.04757,900.0
4193.6318322606985,-0.0079289418069163,-0.0100152474736679,0.04757,900.0
4193.732395071596,-0.0069544852811397,-0.0088523537023669,0.04757,900.0
4193.834045786471,-0.0057940106698447,-0.0078419793657646,0.04757,900.0
4193.934626001925,-0.0045397998096041,-0.0070309613313889,0.04757,900.0
4194.035194534868,-0.0031930526153132,-0.0064368047150172,0.04757,900.0
4194.1357747503225,-0.00176460076978,-0.0060559560611526,0.04757,900.0
4194.23629059276,-0.0002756139928315,-0.0058980359672264,0.04757,900.0
4194.336868424029,0.0012105420315649,-0.0059623380118271,0.04757,900.0
4194.438452143282,0.0027400006001522,-0.0062925455434398,0.04757,900.0
4194.538999456972,0.0041760575043625,-0.0068486022774069,0.04757,900.0
4194.639526266665,0.0054539100050231,-0.0075826115412375,0.04757,900.0
4194.740095991701,0.0064415425555274,-0.0083395474376498,0.04757,900.0
4194.84067382297,0.0067938318419275,-0.0086357405250597,0.04757,900.0
4194.941243309588,0.0067977130550702,-0.0086317420622444,0.04757,900.0
4195.0317646451895,0.0077774896088527,-0.0075545510555299,0.04757,900.0
4195.132307667345,0.0104546842706382,-0.0046111915381366,0.04757,900.0
4195.232874531359,0.010616,-0.0044338175856398,0.04757,900.0
4195.333456654162,0.0105967891447855,-0.0044166985328762,0.04757,900.0
4195.434013743014,0.0103857979234024,-0.0042286814034367,0.04757,900.0
4195.535995859713,0.0092557917196459,-0.0033020265528008,0.04757,900.0
4195.636562246889,0.0079310524479504,-0.0024191649941151,0.04757,900.0
4195.737128157229,0.0065950279509846,-0.0017052283397261,0.04757,900.0
4195.837710041613,0.0052373386561573,-0.0011418059062751,0.04757,900.0
4195.938289064974,0.0038266829742007,-0.000708004488832,0.04757,900.0
4196.038860697359,0.0023422135143598,-0.000408027903496,0.04757,900.0
4196.139412302584,0.0008445108167983,-0.0002509085605944,0.04757,900.0
4196.2399701066915,-0.0006428425399651,-0.0002390633660654,0.04757,900.0
4196.340482134432,-0.0021678436943031,-0.0003784158327891,0.04757,900.0
4196.441050190539,-0.0036830322556828,-0.0006661878097681,0.04757,900.0
4196.531558651537,-0.0049290532814373,-0.0010219470506838,0.04757,900.0
4196.631767649264,-0.0063494806452077,-0.0015711019486938,0.04757,900.0
4196.732341904253,-0.0076480903160545,-0.0022533842992379,0.04757,900.0
4196.832913059801,-0.0089182562062255,-0.0030602664968992,0.04757,900.0
4196.933467526049,-0.0101206214081768,-0.0040169102974765,0.04757,900.0
4197.035025972933,-0.0112080596558745,-0.0050660752593284,0.04757,900.0
4197.135587114901,-0.0121968909734135,-0.0062274906829625,0.04757,900.0
4197.236138243288,-0.0129092932770832,-0.0072016561777336,0.04757,900.0
4197.336733002276,-0.0134727120568126,-0.008162828834021,0.04757,900.0
4197.438338179201,-0.0141351717176896,-0.0095065733758015,0.04757,900.0
4197.538900751681,-0.0146679848502834,-0.01092446566428,0.04757,900.0
4197.639452833742,-0.0150752601702888,-0.0124376244330663,0.04757,900.0
4197.740046400637,-0.0153166053513435,-0.0138708357037159,0.04757,900.0
4197.840581078142,-0.0154170502256115,-0.0153274248311294,0.04757,900.0
4197.941149611086,-0.0153590720524306,-0.0169113341713297,0.04757,900.0
4198.031651873202,-0.0151808462129508,-0.0182690480701154,0.04757,900.0
4198.132219929308,-0.0148599654225008,-0.0196834327831388,0.04757,900.0
4198.232791323275,-0.0143795593177474,-0.0211327421124607,0.04757,900.0
4198.334608454317,-0.0137506657716307,-0.0225623189126137,0.04757,900.0
4198.435163158983,-0.0131727313558919,-0.0236337491316482,0.04757,900.0
4198.5357705541555,-0.0125814154813269,-0.0245154758425841,0.04757,900.0
4198.636346716494,-0.0116659165670491,-0.0256871967292244,0.04757,900.0
4198.736924786181,-0.010632146926173,-0.0267829356414064,0.04757,900.0
4198.83749737224,-0.009446490024588,-0.0278068920614566,0.04757,900.0
4198.938167709917,-0.0082754140807618,-0.0286436766681755,0.04757,900.0
4199.0387302823965,-0.0069423761714339,-0.0293947291794288,0.04757,900.0
4199.139537949175,-0.0055524720939716,-0.0300116248827917,0.04757,900.0
4199.240129608721,-0.00413665513181,-0.0304747279428759,0.04757,900.0
4199.3407095857565,-0.0026560851748575,-0.0308008861631864,0.04757,900.0
4199.441275496096,-0.001163309524304,-0.0309897452028278,0.04757,900.0
4199.531797070116,0.0001761991042909,-0.0310300013401239,0.04757,900.0
4199.632877964586,0.0016802826395113,-0.03093840902268,0.04757,900.0
4199.73365463695,0.0031806386497898,-0.0307018195950084,0.04757,900.0
4199.8349663206045,0.0046434388258622,-0.0303216578380884,0.04757,900.0
4199.935526508898,0.0060289184603616,-0.0298155801989929,0.04757,900.0
4200.036022801012,0.0073884163307672,-0.0291583621249986,0.04757,900.0
4200.137853998751,0.0087630942402987,-0.0283223885802654,0.04757,900.0
4200.238420385927,0.0099247897331943,-0.0274191800634403,0.04757,900.0
4200.339180845827,0.0110153672154206,-0.0264057384656446,0.04757,900.0
4200.439754862398,0.012017701281235,-0.0252661189977303,0.04757,900.0
4200.540339369387,0.0128962365469581,-0.0240467856615448,0.04757,900.0
4200.640870709032,0.0136584118716633,-0.0227551180738141,0.04757,900.0
4200.731365341753,0.0142377209911146,-0.0215016576462459,0.04757,900.0
4200.831903595537,0.0146891282853832,-0.0202924529683925,0.04757,900.0
4200.932409901232,0.0149638498276373,-0.0192906190111794,0.04757,900.0
4201.032994169802,0.0152485397958446,-0.0178824441252448,0.04757,900.0
4201.133526463122,0.0153849046458085,-0.0167090214236791,0.04757,900.0
4201.234339851946,0.0154158881582676,-0.0153200645073195,0.04757,900.0
4201.334912438006,0.0153133812630725,-0.0138494151307761,0.04757,900.0
4201.435464758486,0.0150610801996205,-0.0123457939322739,0.04757,900.0
4201.536010403246,0.01478319841205,-0.011256687756686,0.04757,900.0
4201.636565823168,0.0143552954572701,-0.0100406098173305,0.04757,900.0
4201.737136025042,0.0138967336046535,-0.0089737264396468,0.04757,900.0
4201.837699074358,0.0132869907007148,-0.0078400421032085,0.04757,900.0
4201.93826617679,0.012450038497508,-0.0065658197606254,0.04757,900.0
4202.038833040804,0.0114735775391886,-0.0053582717256687,0.04757,900.0
4202.139415163607,0.0107481541836496,-0.0045682888173442,0.04757,900.0
4202.239979643435,0.010616,-0.0044338175856398,0.04757,900.0
4202.340551037401,0.0103469372380463,-0.004732252747357,0.04757,900.0
4202.441102404207,0.0086254226939801,-0.0066417029103613,0.04757,900.0
4202.531613249392,0.00802114823869,-0.0073120031304992,0.04757,900.0
4202.632141489596,0.007951,-0.007389816083578,0.04757,900.0
4202.732712406725,0.0079903425647192,-0.0074276579712025,0.04757,900.0
4202.833276171297,0.0086672139405765,-0.0081818073734409,0.04757,900.0
4202.933832306475,0.0095375165471253,-0.0093441564854821,0.04757,900.0
4203.034409184069,0.010267489251486,-0.0106445925191666,0.04757,900.0
4203.1349879690115,0.0108326017463661,-0.0120108702190655,0.04757,900.0
4203.235563892931,0.0112136177021656,-0.0134535304051385,0.04757,900.0
4203.336131949038,0.0114051822070374,-0.0149713361853288,0.04757,900.0
4203.436705250353,0.011393395343374,-0.0164912451725495,0.04757,900.0
4203.537268299669,0.0111922299563494,-0.0179989230053267,0.04757,900.0
4203.637844462008,0.0107998232106154,-0.0194303540689115,0.04757,900.0
4203.738388676256,0.0101781100937708,-0.0208268313793536,0.04757,900.0
4203.838953632921,0.009408734199239,-0.0221136860334051,0.04757,900.0
4203.939521212191,0.0085057221041871,-0.0232618772949649,0.04757,900.0
4204.040095705599,0.0074082446660856,-0.0243240016776124,0.04757,900.0
4204.140664238543,0.0061863752574907,-0.0252223852171446,0.04757,900.0
4204.241231102556,0.0048936580499403,-0.0259422423457988,0.04757,900.0
4204.3317381330435,0.003660089233109,-0.0264453950563357,0.04757,900.0
4204.4323059507315,0.0021903309354267,-0.0268465069720191,0.04757,900.0
4204.53288711986,0.0006451220985713,-0.0270387005216725,0.04757,900.0
4204.6334794946615,-0.0008153069414952,-0.0270295956478474,0.04757,900.0
4204.734055657,-0.0023082336418159,-0.026838488713629,0.04757,900.0
4204.834589857668,-0.0037904985458982,-0.0264276878881851,0.04757,900.0
4204.9351557680075,-0.0051529516105302,-0.0258277141557755,0.04757,900.0
4205.0357071348135,-0.0064288812881794,-0.0250720422740781,0.04757,900.0
4205.136277813524,-0.0075967927573812,-0.0241637709842818,0.04757,900.0
4205.236850638003,-0.0086610361852988,-0.0230750580916036,0.04757,900.0
4205.337425369829,-0.0095733497969588,-0.0218459137649325,0.04757,900.0
4205.437965054125,-0.0103001256765646,-0.0205439804647376,0.04757,900.0
4205.538548845858,-0.0108589820490754,-0.0191749661021018,0.04757,900.0
4205.639115233034,-0.0112338584818174,-0.0177031893257188,0.04757,900.0
4205.739862341494,-0.0114110155995879,-0.0161875012774387,0.04757,900.0
4205.84042705974,-0.0113944155898014,-0.0147000568858303,0.04757,900.0
4205.940995354265,-0.0111788566812573,-0.013156879442913,0.04757,900.0
4206.0315145441,-0.0108179485596046,-0.0119078917115176,0.04757,900.0
4206.132084269137,-0.0102220622272025,-0.0105309952019001,0.04757,900.0
4206.232697863192,-0.0094642695344412,-0.0092366148212965,0.04757,900.0
4206.333268780321,-0.0085456194733734,-0.008052743240845,0.04757,900.0
4206.433854240984,-0.0074551711239701,-0.0069791971765277,0.04757,900.0
4206.534582991213,-0.0062537433284669,-0.0060758029317118,0.04757,900.0
4206.635147232622,-0.0049785359354303,-0.0053573220632365,0.04757,900.0
4206.7356838174765,-0.0036075782936454,-0.0047869377539687,0.04757,900.0
4206.834282297701,-0.0021673634925802,-0.0044082524805971,0.04757,900.0
4206.93603124103,-0.0006335336477819,-0.0042187861177875,0.04757,900.0
4207.036597151369,0.0008373418460164,-0.0042233764366723,0.04757,900.0
4207.1371642538015,0.0023388029064321,-0.0044227014206425,0.04757,900.0
4207.237746853441,0.0038464350266836,-0.0048590960262294,0.04757,900.0
4207.338312525362,0.0052310114817936,-0.0054666418528201,0.04757,900.0
4207.438883204073,0.0065027497009215,-0.0062394185799595,0.04757,900.0
4207.539443630785,0.0075837193622619,-0.0070784096741109,0.04757,900.0
4207.640004057497,0.0079367619049571,-0.0073771075855289,0.04757,900.0
4207.7405711599295,0.0079509999999999,-0.0073898160835781,0.04757,900.0
4207.841134447664,0.0064151116655253,-0.0057242903549244,0.04757,900.0
4207.931651253313,0.0040045758004969,-0.0031102369970521,0.04757,900.0
4208.032233376116,0.00325,-0.0022917988654923,0.04757,900.0
4208.133684773058,0.0021856472797936,-0.0020815719483907,0.04757,900.0
4208.234399218172,0.000694019239754,-0.0019344974280769,0.04757,900.0
4208.334973234743,-0.0007951337057565,-0.001944586601734,0.04757,900.0
4208.435559172243,-0.0023159887889386,-0.0021198569382582,0.04757,900.0
4208.536097902865,-0.0037879509924707,-0.0024629441592248,0.04757,900.0
4208.636656660647,-0.0051712122118517,-0.0029417241293783,0.04757,900.0
4208.737201351732,-0.0065293255953983,-0.0035877736966336,0.04757,900.0
4208.837745089144,-0.0078393501238712,-0.0043974118762006,0.04757,900.0
4208.938300032229,-0.0090336686191641,-0.0053304441312281,0.04757,900.0
4209.038862127871,-0.0101265989791548,-0.0063916671218086,0.04757,900.0
4209.139423746676,-0.0110752964116823,-0.0075388922164478,0.04757,900.0
4209.230402845949,-0.0118273835958092,-0.0086787046433997,0.04757,900.0
4209.3312016912405,-0.0124981645560221,-0.0099755711927733,0.04757,900.0
4209.431725401491,-0.0130412043572857,-0.0114126228359579,0.04757,900.0
4209.532400269121,-0.0133967061805311,-0.0127113488327986,0.04757,900.0
4209.631796259493,-0.013593379868427,-0.0138440649097279,0.04757,900.0
4209.732493061632,-0.0136920849311347,-0.015183577035277,0.04757,900.0
4209.833030600161,-0.0136885666399854,-0.0164114113390367,0.04757,900.0
4209.933764595598,-0.0135882776601953,-0.0174535216885798,0.04757,900.0
4210.03434695682,-0.0133794229845048,-0.0186150737082288,0.04757,900.0
4210.135066647143,-0.0130163321748691,-0.0199194757230104,0.04757,900.0
4210.2356418558065,-0.0124930780322116,-0.0212841414621213,0.04757,900.0
4210.336211580843,-0.0117882748208232,-0.0226378833524909,0.04757,900.0
4210.436793703646,-0.0109643771606279,-0.0238781578884582,0.04757,900.0
4210.53737058124,-0.010009163801542,-0.0250033739778363,0.04757,900.0
4210.637933868975,-0.008868499560139,-0.0260787455296057,0.04757,900.0
4210.738502401919,-0.0077018429373595,-0.0269694775247878,0.04757,900.0
4210.8390730806295,-0.0064310089905648,-0.0277257037484096,0.04757,900.0
4210.939636845202,-0.0050757143897774,-0.028355022492548,0.04757,900.0
4211.030148167223,-0.003773797453635,-0.0287972478678319,0.04757,900.0
4211.130722660631,-0.0022965792283838,-0.0291346260735115,0.04757,900.0
4211.231284517855,-0.0008310727007804,-0.0293058443755397,0.04757,900.0
4211.331860441775,0.0007022595722843,-0.0293222157150114,0.04757,900.0
4211.432382006258,0.0022626443241702,-0.0291578728955618,0.04757,900.0
4211.536092180819,0.0037713383374638,-0.0288144551617229,0.04757,900.0
4211.636682171435,0.005182030385464,-0.0283358257835505,0.04757,900.0
4211.737261671633,0.0065106847411055,-0.0276983023800592,0.04757,900.0
4211.837827581972,0.007816475461811,-0.0268885646448375,0.04757,900.0
4211.938399691195,0.009024888633503,-0.0259426100015436,0.04757,900.0
4212.038975853533,0.0101023625862646,-0.0248788335308571,0.04757,900.0
4212.139518875689,0.0110523379555599,-0.0237256697505942,0.04757,900.0
4212.240088600725,0.0118661976532815,-0.0224658525467142,0.04757,900.0
4212.330585856051,0.0124924293386879,-0.0212657618183492,0.04757,900.0
4212.43111648044,0.0130289006526083,-0.019883834177072,0.04757,900.0
4212.53167905292,0.013416693804223,-0.0184561793343838,0.04757,900.0
4212.6322452016775,0.0136498090569503,-0.0169278473163657,0.04757,900.0
4212.732807535738,0.0137148899087552,-0.0154330916366788,0.04757,900.0
4212.8333763071005,0.01361083024421,-0.0139435244781626,0.04757,900.0
4212.933941502184,0.0133323911815356,-0.0124564901360177,0.04757,900.0
4213.03789581737,0.0128826047487224,-0.010955831203492,0.04757,900.0
4213.138466257662,0.0122965279538043,-0.0095842124663183,0.04757,900.0
4213.239051956743,0.0115665940519895,-0.008296016361857,0.04757,900.0
4213.33963002643,0.0106937758307225,-0.0070691768244069,0.04757,900.0
4213.430154461474,0.0098008909470575,-0.0060504180993031,0.04757,900.0
4213.5307308622305,0.0086854854973616,-0.0050381951496011,0.04757,900.0
4213.631295342058,0.0074358232882781,-0.0041090132470419,0.04757,900.0
4213.731863875002,0.0061923111195184,-0.0033982962127032,0.04757,900.0
4213.833472866625,0.0047755462556819,-0.0027718274786366,0.04757,900.0
4213.93397917232,0.0034257407481104,-0.0023382056680715,0.04757,900.0
4214.0345272012655,0.003272393931566,-0.0022977122963405,0.04757,900.0
4214.13507713756,0.00325,-0.0022917988654923,0.04757,900.0
4214.235643524737,0.0057940476020599,-0.0039645710130973,0.04757,900.0
4214.336213488192,0.0082835274678077,-0.0056013610371298,0.04757,900.0
4214.437515396685,0.0091069999999999,-0.006142760138774,0.04757,900.0
4214.53808035335,0.0094390388137498,-0.0064969259041149,0.04757,900.0
4214.638970989794,0.0102600002108138,-0.0074423597777858,0.04757,900.0
4214.739522833437,0.0111511610925192,-0.0087023691082607,0.04757,900.0
4214.830025333971,0.0118187856168755,-0.0098705237167123,0.04757,900.0
4214.930574793429,0.0123884959111928,-0.0112048235109828,0.04757,900.0
4215.03115214786,0.0128205456750339,-0.0127144700650317,0.04757,900.0
4215.131723303408,0.0130529262379964,-0.0141771891013313,0.04757,900.0
4215.232228655428,0.0131307336168684,-0.0156789127934601,0.04757,900.0
4215.332789558977,0.0130264091304712,-0.0172086859104662,0.04757,900.0
4215.433358091921,0.0127577053494098,-0.0186764062137916,0.04757,900.0
4215.533924479098,0.0123296220599108,-0.0201045186387085,0.04757,900.0
4215.634488005251,0.0117490921167893,-0.0214760582483137,0.04757,900.0
4215.735056061358,0.010994354875786,-0.0227960978665169,0.04757,900.0
4215.835625309557,0.0100630555022648,-0.0240624456544857,0.04757,900.0
4215.936203379244,0.0090542227411088,-0.0251479727464389,0.04757,900.0
4216.036773819536,0.007936938546484,-0.0260991590820174,0.04757,900.0
4216.129793066591,0.006746497313454,-0.0269116795721529,0.04757,900.0
4216.230356354326,0.005468861075346,-0.027574291979843,0.04757,900.0
4216.33092488727,0.0040750141161652,-0.0281057873422188,0.04757,900.0
4216.431508440584,0.0025485797373514,-0.028500752301067,0.04757,900.0
4216.532081026644,0.0010946045573932,-0.0287010057837217,0.04757,900.0
4216.632648605913,-0.0003621989018239,-0.0287466538862113,0.04757,900.0
4216.733224052996,-0.0019040787491595,-0.0286122215357278,0.04757,900.0
4216.833793301195,-0.0033901106085704,-0.028312240673697,0.04757,900.0
4216.934348721117,-0.0047989338476846,-0.027844954492157,0.04757,900.0
4217.034909386248,-0.0062319663035812,-0.0271901621983677,0.04757,900.0
4217.135480064959,-0.0074872653132514,-0.0264181458560153,0.04757,900.0
4217.236029524416,-0.008661380402156,-0.0255078102336501,0.04757,900.0
4217.336595196337,-0.009733619375006,-0.0244548960157953,0.04757,900.0
4217.437182802767,-0.010648259037716,-0.023311926833575,0.04757,900.0
4217.537745613665,-0.01149253811875,-0.0219752275198602,0.04757,900.0
4217.631497997851,-0.0120846143382396,-0.0207526058876943,0.04757,900.0
4217.7320279069845,-0.0125940383674664,-0.019306458384631,0.04757,900.0
4217.83272876224,-0.0129449827966626,-0.0178228023410237,0.04757,900.0
4217.933305639834,-0.013109541186876,-0.0163618625287922,0.04757,900.0
4218.033877272219,-0.0131033036460251,-0.0148619755275811,0.04757,900.0
4218.134420055956,-0.0129311414337971,-0.0133609564800684,0.04757,900.0
4218.235022444338,-0.0125873157928422,-0.0119157491009544,0.04757,900.0
4218.335585732073,-0.0120657867659449,-0.0104453262388373,0.04757,900.0
4218.436923403353,-0.0113870546208498,-0.0090858648447835,0.04757,900.0
4218.537497419924,-0.0105816869443361,-0.0078378900585071,0.04757,900.0
4218.638076204867,-0.0096457587804494,-0.0067084179348886,0.04757,900.0
4218.738637346834,-0.0085146783767223,-0.0056312527313514,0.04757,900.0
4218.839221138567,-0.0072954830104891,-0.0047115580417377,0.04757,900.0
4218.929735798449,-0.0061613864932325,-0.0040290585331459,0.04757,900.0
4219.030437607378,-0.0048133112857907,-0.0034182252582446,0.04757,900.0
4219.131014008135,-0.0034054162343952,-0.0029527156211437,0.04757,900.0
4219.231593031496,-0.0019539555888059,-0.002653791049138,0.04757,900.0
4219.33033432445,-0.000464968868827,-0.0025134694870707,0.04757,900.0
4219.431924957842,0.0010737666994773,-0.0025450623485979,0.04757,900.0
4219.532948631853,0.0026242740307513,-0.002756771821455,0.04757,900.0
4219.633512873263,0.0041001729522542,-0.0031349652312995,0.04757,900.0
4219.734056610674,0.0054331686592018,-0.003659784936509,0.04757,900.0
4219.834590811342,0.0068036557304535,-0.0043851410378452,0.04757,900.0
4219.93514861545,0.0080514335351724,-0.0052541252830562,0.04757,900.0
4220.035715479464,0.0088778968138377,-0.0059380322223168,0.04757,900.0
4220.136260408968,0.009107,-0.006142760138774,0.04757,900.0
4220.236832518191,0.0091069999999999,-0.0061421194386289,0.04757,0.0
4220.337399620623,0.009107,-0.0061408556080861,0.04757,0.0
4220.437958855242,0.0091069999999999,-0.0061396622672121,0.04757,0.0
4220.538519043535,0.0091069999999999,-0.0061387044410947,0.04757,0.0
4220.629021782488,0.0091069999999999,-0.0061378061721916,0.04757,0.0
4220.733664173693,0.0091069999999999,-0.0061366013547461,0.04757,0.0
4220.834179062456,0.009107,-0.0061355002457832,0.04757,0.0
4220.934732336611,0.0091069999999999,-0.0061344806927853,0.04757,0.0
4221.035285372347,0.0091069999999999,-0.0061333737385647,0.04757,0.0
4221.13583721599,0.0091069999999999,-0.0061322624865787,0.04757,0.0
4221.236408371538,0.0091069999999999,-0.0061311976866146,0.04757,0.0
4221.336966175646,0.0091069999999999,-0.0061299073985776,0.04757,0.0
4221.437512535662,0.0091069999999999,-0.0061288514480179,0.04757,0.0
4221.5380686708395,0.009107,-0.0061279548686219,0.04757,0.0
4221.638623613924,0.0091069999999999,-0.0061266912414918,0.04757,0.0
4221.729117769808,0.0091069999999999,-0.0061256220093085,0.04757,0.0
4221.829683441729,0.0091069999999999,-0.0061244185995043,0.04757,0.0
4221.930245537371,0.0091069999999999,-0.006123114037092,0.04757,0.0
4222.030768770785,0.0091069999999999,-0.0061220366992449,0.04757,0.0
4222.131335873217,0.0091069999999999,-0.0061211409030547,0.04757,0.0
4222.235873837084,0.0091069999999999,-0.0061200441406537,0.04757,0.0
4222.336432594866,0.0091069999999999,-0.0061188788040494,0.04757,0.0
4222.436987537951,0.0091069999999999,-0.0061178203424235,0.04757,0.0
4222.537579197497,0.0091069999999999,-0.006116735222431,0.04757,0.0
4222.638150591463,0.0091069999999999,-0.0061156803550891,0.04757,0.0
4222.732991118044,0.0091069999999999,-0.0061144950233807,0.04757,0.0
4222.833557982058,0.0091069999999999,-0.0061131031609898,0.04757,0.0
4222.934727091402,0.009107,-0.0061120445620113,0.04757,0.0
4223.035248417467,0.009107,-0.006111418047433,0.04757,0.0
4223.135825056643,0.009107,-0.0061098973871991,0.04757,0.0
4223.236355204195,0.0091069999999999,-0.0061086233599739,0.04757,0.0
4223.336922545046,0.009107,-0.0061075658731165,0.04757,0.0
4223.437505859942,0.0091069999999999,-0.006107381188164,0.04757,0.0
