4262.622799077573,0.00938,0.0091317653550847,0.04828,0.0
4262.723360934797,0.0093799999999999,0.0091300433377641,0.04828,0.0
4262.823931851926,0.0093799999999999,0.0091285553626864,0.04828,0.0
4262.924515882078,0.0093799999999999,0.0091269641938747,0.04828,0.0
4263.025082746091,0.00938,0.0091254563805383,0.04828,0.0
4263.125651755872,0.0093799999999999,0.0091240911660332,0.04828,0.0
4263.2262233882575,0.0093799999999999,0.0091221120709899,0.04828,0.0
4263.326749959531,0.00938,0.0091208644319348,0.04828,0.0
4263.427308478895,0.00938,0.0091191589771847,0.04828,0.0
4263.527900853696,0.00938,0.009117141609731,0.04828,0.0
4263.62847105557,0.00938,0.009115075312005,0.04828,0.0
4263.7290567546515,0.00938,0.009113728351919,0.04828,0.0
4263.825366416517,0.0093799999999999,0.0091123761994053,0.04828,0.0
4263.925935664716,0.00938,0.009110746263257,0.04828,0.0
4264.027530351224,0.0093799999999999,0.0091092446980582,0.04828,0.0
4264.128704944196,0.0093799999999999,0.0091077528169729,0.04828,0.0
4264.229293504301,0.00938,0.0091060253148039,0.04828,0.0
4264.3287760406165,0.00938,0.009104181031248,0.04828,0.0
4264.429351964536,0.00938,0.0091025894859447,0.04828,0.0
4264.529868760648,0.00938,0.0091014799622125,0.04828,0.0
4264.630399146619,0.00938,0.0090994172656262,0.04828,0.0
4264.722151675764,0.0093799999999999,0.0090982686060932,0.04828,0.0
4264.822696843687,0.00938,0.0090977414620507,0.04828,0.0
4264.924612918439,0.0093799999999999,0.0090976295830816,0.04828,0.0
4265.025296845975,0.0090165566599438,0.0088015563717046,0.04828,0.0
4265.125958362165,0.0073316514141949,0.0074289920458457,0.04828,0.0
4265.226525941434,0.0047902453212344,0.005358709603157,0.04828,0.0
4265.327110448423,0.0022792612718385,0.0033132142258312,0.04828,0.0
4265.427686133924,-0.0001390335551614,0.0013432233501123,0.04828,0.0
4265.528252282682,-0.0026619121417436,-0.000711967240369,0.04828,0.0
4265.628782907072,-0.0051123992146315,-0.0027081809682748,0.04828,0.0
4265.724819102827,-0.0074542771617207,-0.0046159221197945,0.04828,0.0
4265.825320878568,-0.009991491406331,-0.0066827851131632,0.04828,0.0
4265.925878921094,-0.0124471085830808,-0.0086832443007064,0.04828,0.0
4266.026402154508,-0.0149279964936496,-0.0107041806846179,0.04828,0.0
4266.126971164289,-0.0164755676747652,-0.0119648618589531,0.04828,0.0
4266.227535882535,-0.0168559999999999,-0.0122747761434669,0.04828,0.0
4266.32807914311,-0.0169219355376847,-0.0126738752289358,0.04828,900.0
4266.4286340861945,-0.0170574760374363,-0.0136879881814253,0.04828,900.0
4266.529210010114,-0.017161944145759,-0.014946739500405,0.04828,900.0
4266.62974134976,-0.0171721649415186,-0.0159079898098902,0.04828,900.0
4266.73021141583,-0.0171253749866508,-0.0169328821247775,0.04828,900.0
4266.830766597333,-0.0169482021821676,-0.0184468527079188,0.04828,900.0
4266.931412377897,-0.0166271807384704,-0.0199800456121315,0.04828,900.0
4267.021912732664,-0.016290337836802,-0.0210824883239978,0.04828,900.0
4267.126459756437,-0.0158799106430865,-0.0221907236509905,0.04828,900.0
4267.226993003431,-0.0152750684519557,-0.0234623912920921,0.04828,900.0
4267.327570596281,-0.0145570107508335,-0.0247235893447882,0.04828,900.0
4267.428149619642,-0.013697651451147,-0.0259734624671205,0.04828,900.0
4267.528722205701,-0.0127149330826318,-0.0271641698755635,0.04828,900.0
4267.629305282178,-0.0116686032445618,-0.0282230070343955,0.04828,900.0
4267.72985736424,-0.010534493863757,-0.0291846678218509,0.04828,900.0
4267.830428519788,-0.0093409320198103,-0.0300352319144557,0.04828,900.0
4267.931004443708,-0.0079928093502264,-0.0308394344483337,0.04828,900.0
4268.021528401914,-0.0067686114626744,-0.0314145715814666,0.04828,900.0
4268.122050204816,-0.0054264632990735,-0.0319252709679822,0.04828,900.0
4268.22262207562,-0.0039788946373245,-0.0323353036714484,0.04828,900.0
4268.323192277494,-0.0024261691856521,-0.0326221555182791,0.04828,900.0
4268.423758187833,-0.0009158826537937,-0.0327708272548297,0.04828,900.0
4268.524332204404,0.0005359094053972,-0.0327869865586002,0.04828,900.0
4268.62487689549,0.0020034703568282,-0.032679283952226,0.04828,900.0
4268.725443282667,0.0035267049797095,-0.0324319864339961,0.04828,900.0
4268.830238977018,0.0051041547846299,-0.0320179708842059,0.04828,900.0
4268.930789866987,0.0065191053275125,-0.0315146970954932,0.04828,900.0
4269.031358161512,0.0078903962532811,-0.030892147043712,0.04828,900.0
4269.121879258695,0.009047302133024,-0.0302392043686549,0.04828,900.0
4269.227253118101,0.0103672507386691,-0.0293262172601245,0.04828,900.0
4269.327856460157,0.0115172800809745,-0.0283770707605091,0.04828,900.0
4269.428433814588,0.0125834930046771,-0.0273167583346157,0.04828,900.0
4269.528959432188,0.0135392360320647,-0.0261886835322762,0.04828,900.0
4269.629528441968,0.0143904681297583,-0.0249842731374137,0.04828,900.0
4269.730088630262,0.0151780275678711,-0.0236508776223468,0.04828,900.0
4269.830653586927,0.0158297597694937,-0.0222712450864002,0.04828,900.0
4269.931398311201,0.0163402314021051,-0.0208879157078534,0.04828,900.0
4270.021917024198,0.0167050545344411,-0.0195914214073052,0.04828,900.0
4270.1273011356025,0.0170069573139645,-0.0180289691553964,0.04828,900.0
4270.227928081098,0.0171557200453734,-0.0165328717777502,0.04828,900.0
4270.32848850781,0.0171671910706372,-0.0150255027566642,0.04828,900.0
4270.429006496015,0.017043305948721,-0.0134570920873177,0.04828,900.0
4270.529568830076,0.016805889026867,-0.0120395873923331,0.04828,900.0
4270.630136170927,0.0164141290584266,-0.0105837665633039,0.04828,900.0
4270.730714955869,0.0159097139477623,-0.0091867226782178,0.04828,900.0
4270.83128062779,0.0152904007805248,-0.0078205401605154,0.04828,900.0
4270.921849647108,0.014613054742545,-0.0066206740127595,0.04828,900.0
4271.022446075025,0.013761439944507,-0.0053690215097276,0.04828,900.0
4271.123014607969,0.012814593285185,-0.0042060229174019,0.04828,900.0
4271.223589339796,0.011747690624255,-0.0030980154249455,0.04828,900.0
4271.325719752851,0.0106244249320295,-0.0021291817519137,0.04828,900.0
4271.426239648405,0.0093791584092916,-0.0012355246891868,0.04828,900.0
4271.5268086581855,0.0081107452472339,-0.0004812541389054,0.04828,900.0
4271.627393642011,0.0066715784464759,0.0002021551124642,0.04828,900.0
4271.728918233457,0.0053058335862797,0.0007069929822034,0.04828,900.0
4271.829497972074,0.003874763606302,0.0010988391741162,0.04828,900.0
4271.930057921949,0.002352456597575,0.0013753886634131,0.04828,900.0
4272.03062860066,0.0008141485383179,0.0015243300914116,0.04828,900.0
4272.131189027372,-0.0006518577343354,0.0015275340832757,0.04828,900.0
4272.2222916274695,-0.0019701844997714,0.0014215325761988,0.04828,900.0
4272.3228067546515,-0.0034836671142753,0.001188367009072,0.04828,900.0
4272.423369803968,-0.0050091396438495,0.0008063702192168,0.04828,900.0
4272.523902097288,-0.0063947035643796,0.0003152549097165,0.04828,900.0
4272.624459662977,-0.0077615713838383,-0.0003024796669412,0.04828,900.0
4272.730903544965,-0.0091373653421533,-0.0010720632607624,0.04828,900.0
4272.821384587827,-0.0102292651558232,-0.0018263287239189,0.04828,900.0
4272.9218944698005,-0.011410265723732,-0.0027995145456792,0.04828,900.0
4273.0224503665595,-0.0125106246243277,-0.0038748685481643,0.04828,900.0
4273.123031297269,-0.0135011332092471,-0.0050236458444227,0.04828,900.0
4273.223597684446,-0.0143706097141244,-0.006232731538537,0.04828,900.0
4273.324133077207,-0.0151271774286896,-0.0075254045075651,0.04828,900.0
4273.424694696012,-0.0157751715916107,-0.0088435445733955,0.04828,900.0
4273.525250592771,-0.0162336218958154,-0.0100090947647999,0.04828,900.0
4273.625015893522,-0.0165484339957414,-0.0110431872324617,0.04828,900.0
4273.725585141721,-0.0168469308904178,-0.0122347190074687,0.04828,900.0
4273.826159635129,-0.0168558826492597,-0.0122742578197528,0.04828,900.0
4273.926722446027,-0.0168559999999999,-0.0122747761434669,0.04828,900.0
4274.027278342786,-0.0130513059374754,-0.0117264721270303,0.04828,900.0
4274.127805629316,-0.005872771423663,-0.0106918552420006,0.04828,900.0
4274.228362956586,0.0017742766292138,-0.0095897397034311,0.04828,900.0
4274.328957000318,0.0058626059570512,-0.0090004934329085,0.04828,900.0
4274.429744163099,0.006922,-0.0088477904913395,0.04828,900.0
4274.521476903501,0.006923619580379,-0.0088496557259295,0.04828,900.0
4274.622051396909,0.0071772044086373,-0.0091525157487596,0.04828,900.0
4274.7226320892005,0.0079884006842081,-0.0101967354233418,0.04828,900.0
4274.82511750752,0.0087772769856807,-0.0115616004943084,0.04828,900.0
4274.926325002256,0.0092853122256894,-0.0129204954990237,0.04828,900.0
4275.026914754453,0.0096164885870484,-0.0144537440223907,0.04828,900.0
4275.127467790189,0.0096608410480466,-0.015917225092137,0.04828,900.0
4275.228041091505,0.0095028617421489,-0.0174109789570231,0.04828,900.0
4275.328634181562,0.0091025289492527,-0.0188451362759242,0.04828,900.0
4275.429197469297,0.0084720487726479,-0.0202559995074728,0.04828,900.0
4275.5297474055915,0.0076486322185619,-0.0215094775678779,0.04828,900.0
4275.630314746442,0.006640699654041,-0.0226278436259335,0.04828,900.0
4275.723679700437,0.0055424535791812,-0.0235375238914653,0.04828,900.0
4275.824261346403,0.0042378032534754,-0.0243014153895277,0.04828,900.0
4275.93080107266,0.0027749569420986,-0.0248865328505589,0.04828,900.0
4276.022719302717,0.0014677248172862,-0.0251840567754441,0.04828,900.0
4276.123278060499,-5.346553089788375e-05,-0.0253181191334059,0.04828,900.0
4276.22416416699,-0.0015268708049395,-0.0251767604730383,0.04828,900.0
4276.324722686353,-0.0029823717832522,-0.0248294561079012,0.04828,900.0
4276.4252778678565,-0.0043724626587028,-0.024238756603327,0.04828,900.0
4276.525893130842,-0.0056771190687519,-0.0234368401760302,0.04828,900.0
4276.626468339506,-0.0068000458194803,-0.0224797119659378,0.04828,900.0
4276.727038064542,-0.0077665204428589,-0.0213540110514934,0.04828,900.0
4276.827602067533,-0.0085590717578051,-0.0200954281017481,0.04828,900.0
4276.929054179731,-0.0091435453487316,-0.0187130435697817,0.04828,900.0
4277.029627481046,-0.0095254995348855,-0.0172204127527829,0.04828,900.0
4277.126307883802,-0.0096594466551855,-0.0157272635518498,0.04828,900.0
4277.226870217863,-0.0095781349530613,-0.014246742508185,0.04828,900.0
4277.327449241224,-0.0092711665808164,-0.0128468831669643,0.04828,900.0
4277.428006568494,-0.0086877822252619,-0.0113575046571576,0.04828,900.0
4277.528566518369,-0.0079060212133114,-0.0100717891679215,0.04828,900.0
4277.629119792524,-0.0069472550095209,-0.0089215373144635,0.04828,900.0
4277.729677358213,-0.0058614342848055,-0.0079566223385289,0.04828,900.0
4277.830271878782,-0.0046135071632364,-0.0071542083729979,0.04828,900.0
4277.930833259168,-0.0032425879935888,-0.0065367833057356,0.04828,900.0
4278.031397262159,-0.0017887824805385,-0.0061481712166581,0.04828,900.0
4278.121852078977,-0.000450993312427,-0.0059802638783986,0.04828,900.0
4278.222397962156,0.0010407260043452,-0.0060286765769287,0.04828,900.0
4278.33069507176,0.0026532616199957,-0.0063391257288007,0.04828,900.0
4278.431255498472,0.0040590768074755,-0.0068527678631876,0.04828,900.0
4278.521705785337,0.0053018446483671,-0.0075343280789057,0.04828,900.0
4278.626300492826,0.0065008176781347,-0.0084656111982384,0.04828,900.0
4278.726871171537,0.0068638631538764,-0.008792867408906,0.04828,900.0
4278.827436843458,0.006922,-0.0088477904913395,0.04828,900.0
4278.927995362821,0.0056128535837844,-0.0091369583194643,0.04828,900.0
4279.028562703672,0.0004582543768736,-0.0102755208107441,0.04828,900.0
4279.1291278987555,-0.0070132573014751,-0.0119258485871751,0.04828,900.0
4279.2296911864905,-0.0127594820577729,-0.0131950844753515,0.04828,900.0
4279.33021680409,-0.0153749999999999,-0.013772799523343,0.04828,900.0
4279.430593886915,-0.0153797418876444,-0.0138154848533972,0.04828,900.0
4279.521066346708,-0.0154104035401737,-0.0140989818268554,0.04828,900.0
4279.621627011838,-0.0154750562623047,-0.0156424231436378,0.04828,900.0
4279.722196260038,-0.0154002499552352,-0.0171186222561765,0.04828,900.0
4279.82276002461,-0.0151674165174081,-0.0186472420572945,0.04828,900.0
4279.923334994855,-0.0148127184136176,-0.0200825049730137,0.04828,900.0
4280.023875632825,-0.014305601094272,-0.0214965483699541,0.04828,900.0
4280.124453225675,-0.0136669894949569,-0.0228634119928842,0.04828,900.0
4280.225031056943,-0.0129083161107163,-0.0241412367180556,0.04828,900.0
4280.325613418165,-0.012016515860459,-0.0253626637898747,0.04828,900.0
4280.42619005734,-0.0110047932228552,-0.0265013889435602,0.04828,900.0
4280.526760736051,-0.0099295292452373,-0.0274968726518115,0.04828,900.0
4280.627341666761,-0.0087074841402112,-0.0284212861622475,0.04828,900.0
4280.727916160169,-0.0074110482991356,-0.029229197233149,0.04828,900.0
4280.827628531995,-0.0060275145421637,-0.0298843143629584,0.04828,900.0
4280.928157010618,-0.0046612900646108,-0.0303865011439284,0.04828,900.0
4281.02873078877,-0.0032012795006828,-0.030762890457809,0.04828,900.0
4281.129288116041,-0.0017437511662922,-0.0309973317378736,0.04828,900.0
4281.229849734846,-0.0002375383397222,-0.0310927603757418,0.04828,900.0
4281.330449023786,0.0012577218721614,-0.0310439520290405,0.04828,900.0
4281.420950570646,0.0026214588124873,-0.0308660150555237,0.04828,900.0
4281.521518388334,0.004132668233047,-0.0305396181828786,0.04828,900.0
4281.622106471601,0.0055055129504084,-0.0300866955134208,0.04828,900.0
4281.7307459502845,0.0069756648140352,-0.0294367279759236,0.04828,900.0
4281.821269193235,0.0081651647478711,-0.0287847927933566,0.04828,900.0
4281.921826043668,0.0094844062244122,-0.0278608230265514,0.04828,900.0
4282.022375264707,0.0106291487045022,-0.0268705319675355,0.04828,900.0
4282.122943320814,0.0116666874902123,-0.0257854694056915,0.04828,900.0
4282.223525205198,0.0125990407681456,-0.0245995601533679,0.04828,900.0
4282.324087777677,0.0134049325927188,-0.0233424975358652,0.04828,900.0
4282.424651303831,0.0140843046430508,-0.0220108962132736,0.04828,900.0
4282.525230327192,0.0146357788406859,-0.0206292024448488,0.04828,900.0
4282.625810304227,0.0150368051118145,-0.0192365192538986,0.04828,900.0
4282.726386466566,0.01529664096292,-0.0179796990535772,0.04828,900.0
4282.827086606565,0.0154132501205462,-0.0168725117677806,0.04828,900.0
4282.928557553831,0.0154735549372258,-0.015299617749171,0.04828,900.0
4283.029117742124,0.0153692597857272,-0.0138210278429911,0.04828,900.0
4283.129697242322,0.0151458737801199,-0.0123963056627363,0.04828,900.0
4283.230227151456,0.0148042623659108,-0.0111116839030693,0.04828,900.0
4283.330781379285,0.0143506551495578,-0.0098418117161696,0.04828,900.0
4283.421291986051,0.0138024157851577,-0.0086543457169945,0.04828,900.0
4283.521852412763,0.0130654652724073,-0.0073516486356019,0.04828,900.0
4283.622370400968,0.012186132456915,-0.0061139520317447,0.04828,900.0
4283.722941318098,0.011213850827079,-0.0049824135709684,0.04828,900.0
4283.824141660276,0.0101446803641591,-0.0039504463817035,0.04828,900.0
4283.924707809034,0.0089374856505022,-0.0030061380359147,0.04828,900.0
4284.02632299954,0.0076404361524674,-0.0021711849264699,0.04828,900.0
4284.1268898635535,0.0063253732644821,-0.0015032386866511,0.04828,900.0
4284.227473416868,0.0049767045365357,-0.000964287712799,0.04828,900.0
4284.34956018025,0.0031536895751932,-0.0004798226352174,0.04828,900.0
4284.43001071507,0.0019382183930181,-0.000276371360149,0.04828,900.0
4284.5305823474555,0.0004732175738549,-0.0001613772769945,0.04828,900.0
4284.621719756666,-0.0008881010637985,-0.0001909121958354,0.04828,900.0
4284.722285190168,-0.0024184505225965,-0.0003546695313657,0.04828,900.0
4284.8228685050635,-0.0038931662817138,-0.000659501048477,0.04828,900.0
4284.923430600706,-0.0052919681863642,-0.0010987161732085,0.04828,900.0
4285.02420202786,-0.006668846598785,-0.0016681265815076,0.04828,900.0
4285.124761977735,-0.0080053127177366,-0.0023939604789068,0.04828,900.0
4285.22324792439,-0.009251017925876,-0.0032255176508158,0.04828,900.0
4285.323811212125,-0.0103958302740875,-0.0041537533906261,0.04828,900.0
4285.424381652418,-0.0114576737447249,-0.005224345075044,0.04828,900.0
4285.524945893827,-0.0124585865942977,-0.0064466755145787,0.04828,900.0
4285.625508943143,-0.0132851541608698,-0.0077005731521852,0.04828,900.0
4285.726085820737,-0.0139868846999141,-0.0090223407311653,0.04828,900.0
4285.826657691541,-0.0145523873075974,-0.0103896952604492,0.04828,900.0
4285.927199760023,-0.014981384346922,-0.0118023167600879,0.04828,900.0
4286.0277625709205,-0.0152376961514712,-0.0129337079314295,0.04828,900.0
4286.128296056333,-0.0153424411391644,-0.0135546485151011,0.04828,900.0
4286.22887412602,-0.0153749999999999,-0.013772799523343,0.04828,900.0
4286.329402843061,-0.0147146199191797,-0.0136015417140515,0.04828,900.0
4286.430598893705,-0.0117574251978922,-0.0128346493819435,0.04828,900.0
4286.521109977308,-0.0044634217830277,-0.0109431067403702,0.04828,900.0
4286.622232595029,0.0030671950412514,-0.0089902341190767,0.04828,900.0
4286.722778955045,0.0074482027032654,-0.0078540585775233,0.04828,900.0
4286.823316970411,0.008151,-0.0076717928978104,0.04828,900.0
4286.923879781309,0.0085087117360193,-0.0080715978539151,0.04828,900.0
4287.024445930067,0.0092291199052986,-0.0090027840171085,0.04828,900.0
4287.124963679853,0.0100215996740611,-0.0103004345665637,0.04828,900.0
4287.225533166471,0.0106559866331985,-0.0116997567719141,0.04828,900.0
4287.321751990858,0.0110670793297881,-0.0130447076853057,0.04828,900.0
4287.422641435209,0.0113143838574122,-0.0144791524180795,0.04828,900.0
4287.524097123685,0.0113750901900345,-0.0160783598906233,0.04828,900.0
4287.624662795606,0.0112103347287743,-0.0175782203280837,0.04828,900.0
4287.730340400281,0.0108516061227829,-0.0190699634461398,0.04828,900.0
4287.820861497465,0.010339948212692,-0.0203622506162911,0.04828,900.0
4287.9214333682685,0.0096016304721389,-0.0216995967154995,0.04828,900.0
4288.023288646284,0.0087250399157808,-0.0228925460854428,0.04828,900.0
4288.12385670239,0.0077086286216967,-0.0239761746814055,0.04828,900.0
4288.224420705381,0.0065057469516669,-0.024939344567729,0.04828,900.0
4288.324980178419,0.0052046850086294,-0.0257180862238001,0.04828,900.0
4288.425536552015,0.0038657574528552,-0.0263090897293827,0.04828,900.0
4288.5260988860755,0.0024617559819705,-0.0267232933663867,0.04828,900.0
4288.626817622724,0.0009732656329018,-0.0269661966099693,0.04828,900.0
4288.727380195203,-0.0005230557363734,-0.0269909602756332,0.04828,900.0
4288.827950635496,-0.0020477432014543,-0.0268246941965398,0.04828,900.0
4288.9296270995765,-0.0035872259471148,-0.026431889588399,0.04828,900.0
4289.030197778287,-0.0049086143286738,-0.0258906209646138,0.04828,900.0
4289.120710769239,-0.0061051702542887,-0.025204673503317,0.04828,900.0
4289.221266189161,-0.0073117622879375,-0.0243143459200595,0.04828,900.0
4289.325851598325,-0.008437155810064,-0.023243818536395,0.04828,900.0
4289.426415839735,-0.0093752599487506,-0.0220412246629214,0.04828,900.0
4289.526975074354,-0.0101351992398531,-0.020741303387482,0.04828,900.0
4289.6275452762275,-0.0107198927640531,-0.0193812275667477,0.04828,900.0
4289.728099742475,-0.0111350812155839,-0.0179375688775917,0.04828,900.0
4289.828652062955,-0.0113429999668429,-0.0164825184124854,0.04828,900.0
4289.929182448926,-0.0113512602229786,-0.0149720849799623,0.04828,900.0
4290.030265966001,-0.0111603552207533,-0.0133789957238455,0.04828,900.0
4290.120778241697,-0.0108134454423478,-0.0120987635665637,0.04828,900.0
4290.22137037808,-0.0102396289705016,-0.0107091910062018,0.04828,900.0
4290.321878591123,-0.009514118145404,-0.0094287226251836,0.04828,900.0
4290.422452369276,-0.0086228428346482,-0.008242860364394,0.04828,900.0
4290.522994199338,-0.0075390934326146,-0.007135237588446,0.04828,900.0
4290.623558917585,-0.00634507152478,-0.006211874775657,0.04828,900.0
4290.720466294828,-0.005153995736087,-0.005503815854933,0.04828,900.0
4290.821029105726,-0.0037587585816451,-0.0049038963673785,0.04828,900.0
4290.921597400251,-0.0022262931706466,-0.0044781132147787,0.04828,900.0
4291.022155442777,-0.0007435539121605,-0.0042772494023202,0.04828,900.0
4291.13760415608,0.0008899077278461,-0.0042946604656736,0.04828,900.0
4291.228151479307,0.0022936176039701,-0.0044795324752285,0.04828,900.0
4291.3287116676,0.003752842455513,-0.004895208703291,0.04828,900.0
4291.429277101102,0.0051153482940108,-0.0054818065786455,0.04828,900.0
4291.529832044187,0.0063700467565789,-0.006227596360042,0.04828,900.0
4291.620342650953,0.0074351491843061,-0.0070395470045831,0.04828,900.0
4291.720937648359,0.0080617395581224,-0.0075847025746734,0.04828,900.0
4291.821467795911,0.008151,-0.0076717928978104,0.04828,900.0
4291.922182002607,0.0087813430143224,-0.0084535571565447,0.04828,900.0
4292.022746482435,0.01110792627404,-0.0113389796565573,0.04828,900.0
4292.123302856031,0.013751,-0.0146167488694872,0.04828,900.0
4292.2238709121375,0.0137096560497974,-0.0142436917127743,0.04828,900.0
4292.324417510572,0.013505284541243,-0.0129135097398316,0.04828,900.0
4292.424989381376,0.0131204666501033,-0.0114714192784531,0.04828,900.0
4292.519119659009,0.01264057941471,-0.0101848087445345,0.04828,900.0
4292.619691052976,0.0119894110715958,-0.0088272262754506,0.04828,900.0
4292.720223107877,0.0111822567413321,-0.0075502442836035,0.04828,900.0
4292.82102839047,0.0102065399946775,-0.006397701620625,0.04828,900.0
4292.921733060422,0.0091207327516181,-0.0053111358558156,0.04828,900.0
4293.022287765089,0.0079717410738682,-0.0044012089242719,0.04828,900.0
4293.122857966962,0.0067359212651083,-0.0036123348519599,0.04828,900.0
4293.223445573392,0.0053626643395855,-0.0029341214634664,0.04828,900.0
4293.324026980939,0.0039414128974468,-0.0024268965529546,0.04828,900.0
4293.424568811002,0.002421358547926,-0.0020670794793425,0.04828,900.0
4293.525141397062,0.0009927967357762,-0.0018944792016691,0.04828,900.0
4293.625704684797,-0.000517598202042,-0.0018757716331518,0.04828,900.0
4293.726274171415,-0.0020639042252422,-0.0020217135688755,0.04828,900.0
4293.826837697568,-0.0035644890652017,-0.0023385036320556,0.04828,900.0
4293.927409329954,-0.0049882954323868,-0.0028009919304776,0.04828,900.0
4294.021094241682,-0.0062597640023741,-0.0033704096722055,0.04828,900.0
4294.1218563705115,-0.0075720371702889,-0.0041332954474916,0.04828,900.0
4294.2223896175055,-0.0087698794498485,-0.0050086417406795,0.04828,900.0
4294.322958865705,-0.0098660808338674,-0.0060087297207615,0.04828,900.0
4294.423483052793,-0.0108882810973891,-0.0071814339636007,0.04828,900.0
4294.524026551786,-0.0117402548981716,-0.0084214995091248,0.04828,900.0
4294.624603190961,-0.0124462136380849,-0.0097313946035071,0.04828,900.0
4294.725151458326,-0.013000673025864,-0.011113565063037,0.04828,900.0
4294.825725236478,-0.0134168363332883,-0.0125615722752672,0.04828,900.0
4294.926305213514,-0.0136489986709265,-0.0137343258242005,0.04828,900.0
4295.026863494459,-0.0137454217445308,-0.0146459939990682,0.04828,900.0
4295.127425113264,-0.0137623401544952,-0.015795199561711,0.04828,900.0
4295.227987924161,-0.0136589520080684,-0.0172828089043846,0.04828,900.0
4295.322945275846,-0.0134279042505924,-0.0186740886554038,0.04828,900.0
4295.423599162641,-0.0130232116121576,-0.0200953615682236,0.04828,900.0
4295.524178424421,-0.0124655551927999,-0.021494813253545,0.04828,900.0
4295.624758401456,-0.0117343742507049,-0.0228707571414948,0.04828,900.0
4295.731969514432,-0.0108361088339207,-0.024143010766518,0.04828,900.0
4295.822486320081,-0.0099402941620333,-0.0251564838550904,0.04828,900.0
4295.923045793119,-0.0088260140811331,-0.0261916612587082,0.04828,900.0
4296.023597636762,-0.0076195445124256,-0.027085619777414,0.04828,900.0
4296.124171653333,-0.0063323966093806,-0.027850199009042,0.04828,900.0
4296.224728265348,-0.0049269069375968,-0.0284781276033792,0.04828,900.0
4296.325294414106,-0.0034889956700953,-0.0289424227839298,0.04828,900.0
4296.4258777290015,-0.0020549653536386,-0.0292378664658018,0.04828,900.0
4296.526444116178,-0.0005351876356203,-0.0293836716425476,0.04828,900.0
4296.62701121861,0.0010112237109064,-0.0293683858089792,0.04828,900.0
4296.727583566251,0.0025324437420349,-0.0291748452720401,0.04828,900.0
4296.828110852781,0.0039282194022342,-0.0288413955348354,0.04828,900.0
4296.928630509916,0.0054096974307642,-0.0282917104811254,0.04828,900.0
4297.019142070356,0.0065932567606752,-0.0277168844989205,0.04828,900.0
4297.119713225904,0.0078774598905328,-0.0269121333274108,0.04828,900.0
4297.22025124127,0.009039378732542,-0.0260072523608352,0.04828,900.0
4297.322956958356,0.0101461605966796,-0.0249235308129275,0.04828,900.0
4297.423499980512,0.0111272122557034,-0.0237193523710144,0.04828,900.0
4297.52407447392,0.0119373047765755,-0.0224810630471573,0.04828,900.0
4297.624641576353,0.0126065426421831,-0.0211606755576131,0.04828,900.0
4297.725222507062,0.0131472604418631,-0.0197087955347421,0.04828,900.0
4297.8257800727515,0.0135211222158695,-0.0182762935355023,0.04828,900.0
4297.926358380857,0.0137301227718477,-0.0167779824220021,0.04828,900.0
4298.027020373884,0.0137711525188446,-0.0152414015303603,0.04828,900.0
4298.127607503477,0.0137542176948641,-0.0147017263878332,0.04828,900.0
4298.228184857908,0.013751,-0.0146167488694872,0.04828,900.0
4298.32876030499,0.0133311663596858,-0.0138368540648108,0.04828,900.0
4298.419270434919,0.0112369429139742,-0.0099459860571802,0.04828,900.0
4298.519934573713,0.0095052315099136,-0.0067285284012379,0.04828,900.0
4298.620504775587,0.0093799999999999,-0.0064957953042814,0.04828,900.0
4298.721071162763,0.0094457824600346,-0.0065693476920399,0.04828,900.0
4298.821646371427,0.0098334838853805,-0.007029790893646,0.04828,900.0
4298.922207274976,0.0107762489928468,-0.0082374474075411,0.04828,900.0
4299.0235203891425,0.0115740247434365,-0.0095423652546461,0.04828,900.0
4299.124092021528,0.0121979532176786,-0.0109057786145827,0.04828,900.0
4299.2361969142585,0.0127109915960052,-0.0125127162106749,0.04828,900.0
4299.326712766233,0.0129593754718743,-0.0138384507067509,0.04828,900.0
4299.4274632125525,0.0130686423630702,-0.0153426896547379,0.04828,900.0
4299.528043666425,0.0130018475830429,-0.0168812179880724,0.04828,900.0
4299.628624835554,0.012768462668217,-0.0183744714409278,0.04828,900.0
4299.719100394788,0.0124170958823816,-0.019660190251438,0.04828,900.0
4299.819678226057,0.0118763916323287,-0.0210563703401013,0.04828,900.0
4299.920236983839,0.0111723392948289,-0.0224028305456613,0.04828,900.0
4300.020795980039,0.0103374596703242,-0.0236240626151087,0.04828,900.0
4300.12136332089,0.0093704751369551,-0.0247581457894643,0.04828,900.0
4300.2218424468665,0.0082267565340441,-0.0258145175910469,0.04828,900.0
4300.322419562879,0.0070333130801381,-0.0266639725471349,0.04828,900.0
4300.422982135358,0.0057278366805584,-0.0273786548670127,0.04828,900.0
4300.523555436674,0.0042977904181092,-0.0279636830943859,0.04828,900.0
4300.62412349278,0.0028538551321142,-0.0283745849299041,0.04828,900.0
4300.723210015836,0.0013776045293647,-0.0286102385235073,0.04828,900.0
4300.82377187306,-0.0001176234074332,-0.0286856946242982,0.04828,900.0
4300.924343267026,-0.0015756507654594,-0.0285897192869642,0.04828,900.0
4301.024906554761,-0.0030310007877911,-0.0283370010231612,0.04828,900.0
4301.125416675153,-0.0044747085677268,-0.0278897486082157,0.04828,900.0
4301.225994268003,-0.0058611002943922,-0.027272508245748,0.04828,900.0
4301.326543489042,-0.0072093353730212,-0.0265392704955176,0.04828,900.0
4301.427055755201,-0.0083943492641148,-0.0256658569428936,0.04828,900.0
4301.527599254194,-0.0095149699548902,-0.0245944158420818,0.04828,900.0
4301.628166595045,-0.0104902609727978,-0.0234251827607361,0.04828,900.0
4301.728728690687,-0.0113089603988803,-0.0221649074135887,0.04828,900.0
4301.819227614942,-0.01190887600178,-0.020986177263937,0.04828,900.0
4301.91979877049,-0.0124432255928427,-0.0195860994607882,0.04828,900.0
4302.020344892087,-0.0128221844224366,-0.0181151242270592,0.04828,900.0
4302.120902696195,-0.0130280457982433,-0.0166384736786734,0.04828,900.0
4302.22337881619,-0.0130564013854345,-0.0151349099148865,0.04828,900.0
4302.324023166242,-0.0129136401382988,-0.0136174381865313,0.04828,900.0
4302.424593129697,-0.0125955349316466,-0.0121265963607455,0.04828,900.0
4302.5251752525,-0.0121356221844213,-0.0107622565547298,0.04828,900.0
4302.62576452786,-0.0114847705404284,-0.0093752634942082,0.04828,900.0
4302.726328292432,-0.0106429814236188,-0.0080398682810877,0.04828,900.0
4302.826905170026,-0.0097453887528757,-0.0069212403215944,0.04828,900.0
4302.928638854566,-0.0086290283927148,-0.0058164781893505,0.04828,900.0
4303.019144216123,-0.0075640769417111,-0.0049797555573866,0.04828,900.0
4303.1197191863685,-0.0062797897757441,-0.004172773437329,0.04828,900.0
4303.220290103498,-0.0049083553094384,-0.0035167792667506,0.04828,900.0
4303.320938983503,-0.0034939014527363,-0.0030422447760491,0.04828,900.0
4303.421505609098,-0.0020267546517457,-0.0027249563089875,0.04828,900.0
4303.5220164447455,-0.0005320457432582,-0.0025727872212732,0.04828,900.0
4303.622582116666,0.0009750759074079,-0.0025900624508115,0.04828,900.0
4303.723151603284,0.0024601935129425,-0.002782122545216,0.04828,900.0
4303.833064714017,0.0040589596617823,-0.0031881361069171,0.04828,900.0
4303.923566260877,0.0053025130125378,-0.003675446579962,0.04828,900.0
4304.0241429000525,0.0066373812102495,-0.0043655661673161,0.04828,900.0
4304.124722400251,0.007866851287186,-0.0051839937897812,0.04828,900.0
4304.225274243894,0.0089213714362818,-0.0060734815859137,0.04828,900.0
4304.325840392652,0.0093675919100837,-0.0064837176593386,0.04828,900.0
4304.426438251081,0.0093799999999999,-0.0064957953042814,0.04828,900.0
4304.527003207746,0.00938,-0.0064954755607104,0.04828,0.0
4304.627573886457,0.00938,-0.0064943787905176,0.04828,0.0
4304.728142180982,0.0093799999999999,-0.0064931230079159,0.04828,0.0
4304.828722396436,0.00938,-0.0064921192292343,0.04828,0.0
4304.919231334272,0.0093799999999999,-0.00649137840283,0.04828,0.0
4305.020880380216,0.0093799999999999,-0.0064898806342118,0.04828,0.0
4305.121592917982,0.00938,-0.0064890235763494,0.04828,0.0
4305.222160258832,0.0093799999999999,-0.0064881035334197,0.04828,0.0
4305.322723784986,0.0093799999999999,-0.006486894471695,0.04828,0.0
4305.423253217283,0.00938,-0.0064856683091591,0.04828,0.0
4305.523816981855,0.00938,-0.0064845953112609,0.04828,0.0
4305.624382892194,0.0093799999999999,-0.0064835671299366,0.04828,0.0
4305.724895396772,0.00938,-0.006482526277805,0.04828,0.0
4305.8254589229255,0.00938,-0.0064814222324335,0.04828,0.0
4305.926000991407,0.0093799999999999,-0.0064801874254253,0.04828,0.0
4306.026566663328,0.0093799999999999,-0.0064789863835271,0.04828,0.0
4306.1271471172,0.00938,-0.0064777974872459,0.04828,0.0
4306.22770802075,0.00938,-0.0064766174125932,0.04828,0.0
4306.328275600019,0.00938,-0.0064754791009984,0.04828,0.0
4306.428801694456,0.0093799999999999,-0.0064745797713373,0.04828,0.0
4306.519309678617,0.00938,-0.0064735899551212,0.04828,0.0
4306.619875350538,0.00938,-0.0064723325244031,0.04828,0.0
4306.720442691389,0.00938,-0.0064711991119976,0.04828,0.0
4306.820187249723,0.0093799999999999,-0.0064702072529969,0.04828,0.0
4306.921854653898,0.0093799999999999,-0.0064692060434641,0.04828,0.0
4307.02241841847,0.0093799999999999,-0.0064680188613582,0.04828,0.0
4307.122966208997,0.00938,-0.0064666029307808,0.04828,0.0
4307.223536887708,0.00938,-0.0064654827630509,0.04828,0.0
4307.327188888135,0.00938,-0.0064643375960964,0.04828,0.0
4307.429146209302,0.00938,-0.0064634542761038,0.04828,0.0
4307.519655385557,0.00938,-0.0064622294217234,0.04828,0.0
4307.620177188459,0.00938,-0.0064611555970435,0.04828,0.0
4307.720760026517,0.00938,-0.0064605676918538,0.04828,0.0
