7475.199150323868,-0.005281999999999995,0.01541325053304373,0.019880000000000002,687.4
7475.2990527153015,-0.0055831999999999965,0.015312774060722255,0.019880000000000002,687.4
7475.399151325226,-0.00711959999999999,0.014645164743588887,0.019880000000000002,687.4
7475.499174118042,-0.008588200000000004,0.013830989336277875,0.019880000000000002,687.4
7475.599171876907,-0.009960200000000002,0.012863026564541628,0.019880000000000002,687.4
7475.6991901397705,-0.011137000000000008,0.011840167073370648,0.019880000000000002,687.4
7475.799159288406,-0.012215199999999996,0.010713771920061385,0.019880000000000002,687.4
7475.899182796478,-0.0132409,0.009384419803485266,0.019880000000000002,687.4
7475.999143838882,-0.014125099999999988,0.007957217563026354,0.019880000000000002,687.4
7476.099180459976,-0.014863699999999994,0.0064494859575615696,0.019880000000000002,687.4
7476.199169397354,-0.015394799999999986,0.004983548629508179,0.019880000000000002,687.4
7476.299124240875,-0.015394799999999986,0.004983548629508179,0.019880000000000002,687.4
7476.399072170258,-0.015839099999999995,0.003240459773504699,0.019880000000000002,687.4
7476.499055862427,-0.016052499999999997,0.0018167495642406883,0.019880000000000002,687.4
7476.599135160446,-0.016130000000000005,0.00013938319795971793,0.019880000000000002,687.4
7476.699186563492,-0.016045799999999985,-0.0015375503269432558,0.019880000000000002,687.4
7476.799189090729,-0.0157751,-0.003194773956388383,0.019880000000000002,687.4
7476.899185657501,-0.015341399999999991,-0.0048168107618564784,0.019880000000000002,687.4
7476.999085426331,-0.014790799999999993,-0.006275393559648297,0.019880000000000002,687.4
7477.099084615707,-0.014034399999999975,-0.007774338854703182,0.019880000000000002,687.4
7477.19904088974,-0.0131376,-0.009193774514691104,0.019880000000000002,687.4
7477.29903626442,-0.0121724,-0.01041831323616356,0.019880000000000002,687.4
7477.399045467377,-0.011003800000000008,-0.011623986953765562,0.019880000000000002,687.4
7477.499072551727,-0.011003800000000008,-0.011623986953765562,0.019880000000000002,687.4
7477.599076271057,-0.00981689999999999,-0.012635252806652779,0.019880000000000002,687.4
7477.699047803879,-0.008327299999999996,-0.013643696681580962,0.019880000000000002,687.4
7477.799052238464,-0.007062799999999994,-0.014331134500101074,0.019880000000000002,687.4
7477.899032592773,-0.005519300000000005,-0.014991759754844708,0.019880000000000002,687.4
7477.999047279358,-0.003911099999999987,-0.015474103335459913,0.019880000000000002,687.4
7478.09904551506,-0.002264299999999997,-0.01580083651246103,0.019880000000000002,687.4
7478.199056148529,-0.0011186000000000113,-0.015922810478175266,0.019880000000000002,687.4
7478.299148082733,0.00017999999999998573,-0.01596178277762756,0.019880000000000002,687.4
7478.399179697037,0.001855499999999996,-0.01585400800746716,0.019880000000000002,687.4
7478.49916434288,0.0033937999999999885,-0.01559942993527131,0.019880000000000002,687.4
7478.599150180817,0.005015600000000009,-0.015164942779278469,0.019880000000000002,687.4
7478.699182987213,0.005015600000000009,-0.015164942779278469,0.019880000000000002,687.4
7478.799160003662,0.006579899999999986,-0.014554918903524804,0.019880000000000002,687.4
7478.899178743362,0.00807730000000001,-0.013795109559510313,0.019880000000000002,687.4
7478.9991953372955,0.009386699999999998,-0.012948827309207912,0.019880000000000002,687.4
7479.0991859436035,0.0106961,-0.011898058500730127,0.019880000000000002,687.4
7479.199177026749,0.011899199999999999,-0.010726963927375446,0.019880000000000002,687.4
7479.299176931381,0.012962700000000008,-0.009427777008672991,0.019880000000000002,687.4
7479.399192810059,0.013829900000000006,-0.008132159144756866,0.019880000000000002,687.4
7479.4991817474365,0.014570299999999994,-0.006759895206070211,0.019880000000000002,687.4
7479.599102497101,0.01520740000000001,-0.005206521474212612,0.019880000000000002,687.4
7479.699161052704,0.015687000000000006,-0.003597370690078823,0.019880000000000002,687.4
7479.799163579941,0.015687000000000006,-0.003597370690078823,0.019880000000000002,687.4
7479.899072170258,0.015991900000000003,-0.001946404837364961,0.019880000000000002,687.4
7479.999114513397,0.016117299999999987,-0.00039242342577758965,0.019880000000000002,687.4
7480.099180936813,0.016100599999999993,0.001166419423646571,0.019880000000000002,687.4
7480.199184179306,0.015910699999999986,0.002834468823379486,0.019880000000000002,687.4
7480.299188137054,0.015545899999999988,0.004473393546346398,0.019880000000000002,687.4
7480.399202108383,0.015020199999999984,0.006068051690645955,0.019880000000000002,687.4
7480.499219894409,0.014320799999999995,0.007594592067558491,0.019880000000000002,687.4
7480.59917473793,0.013539399999999993,0.008943793476689985,0.019880000000000002,687.4
7480.699172735214,0.012553700000000001,0.010302975764521952,0.019880000000000002,687.4
7480.799199819565,0.011513900000000007,0.011464578532976916,0.019880000000000002,687.4
7480.899101257324,0.01028129999999998,0.012604585993279058,0.019880000000000002,687.4
7480.999273777008,0.01028129999999998,0.012604585993279058,0.019880000000000002,687.4
7481.099174976349,0.00893129999999999,0.013602693171720248,0.019880000000000002,687.4
7481.199138402939,0.0074871999999999855,0.014459116488989458,0.019880000000000002,687.4
7481.299196004868,0.0060745999999999994,0.015119350484692554,0.019880000000000002,687.4
7481.399186134338,0.004486699999999996,0.015664748624254,0.019880000000000002,687.4
7481.49918794632,0.0028530000000000083,0.01605273411218139,0.019880000000000002,687.4
7481.599191427231,0.001306600000000005,0.016253100168263417,0.019880000000000002,687.4
7481.699201583862,-0.0003718999999999806,0.016295837152022343,0.019880000000000002,687.4
7481.799163818359,-0.0012560000000000071,0.016251786994043994,0.019880000000000002,687.4
7481.899192810059,-0.0028104000000000046,0.01605241987673214,0.019880000000000002,687.4
7481.999166250229,-0.004448499999999994,0.01568355739570177,0.019880000000000002,687.4
7482.099131822586,-0.005281999999999995,0.015413250533043727,0.019880000000000002,687.4
7482.199192523956,-0.005281999999999995,0.015413250533043727,0.019880000000000002,687.4
7482.299187660217,-0.005281999999999995,0.01541325053304373,0.019880000000000002,687.4
7482.399183511734,-0.005666699999999997,0.01420414715775311,0.019880000000000002,0.0
7482.499153852463,-0.008267999999999998,0.006027451981525066,0.019880000000000002,0.0
7482.699186086655,-0.010624999999999996,-0.0013817650849776777,0.019880000000000002,0.0
7482.799137353897,-0.010624999999999996,-0.0013817650849776777,0.019880000000000002,687.4
7482.899125337601,-0.010694099999999998,-0.0008241656274028328,0.019880000000000002,687.4
7482.999193906784,-0.010718599999999995,0.0007336782832511948,0.019880000000000002,687.4
7483.09913444519,-0.010530499999999998,0.0022803613969995494,0.019880000000000002,687.4
7483.1991629600525,-0.010075199999999979,0.0038953579076552794,0.019880000000000002,687.4
7483.299180269241,-0.010075199999999979,0.0038953579076552794,0.019880000000000002,687.4
7483.399184465408,-0.009309599999999987,0.00552202508018609,0.019880000000000002,687.4
7483.499182462692,-0.008440799999999984,0.006815778322575943,0.019880000000000002,687.4
7483.599189519882,-0.007386699999999996,0.00796296547478818,0.019880000000000002,687.4
7483.699182987213,-0.005984600000000007,0.009087733218428828,0.019880000000000002,687.4
7483.799190759659,-0.0046321,0.009861546128476825,0.019880000000000002,687.4
7483.89915895462,-0.003180200000000022,0.01042885662213458,0.019880000000000002,687.4
7483.9991335868835,-0.001543600000000006,0.010797479080813032,0.019880000000000002,687.4
7484.0991563797,1.0399999999993748e-05,0.010917707030929768,0.019880000000000002,687.4
7484.199190855026,0.0016824000000000006,0.010773208295553255,0.019880000000000002,687.4
7484.299185991287,0.00331540000000001,0.01038825410251945,0.019880000000000002,687.4
7484.399050951004,0.004866599999999999,0.009747534372753858,0.019880000000000002,687.4
7484.499553203583,0.004866599999999999,0.009747534372753858,0.019880000000000002,687.4
7484.5992221832275,0.006197099999999997,0.008936515970019782,0.019880000000000002,687.4
7484.699202299118,0.007490899999999995,0.007868293146651172,0.019880000000000002,687.4
7484.799183130264,0.008595700000000012,0.006605899670425502,0.019880000000000002,687.4
7484.899180650711,0.0094355,0.005293512494939492,0.019880000000000002,687.4
7484.999183893204,0.010122499999999993,0.0037626559864134823,0.019880000000000002,687.4
7485.0991678237915,0.010533899999999999,0.0022597087951942534,0.019880000000000002,687.4
7485.199186086655,0.010726400000000011,0.0005929933608494545,0.019880000000000002,687.4
7485.299195289612,0.010668800000000006,-0.0010836259286043232,0.019880000000000002,687.4
7485.399163484573,0.010370500000000005,-0.0026132670776710873,0.019880000000000002,687.4
7485.599179983139,0.009016199999999988,-0.005673331893885879,0.019880000000000002,687.4
7485.699137926102,0.009016199999999988,-0.005673331893885879,0.019880000000000002,687.4
7485.799206018448,0.00798710000000001,-0.006998584299537557,0.019880000000000002,687.4
7485.899182319641,0.006780399999999992,-0.008164580223197493,0.019880000000000002,687.4
7485.999153137207,0.0055004999999999915,-0.009053913692708006,0.019880000000000002,687.4
7486.099121809006,0.00399469999999999,-0.009794383609136564,0.019880000000000002,687.4
7486.199113368988,0.002511300000000008,-0.01027182416957733,0.019880000000000002,687.4
7486.29918718338,0.0007341000000000153,-0.010537737877030343,0.019880000000000002,687.4
7486.399113416672,-0.0008236999999999828,-0.01053261843616693,0.019880000000000002,687.4
7486.499164819717,-0.0023656000000000094,-0.010308205561844828,0.019880000000000002,687.4
7486.599183797836,-0.00396669999999999,-0.009806033479842907,0.019880000000000002,687.4
7486.699198007584,-0.005474499999999979,-0.009069544668410041,0.019880000000000002,687.4
7486.799219369888,-0.005474499999999979,-0.009069544668410041,0.019880000000000002,687.4
7486.899199008942,-0.006847300000000001,-0.008104759692419528,0.019880000000000002,687.4
7486.999148130417,-0.008046999999999999,-0.006931821288707292,0.019880000000000002,687.4
7487.099189043045,-0.008998799999999987,-0.005698084206615668,0.019880000000000002,687.4
7487.199207305908,-0.009799600000000006,-0.004223339776983699,0.019880000000000002,687.4
7487.299280881882,-0.010362199999999988,-0.0026423917544371386,0.019880000000000002,687.4
7487.3991792202,-0.01062349999999998,-0.0013907470249078513,0.019880000000000002,687.4
7487.49920630455,-0.010624999999999996,-0.0013817650849776777,0.019880000000000002,687.4
7487.599141359329,-0.010621700000000012,-0.0013711141530414611,0.019880000000000002,0.0
7487.699260234833,-0.008605599999999991,0.00505499823982378,0.019880000000000002,0.0
7487.999140739441,-0.006020999999999999,0.013293218380089677,0.019880000000000002,0.0
7488.099153995514,-0.006020999999999999,0.013293218380089677,0.019880000000000002,687.4
7488.199172735214,-0.006020999999999999,0.013293218380089677,0.019880000000000002,687.4
7488.299126625061,-0.0070495,0.012767334506465673,0.019880000000000002,687.4
7488.399179935455,-0.008463099999999987,0.011861448146074295,0.019880000000000002,687.4
7488.4991755485535,-0.009675900000000001,0.010881835503631733,0.019880000000000002,687.4
7488.5991842746735,-0.010933799999999994,0.009595828050544063,0.019880000000000002,687.4
7488.699182987213,-0.011881999999999976,0.00835828470180838,0.019880000000000002,687.4
7488.799196481705,-0.012425599999999981,0.007507001616571314,0.019880000000000002,687.4
7488.899197816849,-0.013119799999999987,0.0061732355536214985,0.019880000000000002,687.4
7488.999208688736,-0.013730999999999993,0.004610174387343947,0.019880000000000002,687.4
7489.099183797836,-0.013730999999999993,0.004610174387343947,0.019880000000000002,687.4
7489.199184179306,-0.014156000000000002,0.0029858817013088297,0.019880000000000002,687.4
7489.299181461334,-0.014376100000000003,0.0014424534068976508,0.019880000000000002,687.4
7489.399160385132,-0.014429899999999996,-0.00023571626863325146,0.019880000000000002,687.4
7489.499147891998,-0.014278799999999994,-0.0019077467733617966,0.019880000000000002,687.4
7489.599162340164,-0.013977299999999998,-0.003437464946019958,0.019880000000000002,687.4
7489.699162244797,-0.013456800000000019,-0.0050335548704678115,0.019880000000000002,687.4
7489.799200057983,-0.012821599999999989,-0.006457362894491982,0.019880000000000002,687.4
7489.899173498154,-0.012273699999999999,-0.007427246520177164,0.019880000000000002,687.4
7489.999149799347,-0.011400399999999991,-0.008672772870072794,0.019880000000000002,687.4
7490.09916806221,-0.010384499999999977,-0.009855440290542451,0.019880000000000002,687.4
7490.199120759964,-0.009053999999999993,-0.011065779816461112,0.019880000000000002,687.4
7490.299156427383,-0.009053999999999993,-0.011065779816461112,0.019880000000000002,687.4
7490.399154663086,-0.007791900000000004,-0.011980962352231825,0.019880000000000002,687.4
7490.499181032181,-0.0064332,-0.012745576901660595,0.019880000000000002,687.4
7490.599125862122,-0.004890999999999993,-0.01340867445766019,0.019880000000000002,687.4
7490.69909787178,-0.0032793000000000128,-0.013878935326190854,0.019880000000000002,687.4
7490.799206972122,-0.0016257999999999967,-0.014167247651046634,0.019880000000000002,687.4
7490.899172067642,5.050000000000887e-05,-0.014260781643315838,0.019880000000000002,687.4
7490.999229431152,0.0016067999999999916,-0.014172052856460886,0.019880000000000002,687.4
7491.099194765091,0.003262100000000004,-0.013890801617586351,0.019880000000000002,687.4
7491.199180364609,0.004871200000000006,-0.013411831462237137,0.019880000000000002,687.4
7491.299179315567,0.006418000000000007,-0.01275887497320427,0.019880000000000002,687.4
7491.399176120758,0.007771700000000006,-0.011985376298605514,0.019880000000000002,687.4
7491.499138355255,0.007771700000000006,-0.011985376298605514,0.019880000000000002,687.4
7491.599546909332,0.009040599999999996,-0.011079685567734442,0.019880000000000002,687.4
7491.699149131775,0.0102825,-0.009950308248199688,0.019880000000000002,687.4
7491.799151182175,0.011394399999999985,-0.00869230792717908,0.019880000000000002,687.4
7491.899193286896,0.012278199999999989,-0.00740792788375997,0.019880000000000002,687.4
7491.999212265015,0.013080399999999992,-0.005933204245296718,0.019880000000000002,687.4
7492.099249362946,0.013697600000000004,-0.004371791279856339,0.019880000000000002,687.4
7492.199641942978,0.014109100000000013,-0.0028681385941473347,0.019880000000000002,687.4
7492.2991354465485,0.01436309999999999,-0.0012085612693751996,0.019880000000000002,687.4
7492.399170637131,0.01441919999999998,-0.00030849984433702765,0.019880000000000002,687.4
7492.499183654785,0.014395099999999994,0.0012457542203619977,0.019880000000000002,687.4
7492.5991888046265,0.014166899999999996,0.002909019205849364,0.019880000000000002,687.4
7492.699070453644,0.014166899999999996,0.002909019205849364,0.019880000000000002,687.4
7492.799070119858,0.013757800000000014,0.004537174390951155,0.019880000000000002,687.4
7492.899041652679,0.01320310000000001,0.005994227593834549,0.019880000000000002,687.4
7492.999030828476,0.012439499999999992,0.007489093969133699,0.019880000000000002,687.4
7493.099082708359,0.011504699999999993,0.00888367950163163,0.019880000000000002,687.4
7493.199061870575,0.010497399999999976,0.010073464240505123,0.019880000000000002,687.4
7493.299131631851,0.009185799999999994,0.011304456368229084,0.019880000000000002,687.4
7493.399077415466,0.007928699999999997,0.0122263087309404,0.019880000000000002,687.4
7493.4991183280945,0.0064772999999999775,0.013070160262324382,0.019880000000000002,687.4
7493.599148273468,0.004934099999999983,0.0137310019377571,0.019880000000000002,687.4
7493.69918346405,0.003443799999999997,0.014189221676540818,0.019880000000000002,687.4
7493.799141168594,0.003443799999999997,0.014189221676540818,0.019880000000000002,687.4
7493.899161338806,0.0019112000000000157,0.014474943094211774,0.019880000000000002,687.4
7493.999135732651,0.00023739999999999872,0.014604173775427456,0.019880000000000002,687.4
7494.099181175232,-0.0013201999999999936,0.014537920629566672,0.019880000000000002,687.4
7494.199163198471,-0.0029811000000000004,0.014294014280475817,0.019880000000000002,687.4
7494.299182653427,-0.004713599999999998,0.013810022499023342,0.019880000000000002,687.4
7494.399208784103,-0.0059878999999999905,0.013307242737291822,0.019880000000000002,687.4
7494.499203681946,-0.006020999999999999,0.013293218380089677,0.019880000000000002,687.4
7494.59921336174,-0.006020999999999999,0.013293218380089677,0.019880000000000002,0.0
7494.699131965637,-0.008403999999999995,0.007626405466269429,0.019880000000000002,0.0
7495.09913444519,-0.012303999999999995,-0.0016477766071908498,0.019880000000000002,0.0
7495.199093580246,-0.012303999999999995,-0.0016477766071908498,0.019880000000000002,687.4
7495.299095392227,-0.012415899999999994,-0.0004920195652577675,0.019880000000000002,687.4
7495.3991668224335,-0.012388999999999997,0.0013055747511399284,0.019880000000000002,687.4
7495.4991543293,-0.012178599999999998,0.002729187145643793,0.019880000000000002,687.4
7495.599174261093,-0.011679499999999995,0.004457036284985852,0.019880000000000002,687.4
7495.69914150238,-0.011051400000000003,0.005883707869306552,0.019880000000000002,687.4
7495.79918885231,-0.010247099999999995,0.007218591476955374,0.019880000000000002,687.4
7495.89922451973,-0.009202799999999983,0.008531781961691364,0.019880000000000002,687.4
7495.999216079712,-0.007997299999999999,0.009699091059570668,0.019880000000000002,687.4
7496.099187374115,-0.0066446000000000005,0.010692588662117884,0.019880000000000002,687.4
7496.19922375679,-0.0066446000000000005,0.010692588662117884,0.019880000000000002,687.4
7496.299206018448,-0.005275200000000008,0.011437786760369245,0.019880000000000002,687.4
7496.399204969406,-0.003709899999999988,0.01204353608684685,0.019880000000000002,687.4
7496.499228715897,-0.002077300000000018,0.012431305154085193,0.019880000000000002,687.4
7496.599207401276,-0.0005277000000000059,0.012594661347001351,0.019880000000000002,687.4
7496.69917011261,0.0011501000000000011,0.012559278893504125,0.019880000000000002,687.4
7496.799190759659,0.002807100000000007,0.012292464062041007,0.019880000000000002,687.4
7496.8992075920105,0.004300600000000002,0.011845286514234114,0.019880000000000002,687.4
7496.99920797348,0.0058314000000000005,0.011156947571703935,0.019880000000000002,687.4
7497.099197387695,0.007158099999999987,0.010339594368647221,0.019880000000000002,687.4
7497.19918346405,0.008461499999999997,0.009283098439576393,0.019880000000000002,687.4
7497.299145460129,0.008461499999999997,0.009283098439576393,0.019880000000000002,687.4
7497.399164915085,0.009618500000000002,0.00806722742258496,0.019880000000000002,687.4
7497.499160289764,0.010591199999999981,0.006699335847934553,0.019880000000000002,687.4
7497.599185705185,0.011324400000000012,0.005323482063292962,0.019880000000000002,687.4
7497.699198484421,0.011910099999999993,0.003750594065497735,0.019880000000000002,687.4
7497.799142122269,0.01226279999999999,0.0022328399989951647,0.019880000000000002,687.4
7497.899170160294,0.012430200000000002,0.0005632610043538183,0.019880000000000002,687.4
7497.999150753021,0.012380299999999997,-0.001114517412136494,0.019880000000000002,687.4
7498.099156856537,0.012088399999999985,-0.0027677391454172875,0.019880000000000002,687.4
7498.199165582657,0.01162619999999999,-0.0042564663499140495,0.019880000000000002,687.4
7498.299168586731,0.010920300000000008,-0.005779242042519991,0.019880000000000002,687.4
7498.399167060852,0.010020199999999979,-0.007195402092002028,0.019880000000000002,687.4
7498.4991543293,0.010020199999999979,-0.007195402092002028,0.019880000000000002,687.4
7498.599171876907,0.009020500000000028,-0.008390816136708432,0.019880000000000002,687.4
7498.699164390564,0.007792599999999983,-0.009535118937455345,0.019880000000000002,687.4
7498.7991771698,0.00641170000000002,-0.010490000058336932,0.019880000000000002,687.4
7498.899174690247,0.005027300000000012,-0.011206248318173857,0.019880000000000002,687.4
7498.999154806137,0.0034489999999999937,-0.011776810820674426,0.019880000000000002,687.4
7499.099165678024,0.0016907000000000033,-0.0121517146577471,0.019880000000000002,687.4
7499.199162721634,0.00025639999999998997,-0.012265587016372412,0.019880000000000002,687.4
7499.299151420593,-0.0014201999999999965,-0.012191685895969633,0.019880000000000002,687.4
7499.399166584015,-0.003186399999999978,-0.011852870006884016,0.019880000000000002,687.4
7499.499187707901,-0.0046640000000000015,-0.01135703272520483,0.019880000000000002,687.4
7499.599190711975,-0.006069399999999975,-0.010683737869815878,0.019880000000000002,687.4
7499.6991720199585,-0.006069399999999975,-0.010683737869815878,0.019880000000000002,687.4
7499.799181461334,-0.007476400000000008,-0.009769240037366102,0.019880000000000002,687.4
7499.899136543274,-0.008751099999999998,-0.008677186816446483,0.019880000000000002,687.4
7499.999181985855,-0.00978709999999998,-0.007512329228654364,0.019880000000000002,687.4
7500.09917640686,-0.010730599999999993,-0.006123882866958752,0.019880000000000002,687.4
7500.1991646289825,-0.011429499999999995,-0.004730826929369235,0.019880000000000002,687.4
7500.29917049408,-0.012019200000000008,-0.003032221072722059,0.019880000000000002,687.4
7500.404704332352,-0.012297599999999978,-0.0016856875943667693,0.019880000000000002,687.4
7500.499289751053,-0.012303999999999995,-0.0016477766071908498,0.019880000000000002,687.4
7500.599160194397,-0.012303999999999995,-0.0016477766071908498,0.019880000000000002,0.0
7500.699182271957,-0.012303999999999995,-0.0016467944220779109,0.019880000000000002,0.0
7505.490327517066,0.014378000000000002,0.008756000000000007,0.019880000000000002,0.0
