36.90123463677002,-0.0094379999999999,-0.0075450390386952,0.00071,0.0
37.00179172562195,-0.0094379999999999,-0.0075454086681881,0.00071,0.0
37.10236431168152,-0.0094379999999999,-0.0075472804215548,0.00071,0.0
37.20295263336731,-0.0094379999999999,-0.0075499765129002,0.00071,0.0
37.30354572342468,-0.0094379999999999,-0.0075522424198535,0.00071,0.0
37.40414572762085,-0.0094379999999999,-0.0075537513353052,0.00071,0.0
37.494669924245606,-0.009438,-0.0075552510669133,0.00071,0.0
37.59523869560791,-0.0094379999999999,-0.0075580093188835,0.00071,0.0
37.695760260091554,-0.009438,-0.0075606337655187,0.00071,0.0
37.79633666084839,-0.009438,-0.0075626806798964,0.00071,0.0
37.89814497040344,-0.0094379999999999,-0.0075654922890904,0.00071,0.0
37.99871135757996,-0.0094379999999999,-0.0075674506322745,0.00071,0.0
38.09931422279907,-0.0094379999999999,-0.0075695224300472,0.00071,0.0
38.19989014671875,-0.0094379999999999,-0.0075714062690749,0.00071,0.0
38.30046487854553,-0.0094379999999999,-0.0075746124162255,0.00071,0.0
38.401015530095826,-0.0094379999999999,-0.0075760059602389,0.00071,0.0
38.50158406303955,-0.0094379999999999,-0.0075782129833565,0.00071,0.0
38.602187643514405,-0.009438,-0.0075799042228286,0.00071,0.0
38.702768335805665,-0.0094379999999999,-0.0075803513600531,0.00071,0.0
38.803295622335206,-0.0093149016734669,-0.0079360763822254,0.00071,0.0
38.90387059258057,-0.0087034057413442,-0.0097022707501563,0.00071,0.0
39.00443483398987,-0.0078164642006456,-0.0122639063184332,0.00071,0.0
39.09496117638184,-0.0070244551328638,-0.0145513663304356,0.00071,0.0
39.195521364675294,-0.0061269180980075,-0.0171435321566355,0.00071,0.0
39.2977135281427,-0.0052169721966035,-0.0197717498293344,0.00071,0.0
39.398319731221925,-0.0043536102010203,-0.022269415445582,0.00071,0.0
39.49889422463013,-0.0034905090156437,-0.0249539045040891,0.00071,0.0
39.59946418808533,-0.0026059733023771,-0.0273414591179586,0.00071,0.0
39.70000887917114,-0.0016626550227804,-0.030037507264244,0.00071,0.0
39.80056358383728,-0.0007995154298478,-0.0325304419228827,0.00071,0.0
39.90109182404114,-0.0004191341163245,-0.0336288355868631,0.00071,0.0
40.00165272759033,-0.0003449999999999,-0.0338428372976548,0.00071,0.0
40.10222102211548,-0.0002826955284482,-0.0338418022156712,0.00071,0.0
40.202781210408936,0.0003740913515736,-0.0338220974504648,0.00071,900.0
40.303279648290406,0.0018162749364618,-0.0337289887573853,0.00071,900.0
40.40384579704834,0.0032832373388931,-0.0335234872438148,0.00071,900.0
40.50438619659973,0.0046993785772785,-0.0332175368508489,0.00071,900.0
40.594890127645264,0.0054148917541885,-0.0330097132944385,0.00071,900.0
40.69560266541077,0.0067608689333566,-0.0325264044981256,0.00071,900.0
40.796109447942506,0.0081144000768516,-0.0319208151241997,0.00071,900.0
40.896666298375855,0.0094493086034461,-0.03118054067001,0.00071,900.0
40.99722362564636,0.010727842428707,-0.0303196926758772,0.00071,900.0
41.09780241058899,0.0119009582371801,-0.0293820806488728,0.00071,900.0
41.19836092995239,0.0129902299311487,-0.028364980337867,0.00071,900.0
41.298922548757325,0.0139826068640947,-0.0272739075803218,0.00071,900.0
41.399479637609254,0.0148831787253016,-0.0260946570640165,0.00071,900.0
41.5001757244928,0.0157109758962613,-0.0247973409125916,0.00071,900.0
41.6008198361261,0.0164291653535623,-0.0234468042412718,0.00071,900.0
41.701406965718995,0.0170333615996204,-0.022051871250437,0.00071,900.0
41.80198575066162,0.017510214627998,-0.0206327447226211,0.00071,900.0
41.90275765465332,0.0178452164196489,-0.0191705409542358,0.00071,900.0
42.00337101028992,0.018078016262163,-0.0177061017112948,0.00071,900.0
42.1039617161615,0.0181890845610977,-0.016201813110781,0.00071,900.0
42.20452881859375,0.0181732210996738,-0.0147178058119502,0.00071,900.0
42.29504490898682,0.0180399140328558,-0.0133219386997716,0.00071,900.0
42.395612965093385,0.0177837868130146,-0.0118102253354166,0.00071,900.0
42.49617410706116,0.0174157382870277,-0.010373439100591,0.00071,900.0
42.596840630040894,0.0169207608160887,-0.0089252386326656,0.00071,900.0
42.69740892456604,0.0163349265559432,-0.0075997356019018,0.00071,900.0
42.79797078178955,0.0156214154331231,-0.0062926951001946,0.00071,900.0
42.898531923757325,0.0147631221332126,-0.004983701358807,0.00071,900.0
42.999008903966676,0.0138556966721449,-0.0038180888546241,0.00071,900.0
43.09953237579895,0.0128309102055607,-0.0027180852956456,0.00071,900.0
43.200114737020264,0.0117048513861305,-0.0016945753754906,0.00071,900.0
43.300687323079835,0.010479765502567,-0.0007600714717397,0.00071,900.0
43.401241312490235,0.0092258436283016,4.9366467100811495e-05,0.00071,900.0
43.50200964020325,0.0078809055536719,0.0007684337114759,0.00071,900.0
43.60258389519287,0.0064750641524524,0.0013700446905323,0.00071,900.0
43.70315934227539,0.0050485372736984,0.0018453860002714,0.00071,900.0
43.80372191475464,0.0036126469505175,0.0022053646918158,0.00071,900.0
43.904298315511475,0.0021914791487497,0.0024352563573412,0.00071,900.0
43.994816313253175,0.0008325735070291,0.0025634011366639,0.00071,900.0
44.09538723038269,-0.0007570721914734,0.0025624357904806,0.00071,900.0
44.197126875386964,-0.002237256677563,0.0024360326109674,0.00071,900.0
44.29769850777222,-0.0037537162559088,0.0021802362400351,0.00071,900.0
44.39826227234436,-0.0051604307792485,0.0018285385682588,0.00071,900.0
44.49884582565857,-0.0066150677462818,0.0013158182554293,0.00071,900.0
44.59941388176514,-0.0079721195573163,0.0007200919860152,0.00071,900.0
44.6999786000116,-0.0093078867254687,-2.6946894248966458e-06,0.00071,900.0
44.80054546402527,-0.0105930006209523,-0.0008382113400304,0.00071,900.0
44.901119480596314,-0.0117614042882113,-0.0017466447583986,0.00071,900.0
45.00169063614441,-0.012862411850429,-0.0027584593540667,0.00071,900.0
45.1022322277887,-0.0138538243830073,-0.0038366799116369,0.00071,900.0
45.20281387375427,-0.0148014289323439,-0.0050364523035251,0.00071,900.0
45.30341411636902,-0.0156278046829679,-0.0062711528489196,0.00071,900.0
45.40399719284607,-0.0163532068450909,-0.0076336844204147,0.00071,900.0
45.5045600037439,-0.0169706634954358,-0.0090630509669081,0.00071,900.0
45.595067749486695,-0.0174079883518528,-0.0103395090387411,0.00071,900.0
45.695653925405274,-0.0177788381953562,-0.011748981935412,0.00071,900.0
45.79638362930847,-0.0180341878380108,-0.0132328929596547,0.00071,900.0
45.896960983739625,-0.0181671346779962,-0.0147616025864668,0.00071,900.0
45.997509727941285,-0.0181760795037211,-0.0162839433096622,0.00071,900.0
46.09802056358887,-0.0180646079914802,-0.0177969876900861,0.00071,900.0
46.19858122871948,-0.0178316251394487,-0.0192855699069947,0.00071,900.0
46.29915262268616,-0.0174799666176986,-0.0206955414978094,0.00071,900.0
46.39971877144409,-0.0169923146168631,-0.0221556306365787,0.00071,900.0
46.500277529226075,-0.0164116808869524,-0.0235139950791118,0.00071,900.0
46.600849876867066,-0.0157142137967556,-0.0248245793314492,0.00071,900.0
46.70141364143921,-0.0148503984430881,-0.0261486653310042,0.00071,900.0
46.8019814591272,-0.0139438483923028,-0.0273160418867026,0.00071,900.0
46.90255428360535,-0.0129445428152116,-0.0284076130513137,0.00071,900.0
47.00312806175781,-0.0118435811783323,-0.0294397183329384,0.00071,900.0
47.1037016014917,-0.0106531984910549,-0.0303772134296521,0.00071,900.0
47.19917441414429,-0.0094596983296753,-0.0311680614686756,0.00071,900.0
47.29974843071533,-0.0081401768604897,-0.0318958389563862,0.00071,900.0
47.40031958626343,-0.0067594347623966,-0.0325245623810881,0.00071,900.0
47.50307131813599,-0.0052960666059541,-0.033050323878015,0.00071,900.0
47.60365105675293,-0.0038881298784119,-0.0334144690070092,0.00071,900.0
47.70421672867371,-0.0024063313039927,-0.033671819845837,0.00071,900.0
47.80437279747559,-0.0008541697005531,-0.0338093966686512,0.00071,900.0
47.89565659569336,-0.0004382435912948,-0.0338377902140744,0.00071,900.0
47.9962797264917,-0.000345,-0.0338428372976548,0.00071,900.0
48.09687400864197,-0.0003280543444115,-0.0325361389374844,0.00071,900.0
48.197425375448,-0.0002707287054228,-0.0281199136921544,0.00071,900.0
48.29799819992615,-0.000222376811011,-0.024397234885655,0.00071,900.0
48.398561010823975,-0.0002209999999999,-0.0242928376616325,0.00071,900.0
48.49913002060486,-0.0003678963045872,-0.0242808244740882,0.00071,900.0
48.599693069921265,-0.0010577415040204,-0.0241975414005745,0.00071,900.0
48.700263510213624,-0.0024831331315521,-0.0239090152407814,0.00071,900.0
48.80083228157593,-0.0039280589166352,-0.0233260550700984,0.00071,900.0
48.901347647176514,-0.0051693676037164,-0.0225526800627961,0.00071,900.0
49.00192976997925,-0.0062913207377206,-0.0215424937429878,0.00071,900.0
49.10248876617981,-0.0072448391135315,-0.0203144974067293,0.00071,900.0
49.20306397484375,-0.0079258512954516,-0.019032957218247,0.00071,900.0
49.29574204491211,-0.0083543064041234,-0.0177343319121279,0.00071,900.0
49.3963041405542,-0.0085997983702024,-0.0162402427552086,0.00071,900.0
49.49689031647278,-0.0085626090767002,-0.014715074045953,0.00071,900.0
49.59750271843506,-0.0082832590323401,-0.0132135223543365,0.00071,900.0
49.69807077454163,-0.0077689026109013,-0.0118553162901299,0.00071,900.0
49.79863215492798,-0.0069961078283699,-0.0105696654580245,0.00071,900.0
49.89920211838318,-0.0060078763308437,-0.0094026747489578,0.00071,900.0
49.999770651326905,-0.0048770287254703,-0.008490526098331,0.00071,900.0
50.10034490631653,-0.0035315129476457,-0.007755327222652,0.00071,900.0
50.200929174886475,-0.0021051236132814,-0.0072531412952161,0.00071,900.0
50.301427851186524,-0.0006031890800958,-0.0070193353266391,0.00071,900.0
50.40199566887451,0.0008537497507375,-0.0070456736010693,0.00071,900.0
50.50255871819092,0.0023129885457817,-0.0073260724742379,0.00071,900.0
50.603129873739014,0.0037470758528436,-0.0078674753999701,0.00071,900.0
50.703676233754884,0.0050519237241954,-0.0086480631503247,0.00071,900.0
50.79896570252014,0.0061265587819441,-0.0095514013645417,0.00071,900.0
50.899521837697755,0.0070778137114915,-0.0106965651047292,0.00071,900.0
51.00152159737183,0.0078686094500972,-0.0120508883124908,0.00071,900.0
51.10208798454834,0.0083724583631471,-0.0134129564549324,0.00071,900.0
51.19789672897888,0.0086106110881332,-0.0148352453722986,0.00071,900.0
51.29850269363953,0.0086120136283754,-0.016329373305591,0.00071,900.0
51.39907170342041,0.0083580002168636,-0.0177865752747297,0.00071,900.0
51.49962402390076,0.007846671187142,-0.019219255569905,0.00071,900.0
51.60021925972534,0.0070722201863767,-0.0205575534118711,0.00071,900.0
51.70088053749634,0.0061123957339237,-0.0217035981356076,0.00071,900.0
51.801441202626954,0.0049733648835474,-0.0226695619308334,0.00071,900.0
51.90202523277832,0.0036574452750785,-0.0234402375397415,0.00071,900.0
52.00258804367615,0.0022691725955834,-0.0239513041438771,0.00071,900.0
52.1031129460199,0.0008811111144464,-0.0242270942944158,0.00071,900.0
52.20366860436035,-0.0002197018198097,-0.0242928183825729,0.00071,900.0
52.30423451469971,-0.0002209999999999,-0.0242928376616325,0.00071,900.0
52.40478325890137,-0.0002736886728264,-0.0289370094630363,0.00071,900.0
52.50534249352051,-0.0003038238845729,-0.0315961026695362,0.00071,900.0
52.609347591863404,-0.00031,-0.0321417591397516,0.00071,900.0
52.70989657448364,-0.0002934733800159,-0.0321415081430861,0.00071,900.0
52.81047535942627,0.0004872307656081,-0.0321167862748523,0.00071,900.0
52.911028156743775,0.0018787457292771,-0.0320104656066786,0.00071,900.0
53.0117666821344,0.0033379227401086,-0.0317767642244015,0.00071,900.0
53.11227489517761,0.004813185387354,-0.0314065993530534,0.00071,900.0
53.212828407750855,0.0062106165875274,-0.0309101373205626,0.00071,900.0
53.313392172323,0.0075917974948696,-0.0302833444103176,0.00071,900.0
53.41390586899353,0.0088911733779698,-0.029539370410651,0.00071,900.0
53.504414568410645,0.009991174457555,-0.0287523764615275,0.00071,900.0
53.604971180425416,0.0111466104846153,-0.0277856794517684,0.00071,900.0
53.705541143880616,0.0122330266672851,-0.026685380655714,0.00071,900.0
53.80611063049866,0.0132009404390923,-0.0255092237894749,0.00071,900.0
53.90740657852722,0.0140335047134737,-0.0242870716650897,0.00071,900.0
54.008262405858765,0.01476476201662,-0.0229675405631722,0.00071,900.0
54.12806345032288,0.0154922209366457,-0.0212816496348591,0.00071,900.0
54.20989419029785,0.0158637405931669,-0.0201446990085375,0.00071,900.0
54.31045414017273,0.0162043340216135,-0.0187046490634353,0.00071,900.0
54.41102148102356,0.016426873768814,-0.0171661980016763,0.00071,900.0
54.51158977554871,0.0165082089394912,-0.0157210845574099,0.00071,900.0
54.612159977422486,0.0164411561667559,-0.0142177290040145,0.00071,900.0
54.71270252274109,0.0162307870710771,-0.0126839335369537,0.00071,900.0
54.813281784520875,0.0159033802762161,-0.0112199493767216,0.00071,900.0
54.91387344406677,0.0154154013896111,-0.0097684832113336,0.00071,900.0
55.00438715027405,0.014870621532826,-0.0085105715660165,0.00071,900.0
55.10495401428772,0.0141708565723015,-0.0071909173030445,0.00071,900.0
55.205541620717774,0.0133511958685906,-0.0059517086399113,0.00071,900.0
55.30610943840576,0.0124209261347359,-0.0047813348267082,0.00071,900.0
55.406665335164796,0.0113861449519011,-0.003696123050655,0.00071,900.0
55.50722313927246,0.0102261517554501,-0.0026851158764127,0.00071,900.0
55.60799504326416,0.00900582821284,-0.0018021568494012,0.00071,900.0
55.708558569417725,0.0076985312161613,-0.001022445742421,0.00071,900.0
55.81373168037964,0.0062709571031792,-0.0003726795939599,0.00071,900.0
55.90426016853882,0.0050173611383964,8.618229100405828e-05,0.00071,900.0
56.004786501394044,0.0035512815929221,0.0004751099466791,0.00071,900.0
56.10551358269287,0.0020317740865717,0.0007323815486718,0.00071,900.0
56.20608736084534,0.0005558934736493,0.0008526366150853,0.00071,900.0
56.306663046346436,-0.0008988218446334,0.0008389523550264,0.00071,900.0
56.40723134087158,-0.0024202447081242,0.0006775502077884,0.00071,900.0
56.50780201958252,-0.0039455140038555,0.0003869383616188,0.00071,900.0
56.60837937401367,-0.0053546496710644,-2.2709639201902443e-05,0.00071,900.0
56.70889617012573,-0.0067798633234147,-0.0005895173792034,0.00071,900.0
56.80945683525635,-0.0081040920684165,-0.001244439245005,0.00071,900.0
56.91002179192139,-0.0093886534354955,-0.0020500013938481,0.00071,900.0
57.0105881790979,-0.010587388537046,-0.0029772646598442,0.00071,900.0
57.111154804692994,-0.0116961552678699,-0.0039906296659762,0.00071,900.0
57.21168542908264,-0.0127250566336318,-0.0051363503108605,0.00071,900.0
57.314871559606324,-0.013626427353882,-0.0063413093511131,0.00071,900.0
57.40538717316223,-0.0143418240540439,-0.0074905120187766,0.00071,900.0
57.505988369451295,-0.015025325388536,-0.0088320476105022,0.00071,900.0
57.60666514442993,-0.0155773085189664,-0.010223346299122,0.00071,900.0
57.70720315979553,-0.0160161280835535,-0.0116773975117737,0.00071,900.0
57.80776144074036,-0.0163059343003817,-0.0131321319552678,0.00071,900.0
57.908326397405396,-0.0164747924976576,-0.0146505793313616,0.00071,900.0
58.008869896398316,-0.0165044938148822,-0.0161394284865474,0.00071,900.0
58.109435091481934,-0.0163816383605098,-0.0176426356553571,0.00071,900.0
58.21000386284424,-0.0161160663118915,-0.019157370622024,0.00071,900.0
58.3105845551355,-0.0157188422222044,-0.0206139427619761,0.00071,900.0
58.41114045189453,-0.0152037596576593,-0.0220156735962335,0.00071,900.0
58.51171089218689,-0.0145487408805706,-0.0233919127637951,0.00071,900.0
58.612284908757935,-0.0137847148219475,-0.024675807231719,0.00071,900.0
58.71287513779236,-0.0129001385853924,-0.0258955651686382,0.00071,900.0
58.81652928398682,-0.0118756898775502,-0.0270703611712717,0.00071,900.0
58.90703798340393,-0.0109342135512706,-0.0279844946090662,0.00071,900.0
59.007598886953126,-0.0097605887233814,-0.028926959363427,0.00071,900.0
59.108155498967896,-0.0084954848980973,-0.029775014972078,0.00071,900.0
59.20933176086975,-0.007165503516257,-0.030507788408156,0.00071,900.0
59.309903631673585,-0.0057131409068003,-0.0311091720884158,0.00071,900.0
59.41046405838562,-0.0042867013453933,-0.0315601686765301,0.00071,900.0
59.511027346120606,-0.0028374516879847,-0.0318799971227126,0.00071,900.0
59.61158658073975,-0.0013211346366147,-0.0320645698862992,0.00071,900.0
59.71214200066162,-0.0004966238085452,-0.0321316213129737,0.00071,900.0
59.81267357872559,-0.0003099999999999,-0.0321417591397516,0.00071,900.0
59.913246880040894,-0.0003001865324335,-0.0313451359814724,0.00071,900.0
60.01379943893982,-0.0002692212786688,-0.0288389781300273,0.00071,900.0
60.10431004570557,-0.0002339999999999,-0.0259938180047754,0.00071,900.0
60.20488120125366,-0.0002800321524466,-0.0259899831958986,0.00071,900.0
60.30545950935913,-0.0012791005894943,-0.0259067536203246,0.00071,900.0
60.41690398262573,-0.0027981481451994,-0.0256027888355925,0.00071,900.0
60.50741411255432,-0.0040829684854691,-0.0251204232742298,0.00071,900.0
60.60796667145325,-0.0054196835494866,-0.0244229307144228,0.00071,900.0
60.70852781342102,-0.0066229996259115,-0.0235572580367122,0.00071,900.0
60.80908704804016,-0.007696205507116,-0.0225188068909127,0.00071,900.0
60.90966082619263,-0.0086131541776905,-0.0213201836692423,0.00071,900.0
61.01038242386414,-0.0093639607047163,-0.0199821639106533,0.00071,900.0
61.11096216248108,-0.0099229503100812,-0.0185385439579593,0.00071,900.0
61.21169711159302,-0.0102377017240992,-0.0170825793179055,0.00071,900.0
61.312259922490846,-0.0103409246399301,-0.0155800670366881,0.00071,900.0
61.41283942268921,-0.0102329584910737,-0.0141054179652248,0.00071,900.0
61.51336432503296,-0.0099304904484747,-0.0126770366894105,0.00071,900.0
61.60387350128723,-0.0094323064249153,-0.0113821447683668,0.00071,900.0
61.70441294716431,-0.0086730249352887,-0.0100295196913028,0.00071,900.0
61.80494452522827,-0.007786899208961,-0.0088418317364793,0.00071,900.0
61.905500660405885,-0.0067249482440454,-0.0077892712677077,0.00071,900.0
62.00730300949646,-0.0055025119201483,-0.0068848983837324,0.00071,900.0
62.107858667836915,-0.0042022622958446,-0.006200196853068,0.00071,900.0
62.2084059815271,-0.0027872496783141,-0.0056863956100615,0.00071,900.0
62.308972368703614,-0.0012477444155332,-0.0053560161297318,0.00071,900.0
62.409539709554444,0.000220901276121,-0.0052926454684539,0.00071,900.0
62.51009751366211,0.0017460837327714,-0.0054368570590977,0.00071,900.0
62.61066509293152,0.003158613988634,-0.0057657451370439,0.00071,900.0
62.71123481796814,0.0045294095977535,-0.0063253998443488,0.00071,900.0
62.811795721517335,0.0058444496351577,-0.0070991936818861,0.00071,900.0
62.91239024208618,0.0070068730984838,-0.0080322408732763,0.00071,900.0
63.0129554371698,0.0080541289414394,-0.009153931975082,0.00071,900.0
63.11352277802063,0.0089177093851096,-0.0104136374111186,0.00071,900.0
63.20403982208801,0.0095103004044894,-0.0115998801353147,0.00071,900.0
63.30461383865906,0.0099800303838867,-0.0129907222928612,0.00071,900.0
63.40514970825745,0.0102678476051822,-0.0144773927376326,0.00071,900.0
63.505714664922486,0.0103366552325882,-0.0160053492559211,0.00071,900.0
63.60706831024719,0.0101586985434509,-0.0175527305208305,0.00071,900.0
63.707624922261964,0.0097948394193788,-0.0189865908398948,0.00071,900.0
63.811660538182984,0.009171540314534,-0.0204510533731174,0.00071,900.0
63.91222358749939,0.0083828416468574,-0.0216976793241185,0.00071,900.0
64.01278067635133,0.0074234055975997,-0.0228269656471483,0.00071,900.0
64.11335230873658,0.0062757958897358,-0.0238375885667577,0.00071,900.0
64.20382143066956,0.0051387785501834,-0.0245803139495961,0.00071,900.0
64.30437589691712,0.0038225443002739,-0.0252307566572818,0.00071,900.0
64.4049301247461,0.0023966162376883,-0.0256686279251552,0.00071,900.0
64.5054693322046,0.0009202591108242,-0.0259181491397566,0.00071,900.0
64.606023321615,-0.0001012715927436,-0.0259897817980694,0.00071,900.0
64.70658589409425,-0.0002339999999999,-0.0259938180047754,0.00071,900.0
64.80713821457459,-0.0002379531957426,-0.0263133095989149,0.00071,900.0
64.90769482658936,-0.0002813428114902,-0.0298200314553474,0.00071,900.0
65.00826574371888,-0.000288640384857,-0.0304116257799953,0.00071,900.0
65.10882831619813,-0.000289,-0.0304407787966086,0.00071,900.0
65.20940567062928,-5.7375980250448655e-05,-0.0304368179912347,0.00071,900.0
65.30998302506043,0.0011510630579474,-0.0303721498364422,0.00071,900.0
65.40493441628053,0.0025146127973131,-0.0302010332428638,0.00071,900.0
65.50551224754884,0.0039531248414659,-0.0298749564922388,0.00071,900.0
65.6060769657953,0.0054196120828481,-0.0293855289524244,0.00071,900.0
65.70663691567017,0.006819509129803,-0.0287519122554025,0.00071,900.0
65.80722070740296,0.0081004063463134,-0.0280079459658823,0.00071,900.0
65.90779377029969,0.0092810535325468,-0.0271481481570638,0.00071,900.0
66.00835944222047,0.0104414312652152,-0.0261207260427803,0.00071,900.0
66.10895134018494,0.0114744610138071,-0.0249810690014837,0.00071,900.0
66.20988012360169,0.0123533002930344,-0.0237886899705239,0.00071,900.0
66.31040884064271,0.0131183747480269,-0.022466852143706,0.00071,900.0
66.41099453972413,0.0137437497141444,-0.0211104371869604,0.00071,900.0
66.51156950996949,0.0142185810466511,-0.019691924897372,0.00071,900.0
66.61217905090882,0.0145555957977235,-0.0182166495845857,0.00071,900.0
66.71274996803834,0.014745016396999,-0.0167361089780381,0.00071,900.0
66.81333733604981,0.0147781623294684,-0.015233796039578,0.00071,900.0
66.90386415527894,0.0146829837015873,-0.0138578209065242,0.00071,900.0
67.00444699333741,0.0144355134553028,-0.0123742870134387,0.00071,900.0
67.10500098274781,0.0140510573193985,-0.0109772457864419,0.00071,900.0
67.2055881123407,0.013515485631971,-0.0095899280601906,0.00071,900.0
67.30610967682435,0.0128079495263534,-0.0082017072665048,0.00071,900.0
67.40668750809266,0.0120050235443067,-0.0069766491830285,0.00071,900.0
67.50726462410523,0.0110232183241746,-0.0057764794830038,0.00071,900.0
67.60783458756043,0.0099758086917479,-0.0047015828084325,0.00071,900.0
67.70838905380799,0.0087774455967873,-0.0037342029464548,0.00071,900.0
67.8089475731714,0.0075199934018802,-0.0028943373381249,0.00071,900.0
67.90951944397523,0.0062143197258849,-0.0022111207583791,0.00071,900.0
68.01008130119874,0.0048476316340411,-0.0016556445740949,0.00071,900.0
68.11064768837525,0.0034296851714616,-0.0012381549105074,0.00071,900.0
68.21123052643372,0.001916992633692,-0.00096710681123,0.00071,900.0
68.31181169556214,0.0003516515335942,-0.0008348651241838,0.00071,900.0
68.41237450645997,-0.0010849448923187,-0.000865990562045,0.00071,900.0
68.512930403219,-0.0025606631050294,-0.001043558426902,0.00071,900.0
68.61350871132447,-0.0041139054049245,-0.0014120062078353,0.00071,900.0
68.70401764916016,-0.0053488283405898,-0.0018380850365488,0.00071,900.0
68.80459571884705,-0.0067037725078909,-0.0024493595989464,0.00071,900.0
68.90517140434815,-0.0080316521632359,-0.0032170647543266,0.00071,900.0
69.00637651489808,-0.009292034398185,-0.0041265977663426,0.00071,900.0
69.10694457100465,-0.010406798835967,-0.0051169668696203,0.00071,900.0
69.20756174133851,-0.0113912005868975,-0.0062003007140479,0.00071,900.0
69.30809570358826,-0.0123108392186403,-0.0074198547307525,0.00071,900.0
69.4086389641626,-0.0130773877101627,-0.0087144009407024,0.00071,900.0
69.50925398872926,-0.0137200288867118,-0.0100599066467029,0.00071,900.0
69.60982609795167,-0.0142057328481565,-0.0114686527377882,0.00071,900.0
69.7116575341089,-0.0145502737209368,-0.0130097754125036,0.00071,900.0
69.8122172455652,-0.0147456195196491,-0.0144624765851264,0.00071,900.0
69.91274930046632,-0.0147847843209955,-0.0160079891032849,0.00071,900.0
70.01333094643189,-0.0146745602963516,-0.0174716137895761,0.00071,900.0
70.10384632156922,-0.0144443605312303,-0.0187796217754169,0.00071,900.0
70.20440460251405,-0.0140508957048594,-0.0202399361091445,0.00071,900.0
70.30498601006104,-0.0134952389532612,-0.0216618424217521,0.00071,900.0
70.40556503342225,-0.0128218819639045,-0.0230316490576998,0.00071,900.0
70.50677825020387,-0.0120124097436345,-0.0243290030848447,0.00071,900.0
70.60731769608094,-0.0110338920155988,-0.0254869047791971,0.00071,900.0
70.70782900856568,-0.0099697739342472,-0.0265835652809775,0.00071,900.0
70.80839468048646,-0.0088051684302627,-0.0275300341888357,0.00071,900.0
70.90896154450013,-0.0075360220234046,-0.0283706957741412,0.00071,900.0
71.00954676674439,-0.0062058560399029,-0.0290512507177263,0.00071,900.0
71.11012054489686,-0.004816989625654,-0.0296206642499845,0.00071,900.0
71.20600629852845,-0.0034845585591596,-0.0300014190489526,0.00071,900.0
71.30657268570496,-0.0020020244972499,-0.0302723687170664,0.00071,900.0
71.40713478134705,-0.0007885328168527,-0.0304135200244117,0.00071,900.0
71.50771690414979,-0.000289,-0.0304407787966086,0.00071,900.0
71.60828066872193,-0.0003343835337908,-0.0304047442264413,0.00071,900.0
71.71328569458558,-0.0019971164180872,-0.0290840856206823,0.00071,900.0
71.80379701660706,-0.0067162062899916,-0.0253357493486834,0.00071,900.0
71.90435482071473,-0.0094379999999999,-0.0231737762474161,0.00071,900.0
72.00491787003114,-0.0099854659870973,-0.0223880380505738,0.00071,900.0
72.10547948883607,-0.0106733588008508,-0.0212133680298612,0.00071,900.0
72.20604206131532,-0.0112707084415654,-0.0198607156160197,0.00071,900.0
72.30659938858582,-0.0117162456684201,-0.018378270857088,0.00071,900.0
72.40716029213502,-0.0119706897778079,-0.0168746953856494,0.00071,900.0
72.50773764656617,-0.0120251579866677,-0.0154095151576407,0.00071,900.0
72.60831166313721,-0.0119188440193628,-0.0139288908871093,0.00071,900.0
72.70888091133668,-0.0116104895165771,-0.0124670996306406,0.00071,900.0
72.80943776177003,-0.0111124432992905,-0.0109764363855857,0.00071,900.0
72.91001559303834,-0.0104861821695932,-0.0096791389181107,0.00071,900.0
73.00373269127442,-0.0097174290552021,-0.0085059162922947,0.00071,900.0
73.10426093147828,-0.00871284095831,-0.0073051988428974,0.00071,900.0
73.20484710739686,-0.0076084571476763,-0.006295741701532,0.00071,900.0
73.30539966629578,-0.0064039833953916,-0.005432624705517,0.00071,900.0
73.40596653030946,-0.0050592361392543,-0.0047123213622993,0.00071,900.0
73.50652147339417,-0.0036444859659398,-0.0041616269275639,0.00071,900.0
73.60704136894776,-0.0021832450229789,-0.0038049707293831,0.00071,900.0
73.70760131882264,-0.0006823696335339,-0.0036147580952367,0.00071,900.0
73.80817915009095,0.0007789439956856,-0.0036165728642346,0.00071,900.0
73.90874601410462,0.0022301073522272,-0.003795512124686,0.00071,900.0
74.00934554146363,0.0037149433661417,-0.0041611424230467,0.00071,900.0
74.10990644501283,0.005079317493687,-0.0046907523563561,0.00071,900.0
74.21177865074708,0.0064243695024381,-0.0054245057140892,0.00071,900.0
74.31234980629517,0.0076386519392341,-0.0063040920119627,0.00071,900.0
74.40389514969422,0.0086579992301678,-0.0072725968337249,0.00071,900.0
74.50458265350892,0.0096610939608984,-0.0084496430891762,0.00071,900.0
74.6051106552942,0.0104596234002852,-0.0096892429837046,0.00071,900.0
74.7056954007013,0.0111106365789273,-0.0110264470854734,0.00071,900.0
74.80677748726441,0.011610299471038,-0.0124778465233176,0.00071,900.0
74.90735651062562,0.0119097972967545,-0.0139432157755112,0.00071,900.0
75.00287223862244,0.0120479249332235,-0.0154146065763975,0.00071,900.0
75.10463477181031,0.0119815152074688,-0.0168753882735678,0.00071,900.0
75.20541430519654,0.0117382355064182,-0.0184187720490413,0.00071,900.0
75.30596686409547,0.0112883077705947,-0.0198493634813182,0.00071,900.0
75.40654493378236,0.0106980942649158,-0.0211872026372435,0.00071,900.0
75.50710464523866,0.0098775213305417,-0.0225063523456819,0.00071,900.0
75.60765958832337,0.0089319753227613,-0.0236971842945215,0.00071,900.0
75.70822430656983,0.007858311296744,-0.0247336452903479,0.00071,900.0
75.80878854797913,0.0066622145273481,-0.0256387652524698,0.00071,900.0
75.90933919952943,0.0053787490517601,-0.0263888337960175,0.00071,900.0
76.00990510986878,0.0040284870987533,-0.0269660111264261,0.00071,900.0
76.11048413322999,0.0025873914074499,-0.0273799717023539,0.00071,900.0
76.21103526161744,0.0010929803162653,-0.027622527266719,0.00071,900.0
76.31157518433167,-0.0003949759523561,-0.0276808294721812,0.00071,900.0
76.4121334652765,-0.00196716973393,-0.0275312783721993,0.00071,900.0
76.50697780655457,-0.0033203437438827,-0.0272125243157237,0.00071,900.0
76.60753298805787,-0.0047063810455037,-0.0267154808484037,0.00071,900.0
76.70810748146607,-0.0060500479898604,-0.0260385180054932,0.00071,900.0
76.80867005394532,-0.007320414126857,-0.0251676100759554,0.00071,900.0
76.90920163200929,-0.0084677282082999,-0.0241719975991684,0.00071,900.0
77.00972486542298,-0.0092014372841717,-0.0234302979533455,0.00071,900.0
77.11029220627381,-0.0094379999999999,-0.0231737762474161,0.00071,900.0
77.21086097763612,-0.0094379999999999,-0.0231736643265309,0.00071,900.0
77.31143737839295,-0.0094379999999999,-0.0231725423670506,0.00071,0.0
77.41200138138367,-0.009438,-0.0231701239428841,0.00071,0.0
77.51258064316346,-0.0094379999999999,-0.0231689767864542,0.00071,0.0
77.60309148834779,-0.0094379999999999,-0.0231692637446917,0.00071,0.0
77.70365191505982,-0.0094379999999999,-0.0231665916308345,0.00071,0.0
77.80419946716859,-0.0094379999999999,-0.023165245819284,0.00071,0.0
77.9047703842981,-0.0094379999999999,-0.0231641501990927,0.00071,0.0
78.00531579063966,-0.0094379999999999,-0.0231627386246884,0.00071,0.0
78.10587431000306,-0.009438,-0.0231616522126877,0.00071,0.0
78.20643425987794,-0.0094379999999999,-0.0231604323028301,0.00071,0.0
78.30699730919434,-0.009438,-0.0231589753402853,0.00071,0.0
78.40755606697633,-0.009438,-0.0231579471109326,0.00071,0.0
78.50812984512879,-0.0094379999999999,-0.0231561857770503,0.00071,0.0
78.60870505379273,-0.0094379999999999,-0.0231541069711105,0.00071,0.0
78.70928073929383,-0.0094379999999999,-0.0231521446948242,0.00071,0.0
78.80984378861024,-0.009438,-0.0231517045088543,0.00071,0.0
78.91040564583375,-0.0094379999999999,-0.0231506002891788,0.00071,0.0
79.01092697189881,-0.0094379999999999,-0.0231490105422121,0.00071,0.0
79.11151624725892,-0.0094379999999999,-0.0231475815211687,0.00071,0.0
79.21210456894471,-0.0094379999999999,-0.0231451840994387,0.00071,0.0
79.30262304352357,-0.0094379999999999,-0.0231433284631142,0.00071,0.0
79.40315652893617,-0.0094379999999999,-0.0231428438634968,0.00071,0.0
79.50371099518372,-0.009438,-0.0231423191820087,0.00071,0.0
79.60520864533021,-0.0094379999999999,-0.0231396290299334,0.00071,0.0
79.70576787994935,-0.0094379999999999,-0.0231378061300191,0.00071,0.0
79.80632997559144,-0.009438,-0.0231377317764654,0.00071,0.0
79.9069163899286,-0.009438,-0.0231383778477277,0.00071,0.0
