2880.306509887938,-0.009621,0.0078829551518293,0.03124,0.0
2880.407071506743,-0.0096209999999999,0.0078818534491844,0.03124,0.0
2880.507644331221,-0.0096209999999999,0.0078798995210364,0.03124,0.0
2880.60820523477,-0.009621,0.0078784054569826,0.03124,0.0
2880.7087689993423,-0.009621,0.0078765219274574,0.03124,0.0
2880.809322273497,-0.009621,0.0078747765899011,0.03124,0.0
2880.909882223372,-0.0096209999999999,0.0078729495046083,0.03124,0.0
2881.0104815123123,-0.009621,0.0078714085915269,0.03124,0.0
2881.1110374090713,-0.009621,0.0078685839942597,0.03124,0.0
2881.211549913649,-0.009621,0.007866672469324,0.03124,0.0
2881.312112009291,-0.009621,0.0078655673186866,0.03124,0.0
2881.4130064604324,-0.0096209999999999,0.007863756349462,0.03124,0.0
2881.5135413763564,-0.009621,0.0078619795786167,0.03124,0.0
2881.604036724333,-0.009621,0.0078605129952751,0.03124,0.0
2881.704601204161,-0.009621,0.0078586380976288,0.03124,0.0
2881.80533496118,-0.0096209999999999,0.0078569175632236,0.03124,0.0
2881.9058975336593,-0.009621,0.0078545117185816,0.03124,0.0
2882.00645652986,-0.0096209999999999,0.0078530619581813,0.03124,0.0
2882.107004320387,-0.009621,0.0078513793967916,0.03124,0.0
2882.207554733519,-0.009621,0.0078493699184525,0.03124,0.0
2882.3081297037643,-0.0096209999999999,0.0078481199434442,0.03124,0.0
2882.4086538908523,-0.009621,0.0078477254592585,0.03124,0.0
2882.5092085955184,-0.0096209999999999,0.007847640571506,0.03124,0.0
2882.609786903624,-0.0097204845425304,0.0070577563881325,0.03124,0.0
2882.7103153822463,-0.0099968048138622,0.0048638821645748,0.03124,0.0
2882.810868656401,-0.0103558877866042,0.0020129265366545,0.03124,0.0
2882.9114374277633,-0.0107096014732743,-0.0007952536634277,0.03124,0.0
2883.0120114443343,-0.0110558218830137,-0.0035436965904687,0.03124,0.0
2883.112569725279,-0.0114191120291754,-0.0064280474890482,0.03124,0.0
2883.2131332514327,-0.0117746317086468,-0.009250711684719,0.03124,0.0
2883.3137091753524,-0.0121233902570246,-0.0120199356295108,0.03124,0.0
2883.4045197126907,-0.0124590593756339,-0.0146847942089421,0.03124,0.0
2883.5050803778213,-0.0128091790689204,-0.0174646975378374,0.03124,0.0
2883.605656301741,-0.0131419684164911,-0.0201068864045882,0.03124,0.0
2883.7062169668716,-0.0132807444185866,-0.0212090527432173,0.03124,0.0
2883.806779539351,-0.0132909999999999,-0.0212907827816599,0.03124,0.0
2883.9073571322006,-0.0132792365429592,-0.0213156040718107,0.03124,900.0
2884.0079135057968,-0.0130927171663764,-0.0216920085069,0.03124,900.0
2884.1084787008804,-0.0124174708674926,-0.022961327369081,0.03124,900.0
2884.209037697081,-0.0115549644392039,-0.0242658539616015,0.03124,900.0
2884.3096017000717,-0.0106207430140374,-0.0254072551239875,0.03124,900.0
2884.4101735708755,-0.0095803624004307,-0.026425325956689,0.03124,900.0
2884.5107390043777,-0.0083731418001745,-0.027388023116352,0.03124,900.0
2884.6113111136,-0.0070676303189663,-0.0282013404387254,0.03124,900.0
2884.7118395922225,-0.0057000121461822,-0.028875224429867,0.03124,900.0
2884.812372123961,-0.004338677332388,-0.0293813249016539,0.03124,900.0
2884.9129428026718,-0.0028629692681782,-0.0297555790111659,0.03124,900.0
2885.0135134813827,-0.0016650182995577,-0.02996109529311,0.03124,900.0
2885.1040343401473,-0.0006371354012009,-0.0300319927308175,0.03124,900.0
2885.204600012068,0.0008551692060582,-0.0300289001901116,0.03124,900.0
2885.3051728365463,0.0023588905364482,-0.029862073515321,0.03124,900.0
2885.405747091536,0.0038002633675037,-0.0295506946159355,0.03124,900.0
2885.5052773115676,0.0052919003646313,-0.0290642715028499,0.03124,900.0
2885.6063250658553,0.006612001227707,-0.0284568232605909,0.03124,900.0
2885.706901466612,0.0079482125988646,-0.0276690524105195,0.03124,900.0
2885.80747095323,0.0090177951531145,-0.0268943422444106,0.03124,900.0
2885.9080421087783,0.0100723564391752,-0.0259444045754876,0.03124,900.0
2886.008607303862,0.0110702703631657,-0.024869551604596,0.03124,900.0
2886.1091736910384,0.0119589187187904,-0.0236780082871215,0.03124,900.0
2886.2097436544936,0.0127280009722228,-0.022399135101493,0.03124,900.0
2886.3102995512527,0.0133578807287789,-0.0210535029803513,0.03124,900.0
2886.41084233499,0.0138551483286394,-0.0196325017721003,0.03124,900.0
2886.5113631842178,0.0142008845167231,-0.0181557625938783,0.03124,900.0
2886.6119538900894,0.0144022091672984,-0.016637489037814,0.03124,900.0
2886.7125107405227,0.0144228688448646,-0.0150710359530632,0.03124,900.0
2886.8130883333724,0.014295039175607,-0.0136125538312545,0.03124,900.0
2886.913659250502,0.0140078288181392,-0.0121841671887838,0.03124,900.0
2887.0095643160384,0.0135723848454928,-0.0107633358093611,0.03124,900.0
2887.11015168405,0.012994462286918,-0.0093678619498254,0.03124,900.0
2887.210710441832,0.0122738049702137,-0.0080741120708962,0.03124,900.0
2887.3112882731,0.0114112055144988,-0.0068150998612858,0.03124,900.0
2887.411856329207,0.0104201760659229,-0.0056592766802198,0.03124,900.0
2887.512416040663,0.0093543458704359,-0.0046593685808738,0.03124,900.0
2887.612978851561,0.0081603925661098,-0.0037386600705506,0.03124,900.0
2887.713556921248,0.0068229277482888,-0.0029161765459515,0.03124,900.0
2887.8040811178726,0.0056433202558059,-0.0023435824609757,0.03124,900.0
2887.904611980681,0.0042446532844534,-0.0018322917760762,0.03124,900.0
2888.005210792784,0.0027952112832655,-0.0014732707294859,0.03124,900.0
2888.105779325728,0.0012826044039801,-0.0012648083784299,0.03124,900.0
2888.206366932158,-0.0001966663183311,-0.0012046417506407,0.03124,900.0
2888.3069194910568,-0.0014041968673595,-0.0012679705688797,0.03124,900.0
2888.40746966577,-0.0026531869237109,-0.0014560861517297,0.03124,900.0
2888.5076376555007,-0.0040718580555538,-0.0018016772506964,0.03124,900.0
2888.608221208815,-0.005493629883943,-0.0022942403268888,0.03124,900.0
2888.708802139525,-0.0068256571334416,-0.0029276947758831,0.03124,900.0
2888.809365904097,-0.0081161730072044,-0.0037051830213337,0.03124,900.0
2888.9116326925796,-0.0093658800926674,-0.0046464718564263,0.03124,900.0
2889.012197410826,-0.010437561390649,-0.0056652305244902,0.03124,900.0
2889.1127621290725,-0.0114391960757099,-0.0068146004423641,0.03124,900.0
2889.21335855699,-0.0123204268679414,-0.0081177544538832,0.03124,900.0
2889.303836261992,-0.0129301579358079,-0.0092453096549144,0.03124,900.0
2889.4043964502853,-0.0134212752425052,-0.0103408753185656,0.03124,900.0
2889.504948532347,-0.0138445016926351,-0.0116116243645982,0.03124,900.0
2889.6055182573837,-0.0141903310382207,-0.0131068600749642,0.03124,900.0
2889.7061106321853,-0.0143902423148872,-0.01462932174743,0.03124,900.0
2889.8066732046645,-0.0144180634287181,-0.0160784478782274,0.03124,900.0
2889.907239115004,-0.0142834048120909,-0.0175917600368567,0.03124,900.0
2890.007806932692,-0.0139959440132573,-0.0191404015887152,0.03124,900.0
2890.1083726046127,-0.0136045689020067,-0.0204665649351249,0.03124,900.0
2890.2089292166274,-0.013291870407673,-0.0212884949095741,0.03124,900.0
2890.3094975111526,-0.0132909999999999,-0.0212907827816599,0.03124,900.0
2890.4132773039382,-0.0132885838912062,-0.0212815921351199,0.03124,900.0
2890.5037616846603,-0.0120811637588613,-0.0168255019494905,0.03124,900.0
2890.6043230650466,-0.0103654089002123,-0.0104931425862508,0.03124,900.0
2890.7048853991073,-0.0096457590919418,-0.0078371200105065,0.03124,900.0
2890.805441534285,-0.0096209999999999,-0.0077457843158569,0.03124,900.0
2890.905999099974,-0.009493114893298,-0.007604281405338,0.03124,900.0
2891.0065564272445,-0.0089467654150651,-0.0070358941000499,0.03124,900.0
2891.1071340200942,-0.0078591680916533,-0.0060258027018124,0.03124,900.0
2891.207701837782,-0.0066777684155793,-0.005151605022342,0.03124,900.0
2891.308256780867,-0.0053578554707565,-0.0044245876787316,0.03124,900.0
2891.4087664244216,-0.0039645972314938,-0.0038559247885759,0.03124,900.0
2891.5093337652725,-0.0024237063736402,-0.0034460619761401,0.03124,900.0
2891.6099111197036,-0.0009955537538717,-0.0032640325156581,0.03124,900.0
2891.7104732153457,0.0005381775372824,-0.0032357118284926,0.03124,900.0
2891.811043655638,0.0020618952505293,-0.003392424533671,0.03124,900.0
2891.9050926325363,0.0034300142456208,-0.0037137531429187,0.03124,900.0
2892.0056053755325,0.00482406915671,-0.0042026459761748,0.03124,900.0
2892.106168424849,0.0061644188549486,-0.0048648664637524,0.03124,900.0
2892.206728136305,0.0074538664544424,-0.0057129062660301,0.03124,900.0
2892.30729309297,0.0085878195838878,-0.0066687184593975,0.03124,900.0
2892.4078594801467,0.0096024986697457,-0.0077531562222653,0.03124,900.0
2892.5083703157943,0.0105089551585448,-0.0090004742761224,0.03124,900.0
2892.608928119902,0.0112399631859865,-0.0103466905804256,0.03124,900.0
2892.709488546614,0.0117873410794819,-0.0117219444953408,0.03124,900.0
2892.8100601789993,0.0121721223846175,-0.0131958579656641,0.03124,900.0
2892.9106158373397,0.0123652428721931,-0.0146828822010341,0.03124,900.0
2893.0111724493545,0.0123962574294425,-0.01613980435635,0.03124,900.0
2893.1117288229507,0.0122416206489675,-0.0176145263504952,0.03124,900.0
2893.2122546789687,0.0119127642041934,-0.0190748901226138,0.03124,900.0
2893.31323138452,0.0114103425676113,-0.0204874731747717,0.03124,900.0
2893.4139653799575,0.0107374064813176,-0.021849545136624,0.03124,900.0
2893.5044983980697,0.009981101180619,-0.0230088072735027,0.03124,900.0
2893.606498634581,0.0089722180767458,-0.0242162522208711,0.03124,900.0
2893.70706120706,0.007896721287329,-0.0252250438342248,0.03124,900.0
2893.8076168654006,0.0066550964917994,-0.0261135227643254,0.03124,900.0
2893.908147012953,0.0053564353218457,-0.0268222983608628,0.03124,900.0
2894.0087141153854,0.0040000478819307,-0.0273809036790224,0.03124,900.0
2894.109280979399,0.0025062341795473,-0.0277761678321975,0.03124,900.0
2894.209865724806,0.0010302857843973,-0.0279839958983139,0.03124,900.0
2894.310431396727,-0.000474130891551,-0.028020837284144,0.03124,900.0
2894.410965120558,-0.0020102045535849,-0.0278641102251541,0.03124,900.0
2894.5115355608505,-0.0034851866738677,-0.0275394420900241,0.03124,900.0
2894.612097418074,-0.0048878546751428,-0.0270370699265289,0.03124,900.0
2894.7126235125106,-0.006206796852105,-0.0263809053305829,0.03124,900.0
2894.8131856081527,-0.0074548985560214,-0.0255559627514065,0.03124,900.0
2894.913757240538,-0.0086554796399517,-0.0245462977729716,0.03124,900.0
2895.0042690393966,-0.0095446810067298,-0.0235808255514146,0.03124,900.0
2895.109410202269,-0.0104559790959437,-0.0223099874288555,0.03124,900.0
2895.2099675295394,-0.011184362902061,-0.0209966833462712,0.03124,900.0
2895.310550844435,-0.0117529965680124,-0.0195906545168249,0.03124,900.0
2895.411115324263,-0.0121458024644788,-0.0181349873788669,0.03124,900.0
2895.5116857645553,-0.0123552661777281,-0.0166715789871031,0.03124,900.0
2895.612245237593,-0.0123960510055968,-0.0151806895879154,0.03124,900.0
2895.712815201048,-0.0122456508947883,-0.0136518799754697,0.03124,900.0
2895.8133901712936,-0.0119223899384701,-0.0121755659842943,0.03124,900.0
2895.903902208571,-0.0115041552184098,-0.0109475617135258,0.03124,900.0
2896.00446478105,-0.0108698585967444,-0.0096052255052651,0.03124,900.0
2896.1050402281326,-0.0100111090286789,-0.0082859338298462,0.03124,900.0
2896.206846630339,-0.009678079145947,-0.0078227925794092,0.03124,900.0
2896.307411587004,-0.0096209999999999,-0.0077457843158569,0.03124,900.0
2896.4079865572494,-0.0096209999999999,-0.0077454896988022,0.03124,900.0
2896.508544838194,-0.009621,-0.0077441458166408,0.03124,0.0
2896.6108850595992,-0.009621,-0.0077428665929994,0.03124,0.0
2896.7114497778457,-0.009621,-0.0077419914184877,0.03124,0.0
2896.8119804022353,-0.009621,-0.0077408798267821,0.03124,0.0
2896.912542736296,-0.0096209999999999,-0.0077394739425158,0.03124,0.0
2897.0131141302627,-0.009621,-0.0077385047448538,0.03124,0.0
2897.1136867163223,-0.0096209999999999,-0.0077375763012304,0.03124,0.0
2897.2041620371383,-0.009621,-0.0077361143742864,0.03124,0.0
2897.304723179106,-0.009621,-0.0077350567662807,0.03124,0.0
2897.40631190515,-0.009621,-0.007734002964295,0.03124,0.0
2897.5068854448837,-0.009621,-0.0077326029325987,0.03124,0.0
2897.6074465868514,-0.009621,-0.0077316520359039,0.03124,0.0
2897.708008444075,-0.0096209999999999,-0.0077304123711704,0.03124,0.0
2897.808555757765,-0.0096209999999999,-0.0077291228036699,0.03124,0.0
2897.909121906523,-0.0096209999999999,-0.0077276653540623,0.03124,0.0
2898.0097006914657,-0.0096209999999999,-0.0077261877776088,0.03124,0.0
2898.1102227327865,-0.009621,-0.0077251579616374,0.03124,0.0
2898.210817491774,-0.0096209999999999,-0.0077241201808321,0.03124,0.0
2898.3087565062087,-0.009621,-0.0077230181538996,0.03124,0.0
2898.409325992827,-0.009621,-0.00772181590766,0.03124,0.0
2898.511125719313,-0.009621,-0.007720728651088,0.03124,0.0
2898.611670410399,-0.009621,-0.0077193762023634,0.03124,0.0
2898.712233459715,-0.009621,-0.0077182009537103,0.03124,0.0
2898.8127833960098,-0.009621,-0.0077168434912072,0.03124,0.0
2898.913348114256,-0.009621,-0.0077155287868391,0.03124,0.0
2899.0038296339553,-0.0096209999999999,-0.0077146981968232,0.03124,0.0
2899.104366457228,-0.009621,-0.0077136429446706,0.03124,0.0
2899.205164825682,-0.009621,-0.0077120661630281,0.03124,0.0
2899.306477463011,-0.009621,-0.0077109703983354,0.03124,0.0
2899.4070095179122,-0.0096209999999999,-0.0077104818684226,0.03124,0.0
2899.5075658915084,-0.0096209999999999,-0.0077104005295073,0.03124,0.0
