19971.09913134575,-0.018020599999999984,-0.0017522919700567463,0.05893,1340.8
19971.19915175438,-0.017798099999999997,-0.003222524638554984,0.05893,1340.8
19971.29918050766,-0.0174362,-0.004739279766287394,0.05893,1340.8
19971.39937853813,-0.016904399999999986,-0.006331682030020075,0.05893,1340.8
19971.49905014038,-0.01623590000000001,-0.00787193252868558,0.05893,1340.8
19971.599184036255,-0.01542149999999999,-0.009340321366826151,0.05893,1340.8
19971.699030160904,-0.014830700000000002,-0.010243972637819385,0.05893,1340.8
19971.799008369446,-0.013952100000000009,-0.011391355419551906,0.05893,1340.8
19971.899038553238,-0.0129026,-0.012544640160228979,0.05893,1340.8
19971.999093055725,-0.0129026,-0.012544640160228979,0.05893,1340.8
19972.09935450554,-0.011667999999999998,-0.013682510345893094,0.05893,1340.8
19972.19923877716,-0.010338199999999992,-0.014707604926462253,0.05893,1340.8
19972.2991335392,-0.008916800000000003,-0.015601429365937891,0.05893,1340.8
19972.399072885513,-0.007526000000000005,-0.01630612556982855,0.05893,1340.8
19972.49911928177,-0.005967899999999998,-0.0169315077681726,0.05893,1340.8
19972.599081754684,-0.004360400000000014,-0.017416714909084245,0.05893,1340.8
19972.699131011963,-0.002832299999999996,-0.0177284039989443,0.05893,1340.8
19972.799198389053,-0.0011624999999999969,-0.017905588919542414,0.05893,1340.8
19972.89918065071,0.0005162000000000083,-0.017935439881966893,0.05893,1340.8
19972.999185085297,0.0020717000000000096,-0.01782807716201585,0.05893,1340.8
19973.099287986755,0.003729299999999991,-0.01756024260061377,0.05893,1340.8
19973.19970059395,0.003729299999999991,-0.01756024260061377,0.05893,1340.8
19973.299158334732,0.005353100000000013,-0.017133012160122425,0.05893,1340.8
19973.39918732643,0.0068210000000000215,-0.01660802941050852,0.05893,1340.8
19973.499205350876,0.008348299999999989,-0.015910394292599037,0.05893,1340.8
19973.599132061005,0.009701399999999999,-0.015135051787642705,0.05893,1340.8
19973.699560642242,0.01107169999999999,-0.014164539691059151,0.05893,1340.8
19973.799221992493,0.012351400000000012,-0.013077682934594284,0.05893,1340.8
19973.899196386337,0.013530399999999984,-0.011882171075127755,0.05893,1340.8
19973.99939775467,0.014515600000000003,-0.010673438167708917,0.05893,1340.8
19974.09939980507,0.015452000000000007,-0.009279697526798365,0.05893,1340.8
19974.19908475876,0.016261399999999995,-0.0078086407578814646,0.05893,1340.8
19974.299135684967,0.016261399999999995,-0.0078086407578814646,0.05893,1340.8
19974.399139881134,0.016938599999999998,-0.006272077919931111,0.05893,1340.8
19974.499378204346,0.01739460000000001,-0.004906540040607851,0.05893,1340.8
19974.59916305542,0.0178045,-0.003154937527306133,0.05893,1340.8
19974.699139356613,0.018024399999999996,-0.001611509232894874,0.05893,1340.8
19974.799197912216,0.0181201,6.491442703854267e-05,0.05893,1340.8
19974.899703025818,0.018047300000000002,0.0017423786080797456,0.05893,1340.8
19974.99920105934,0.0178426,0.003287944177128934,0.05893,1340.8
19975.099215507507,0.017477799999999988,0.004926750294166962,0.05893,1340.8
19975.199233531952,0.0170082,0.006417635564470503,0.05893,1340.8
19975.29918384552,0.0166607,0.007275567685479361,0.05893,1340.8
19975.399319410324,0.015936900000000004,0.008790674612374497,0.05893,1340.8
19975.49912929535,0.015936900000000004,0.008790674612374497,0.05893,1340.8
19975.59916806221,0.01507,0.010228604808361005,0.05893,1340.8
19975.699600219727,0.0141463,0.011484761299024138,0.05893,1340.8
19975.799321889877,0.013037300000000002,0.012745310944892119,0.05893,1340.8
19975.89908695221,0.011821599999999988,0.01390361731167257,0.05893,1340.8
19975.9994430542,0.010597200000000001,0.014869205596912995,0.05893,1340.8
19976.099135875702,0.009187400000000012,0.015781251919275437,0.05893,1340.8
19976.19918870926,0.0078109999999999985,0.01651344539026356,0.05893,1340.8
19976.299190044403,0.0062661999999999995,0.017173238478162968,0.05893,1340.8
19976.399631500244,0.004665699999999995,0.017678931448954063,0.05893,1340.8
19976.499182462692,0.00302390000000001,0.018030808197725588,0.05893,1340.8
19976.59921860695,0.00302390000000001,0.018030808197725588,0.05893,1340.8
19976.699136972427,0.0013574000000000086,0.018235176149972034,0.05893,1340.8
19976.799134254456,-0.00020090000000000385,0.018290680549136427,0.05893,1340.8
19976.899103164673,-0.0018771000000000065,0.018191105200825057,0.05893,1340.8
19976.999789714813,-0.003536400000000009,0.017935018324889536,0.05893,1340.8
19977.099177598953,-0.0050514000000000114,0.017566979944277753,0.05893,1340.8
19977.19923019409,-0.006643300000000005,0.01703260320452428,0.05893,1340.8
19977.299250602722,-0.008066799999999999,0.016395885370923097,0.05893,1340.8
19977.399271011353,-0.009530999999999998,0.015573922591972413,0.05893,1340.8
19977.49928879738,-0.010916800000000004,0.01462600474231188,0.05893,1340.8
19977.5991294384,-0.012214299999999997,0.013560114823101575,0.05893,1340.8
19977.699112415314,-0.013315999999999995,0.012456293125546573,0.05893,1340.8
19977.799159526825,-0.014319600000000002,0.01126311417023839,0.05893,1340.8
19977.89926457405,-0.014319600000000002,0.01126311417023839,0.05893,1340.8
19977.999123573303,-0.014938400000000004,0.010423166720258566,0.05893,1340.8
19978.099066972733,-0.015780299999999983,0.009063258146768165,0.05893,1340.8
19978.199135780334,-0.01653679999999999,0.007564389875304622,0.05893,1340.8
19978.299091100693,-0.01715759999999998,0.006004192269323541,0.05893,1340.8
19978.3991458416,-0.0175912,0.0045063645189677495,0.05893,1340.8
19978.49909877777,-0.01791189999999998,0.0028581436206215616,0.05893,1340.8
19978.59907746315,-0.018031299999999972,0.0019590041107621498,0.05893,1340.8
19978.69918203354,-0.018112000000000003,0.0002841100457370918,0.05893,1340.8
19978.7993683815,-0.0180559,-0.0012739502856059515,0.05893,1340.8
19978.899154901505,-0.018022999999999997,-0.0017177544081468585,0.05893,1340.8
19978.999193429947,-0.018022999999999997,-0.0017177544081468585,0.05893,1340.8
19979.09924221039,-0.018022999999999997,-0.0017177544081468585,0.05893,1340.8
19979.199214458466,-0.01693889999999998,-0.0016917659447891198,0.05893,0.0
19979.299234628677,-0.008442199999999997,-0.0014880264634410112,0.05893,0.0
19979.699192762375,0.008664999999999992,-0.0010777817552085206,0.05893,0.0
19979.799197673798,0.008663499999999977,-0.0010858417799598924,0.05893,1340.8
19979.89919900894,0.008347800000000002,-0.0024417692484547254,0.05893,1340.8
19979.999183177948,0.007762699999999997,-0.0038853079591054038,0.05893,1340.8
19980.09910082817,0.007762699999999997,-0.0038853079591054038,0.05893,1340.8
19980.199198246002,0.006838100000000014,-0.005284384461568446,0.05893,1340.8
19980.299151420593,0.005680199999999996,-0.006497706153712486,0.05893,1340.8
19980.399178028107,0.004401900000000014,-0.007387451673432362,0.05893,1340.8
19980.499228477478,0.002884600000000001,-0.008101660473391392,0.05893,1340.8
19980.59924340248,0.001252099999999992,-0.008486349559644217,0.05893,1340.8
19980.69957256317,-0.0003021999999999886,-0.008582453667929438,0.05893,1340.8
19980.799196958542,-0.001963699999999985,-0.00835396187385161,0.05893,1340.8
19980.899531126022,-0.0035564000000000012,-0.007830313089625764,0.05893,1340.8
19980.99913263321,-0.004913899999999999,-0.007063967694779752,0.05893,1340.8
19981.099202871323,-0.0062085000000000196,-0.006001771057273196,0.05893,1340.8
19981.199198007584,-0.0072672999999999904,-0.004701347987942729,0.05893,1340.8
19981.299209594727,-0.0072672999999999904,-0.004701347987942729,0.05893,1340.8
19981.399097919464,-0.008064600000000005,-0.003227329843969215,0.05893,1340.8
19981.499426603317,-0.008538400000000002,-0.0017438198950960188,0.05893,1340.8
19981.599130153656,-0.008747999999999992,-8.086914505785886e-05,0.05893,1340.8
19981.699162721634,-0.008653299999999989,0.0014736991550903175,0.05893,1340.8
19981.799151420593,-0.008246900000000001,0.0030997170655540675,0.05893,1340.8
19981.89914751053,-0.007539199999999996,0.004620257668761788,0.05893,1340.8
19981.999150276184,-0.006547899999999995,0.005971596352531413,0.05893,1340.8
19982.09915614128,-0.005420099999999997,0.007045469272901693,0.05893,1340.8
19982.199149370193,-0.004114900000000005,0.007894398662811702,0.05893,1340.8
19982.299476623535,-0.0025673999999999836,0.008541236772210883,0.05893,1340.8
19982.399146080017,-0.0009236999999999995,0.008870637879988284,0.05893,1340.8
19982.499176502228,-0.0009236999999999995,0.008870637879988284,0.05893,1340.8
19982.599207639694,0.0007531000000000204,0.008896389131488304,0.05893,1340.8
19982.699385643005,0.0022846000000000116,0.008615040077853568,0.05893,1340.8
19982.799154520035,0.003858299999999981,0.00803569126494303,0.05893,1340.8
19982.89917397499,0.005279599999999995,0.007145631509773976,0.05893,1340.8
19982.999157190323,0.0065204000000000095,0.006017783785147734,0.05893,1340.8
19983.099155187607,0.007444800000000001,0.004764197410500708,0.05893,1340.8
19983.19919204712,0.008150299999999985,0.003375653234044953,0.05893,1340.8
19983.299154758453,0.008601300000000006,0.001760775329318169,0.05893,1340.8
19983.399170160294,0.0087584,9.168540847756534e-05,0.05893,1340.8
19983.499229431152,0.008664999999999992,-0.0010777817552085206,0.05893,1340.8
19983.599816322327,0.008664999999999992,-0.0010777817552085206,0.05893,1340.8
19983.69913816452,0.008664999999999992,-0.0010777817552085206,0.05893,1340.8
19983.799171686172,0.008506799999999995,-0.0012641442452570595,0.05893,0.0
19983.899176359177,0.003463900000000006,-0.007203422087542072,0.05893,0.0
19984.19903945923,-0.00383399999999999,-0.01579875702337192,0.05893,0.0
19984.299106121063,-0.00383399999999999,-0.01579875702337192,0.05893,1340.8
19984.39914703369,-0.002704000000000012,-0.01602560061661249,0.05893,1340.8
19984.499175310135,-0.0010351999999999861,-0.016210454302921395,0.05893,1340.8
19984.599173069,0.0006436000000000081,-0.016232832129155418,0.05893,1340.8
19984.69917488098,0.0021971000000000074,-0.016100542258122907,0.05893,1340.8
19984.799169301987,0.0021971000000000074,-0.016100542258122907,0.05893,1340.8
19984.899168252945,0.003846100000000005,-0.015784949086858686,0.05893,1340.8
19984.99939751625,0.005458400000000002,-0.015316315627996561,0.05893,1340.8
19985.099461317062,0.006900400000000001,-0.01472325669333302,0.05893,1340.8
19985.19915986061,0.008385000000000004,-0.013939225692726917,0.05893,1340.8
19985.299321889877,0.009785499999999989,-0.013013685669300508,0.05893,1340.8
19985.399225473404,0.010987500000000011,-0.012020697931722703,0.05893,1340.8
19985.499130010605,0.012096099999999999,-0.010924524208709784,0.05893,1340.8
19985.599093198776,0.013168799999999994,-0.00963322247640723,0.05893,1340.8
19985.699130773544,0.014096899999999996,-0.00823414597394416,0.05893,1340.8
19985.79911351204,0.01489009999999999,-0.006754302894617453,0.05893,1340.8
19985.899131298065,0.015472299999999994,-0.005307802808910127,0.05893,1340.8
19985.999128818512,0.015472299999999994,-0.005307802808910127,0.05893,1340.8
19986.0991191864,0.0159513,-0.0036987290483677937,0.05893,1340.8
19986.199136018753,0.016266500000000003,-0.002049802655531771,0.05893,1340.8
19986.299462795258,0.016403,-0.0003764381854151448,0.05893,1340.8
19986.39922595024,0.016381599999999996,0.0013024369846055608,0.05893,1340.8
19986.499143362045,0.01619430000000001,0.002850377040150582,0.05893,1340.8
19986.599136590958,0.015864600000000006,0.004374074647935291,0.05893,1340.8
19986.699484825134,0.015362,0.005976185137256604,0.05893,1340.8
19986.799149513245,0.014680499999999999,0.007510708515329097,0.05893,1340.8
19986.899210214615,0.013920100000000005,0.008871755424687398,0.05893,1340.8
19986.999200105667,0.012960599999999989,0.01024925741016633,0.05893,1340.8
19987.099237680435,0.012960599999999989,0.01024925741016633,0.05893,1340.8
19987.199138879776,0.011859300000000003,0.011516651721326494,0.05893,1340.8
19987.299584150314,0.010644699999999993,0.012675802979694287,0.05893,1340.8
19987.39910697937,0.009406499999999998,0.013623406593905579,0.05893,1340.8
19987.499085187912,0.007983000000000004,0.014513543372666034,0.05893,1340.8
19987.59937620163,0.006589600000000001,0.01521323874162223,0.05893,1340.8
19987.699234962463,0.005015900000000004,0.015798628910574895,0.05893,1340.8
19987.799192905426,0.0033946999999999866,0.016235274132374498,0.05893,1340.8
19987.899173736572,0.0017360000000000014,0.016493714703637096,0.05893,1340.8
19987.99925684929,0.00017960000000000198,0.016583267590910614,0.05893,1340.8
19988.09918498993,-0.001498399999999997,0.016524899631449676,0.05893,1340.8
19988.19909620285,-0.003158999999999995,0.01627667715074528,0.05893,1340.8
19988.299117803574,-0.003158999999999995,0.01627667715074528,0.05893,1340.8
19988.39914560318,-0.004789299999999996,0.015875610011963307,0.05893,1340.8
19988.49925160408,-0.006256899999999996,0.015349726138339296,0.05893,1340.8
19988.59919142723,-0.007231299999999996,0.014914610511448122,0.05893,1340.8
19988.699126958847,-0.008446800000000004,0.014246512120513942,0.05893,1340.8
19988.79908800125,-0.00983909999999999,0.013308225472850745,0.05893,1340.8
19988.899248361588,-0.011134699999999983,0.012240470932114115,0.05893,1340.8
19988.999106168747,-0.0123027,0.011034308140711328,0.05893,1340.8
19989.09916806221,-0.013280899999999984,0.009820280954077505,0.05893,1340.8
19989.19908595085,-0.014065300000000003,0.008649717036861043,0.05893,1340.8
19989.299129724503,-0.014561000000000004,0.007754558631997324,0.05893,1340.8
19989.399204969406,-0.0152558,0.006226447077838863,0.05893,1340.8
19989.499168395996,-0.0152558,0.006226447077838863,0.05893,1340.8
19989.59927892685,-0.015794999999999976,0.004636398509433291,0.05893,1340.8
19989.699585199356,-0.01617339999999999,0.003000770188140999,0.05893,1340.8
19989.7993350029,-0.016362499999999988,0.0014531443680451395,0.05893,1340.8
19989.89912724495,-0.016411999999999996,-0.00010499298688931846,0.05893,1340.8
19989.999136924744,-0.016301499999999983,-0.001780103472603392,0.05893,1340.8
19990.099132061005,-0.01601140000000001,-0.0034338350708536386,0.05893,1340.8
19990.199739217758,-0.015569200000000005,-0.0050536367869236445,0.05893,1340.8
19990.299280166626,-0.014995699999999987,-0.006503628903825845,0.05893,1340.8
19990.399158239365,-0.014235600000000001,-0.00800053473900282,0.05893,1340.8
19990.599434137344,-0.013329799999999975,-0.009413929042948507,0.05893,1340.8
19990.699051618576,-0.012276800000000004,-0.010721706642540553,0.05893,1340.8
19990.799121379852,-0.011106099999999994,-0.011925299317927233,0.05893,1340.8
19990.899188756943,-0.009904099999999985,-0.0129183078466737,0.05893,1340.8
19990.999450206757,-0.008515099999999998,-0.013861399699751219,0.05893,1340.8
19991.099417209625,-0.0072620999999999936,-0.014555898604252458,0.05893,1340.8
19991.199513196945,-0.006329600000000005,-0.014975460279033015,0.05893,1340.8
19991.29954266548,-0.00486579999999999,-0.01551209289935336,0.05893,1340.8
19991.399046182632,-0.00383399999999999,-0.01579875702337192,0.05893,1340.8
19991.499156713486,-0.00383399999999999,-0.01579875702337192,0.05893,1340.8
19991.59916448593,-0.0032546999999999993,-0.015209364958254805,0.05893,1340.8
19991.699151992798,0.0021991999999999845,-0.009660817558264798,0.05893,0.0
19991.799119472504,0.0021991999999999845,-0.009660817558264798,0.05893,0.0
19992.099165678024,0.010337999999999986,-0.0013808031405875207,0.05893,0.0
19992.199253082275,0.010337999999999986,-0.0013808031405875207,0.05893,1340.8
19992.299140930176,0.010168199999999974,-0.0022876114161576935,0.05893,1340.8
19992.39914250374,0.009685599999999989,-0.003769787399642753,0.05893,1340.8
19992.499111652374,0.00892270000000002,-0.005263927489283379,0.05893,1340.8
19992.59938144684,0.007941799999999999,-0.0066247787691213825,0.05893,1340.8
19992.699053287506,0.006847199999999998,-0.007734013351820217,0.05893,1340.8
19992.7991771698,0.005491200000000002,-0.008721706810182916,0.05893,1340.8
19992.899205684662,0.003995999999999986,-0.009481516154197386,0.05893,1340.8
19992.99919939041,0.003995999999999986,-0.009481516154197386,0.05893,1340.8
19993.09952878952,0.00251839999999999,-0.009973449354472384,0.05893,1340.8
19993.199146986008,0.0008641000000000065,-0.010250405252902224,0.05893,1340.8
19993.299200057983,-0.0008133999999999919,-0.010245697862248077,0.05893,1340.8
19993.399188518524,-0.002352800000000002,-0.010009027437489965,0.05893,1340.8
19993.499171972275,-0.003954699999999978,-0.00951032659551427,0.05893,1340.8
19993.599170207977,-0.0054506,-0.008750125992459189,0.05893,1340.8
19993.69913315773,-0.006711700000000001,-0.007835530345249322,0.05893,1340.8
19993.79914999008,-0.007908099999999987,-0.006660238246210086,0.05893,1340.8
19993.899141550064,-0.008845000000000006,-0.005415340367212744,0.05893,1340.8
19993.999175310135,-0.009617200000000006,-0.003925691247537215,0.05893,1340.8
19994.09918308258,-0.009617200000000006,-0.003925691247537215,0.05893,1340.8
19994.199187278748,-0.010143,-0.0023329955395241103,0.05893,1340.8
19994.299153327942,-0.010407699999999978,-0.0007978436905532807,0.05893,1340.8
19994.3991894722,-0.010435099999999989,0.0008799139347682797,0.05893,1340.8
19994.49915957451,-0.010177500000000006,0.002537745243943061,0.05893,1340.8
19994.599190235138,-0.009668399999999994,0.00413577681350865,0.05893,1340.8
19994.69917654991,-0.008977700000000005,0.005532401805884428,0.05893,1340.8
19994.79917383194,-0.008003300000000005,0.0068975276349984675,0.05893,1340.8
19994.899179935455,-0.006819499999999978,0.008085782778963563,0.05893,1340.8
19994.99921274185,-0.005568900000000002,0.009014284177446694,0.05893,1340.8
19995.099134922028,-0.0040858999999999895,0.009798706437093407,0.05893,1340.8
19995.19917654991,-0.0024914000000000047,0.010321021255931057,0.05893,1340.8
19995.299172639847,-0.0024914000000000047,0.010321021255931057,0.05893,1340.8
19995.399173736572,-0.000954599999999986,0.010575068671988656,0.05893,1340.8
19995.49916100502,0.0006026000000000087,0.010604311954683556,0.05893,1340.8
19995.59917616844,0.0022664000000000017,0.01038615685709273,0.05893,1340.8
19995.699177503586,0.003865199999999999,0.009878571889947039,0.05893,1340.8
19995.799189329147,0.005368500000000012,0.00913490338660404,0.05893,1340.8
19995.89912199974,0.006742299999999979,0.008171668796690713,0.05893,1340.8
19995.99914622307,0.007853100000000002,0.007077555324724427,0.05893,1340.8
19996.09937596321,0.008848099999999998,0.005726726505924283,0.05893,1340.8
19996.199162483215,0.0095774,0.004350460671073284,0.05893,1340.8
19996.29920053482,0.010131700000000007,0.002766865508919289,0.05893,1340.8
19996.399183273315,0.010409100000000018,0.0011125054397706502,0.05893,1340.8
19996.4991543293,0.010409100000000018,0.0011125054397706502,0.05893,1340.8
19996.599178791046,0.010421699999999978,-0.0005644488763009853,0.05893,1340.8
19996.699970960617,0.010337999999999986,-0.0013808031405875207,0.05893,1340.8
19996.79914355278,0.010337999999999986,-0.0013808031405875207,0.05893,1340.8
19996.899140119553,0.009293900000000008,-0.0018072094806603073,0.05893,0.0
19996.999132871628,0.001979499999999995,-0.004794392906411177,0.05893,0.0
19997.399097442627,-0.010678000000000007,-0.009963761920052383,0.05893,0.0
19997.499158382416,-0.009842799999999985,-0.010772622256979746,0.05893,1340.8
19997.59921503067,-0.009842799999999985,-0.010772622256979746,0.05893,1340.8
19997.6991314888,-0.008625800000000003,-0.011746996852630025,0.05893,1340.8
19997.799167633057,-0.007214800000000007,-0.012656158823527226,0.05893,1340.8
19997.899190187454,-0.005706099999999978,-0.013392570611368726,0.05893,1340.8
19997.9991543293,-0.0041241999999999945,-0.013953424888280691,0.05893,1340.8
19998.09917283058,-0.0026067999999999925,-0.014310930942885172,0.05893,1340.8
19998.199177980423,-0.0009405000000000108,-0.01451294519980454,0.05893,1340.8
19998.29912829399,-0.00016570000000000473,-0.014546777267224684,0.05893,1340.8
19998.39914369583,0.001413499999999998,-0.014473895876760831,0.05893,1340.8
19998.49914908409,0.0030730000000000063,-0.014221908711749817,0.05893,1340.8
19998.599169015884,0.004577100000000001,-0.013811720235940017,0.05893,1340.8
19998.699182987213,0.006140800000000002,-0.01320201059563552,0.05893,1340.8
19998.79918026924,0.006140800000000002,-0.01320201059563552,0.05893,1340.8
19998.899141073227,0.0076238,-0.012415018219972783,0.05893,1340.8
19998.999146699905,0.009006399999999998,-0.011463510524357227,0.05893,1340.8
19999.099215507507,0.01018910000000002,-0.010447712119167445,0.05893,1340.8
19999.199154615402,0.011328900000000003,-0.009215483840815476,0.05893,1340.8
19999.29914999008,0.012331800000000004,-0.007869068968389015,0.05893,1340.8
19999.399179458618,0.013105400000000017,-0.006515474404052549,0.05893,1340.8
19999.499153375626,0.013787900000000006,-0.004981677311638552,0.05893,1340.8
19999.59917283058,0.014278399999999983,-0.0033759769763621814,0.05893,1340.8
19999.699180603027,0.0145782,-0.0018463566184641622,0.05893,1340.8
19999.799172639847,0.014709299999999995,-0.00017258009813819059,0.05893,1340.8
19999.89926481247,0.014665700000000004,0.0013855780479650331,0.05893,1340.8
19999.999103546143,0.014665700000000004,0.0013855780479650331,0.05893,1340.8
20000.099144220352,0.014429999999999998,0.0030478025123446897,0.05893,1340.8
20000.1991648674,0.014008099999999996,0.004672409433828982,0.05893,1340.8
20000.299193143845,0.013407900000000014,0.0062404506438723945,0.05893,1340.8
20000.39918088913,0.012687400000000001,0.00762266002000541,0.05893,1340.8
20000.499172449112,0.011760800000000002,0.009022854067167515,0.05893,1340.8
20000.59916996956,0.010753300000000007,0.010212366152929336,0.05893,1340.8
20000.69917035103,0.009544499999999997,0.01137751718500185,0.05893,1340.8
20000.79915046692,0.008202500000000001,0.012386156689450395,0.05893,1340.8
20000.899149417877,0.0068675000000000125,0.01319144797159142,0.05893,1340.8
20000.999183416367,0.005337299999999989,0.013882454844897744,0.05893,1340.8
20001.09929919243,0.005337299999999989,0.013882454844897744,0.05893,1340.8
20001.199704647064,0.0037419999999999953,0.014404455428286306,0.05893,1340.8
20001.29904484749,0.0020962999999999954,0.014736740887528896,0.05893,1340.8
20001.399114847183,0.0005438999999999999,0.014876580918343284,0.05893,1340.8
20001.499061107635,-0.00037489999999999746,0.01488599569965154,0.05893,1340.8
20001.599035978317,-0.0019276999999999905,0.014756862833196046,0.05893,1340.8
20001.6991314888,-0.0035775999999999863,0.01444791869770369,0.05893,1340.8
20001.799155950546,-0.005066399999999985,0.013985207988954872,0.05893,1340.8
20001.89914703369,-0.006501699999999985,0.013377007152390097,0.05893,1340.8
20001.99920988083,-0.007960399999999992,0.012545650383299849,0.05893,1340.8
20002.099231004715,-0.009318800000000002,0.01155980075529476,0.05893,1340.8
20002.19911980629,-0.010556499999999996,0.01042540180965679,0.05893,1340.8
20002.299171209335,-0.010556499999999996,0.01042540180965679,0.05893,1340.8
20002.399178266525,-0.011652400000000007,0.009154124208261054,0.05893,1340.8
20002.49917960167,-0.012541699999999989,0.007873550431486041,0.05893,1340.8
20002.599205493927,-0.013332999999999998,0.0063930996724297015,0.05893,1340.8
20002.69919681549,-0.013921700000000009,0.004949442355850202,0.05893,1340.8
20002.799135684967,-0.014368199999999998,0.0033312888406175217,0.05893,1340.8
20002.89917731285,-0.014641700000000007,0.0016750849411113211,0.05893,1340.8
20002.999175071716,-0.014711999999999989,-2.3584487610847638e-06,0.05893,1340.8
20003.099173545837,-0.014670499999999989,-0.0009512960283605265,0.05893,1340.8
20003.199154615402,-0.014486599999999988,-0.0024467908745580483,0.05893,1340.8
20003.29908466339,-0.01408609999999999,-0.004077299754986913,0.05893,1340.8
20003.39947271347,-0.013565000000000008,-0.005546708323066432,0.05893,1340.8
20003.499146461487,-0.013565000000000008,-0.005546708323066432,0.05893,1340.8
20003.59920859337,-0.012817999999999982,-0.007050283985184029,0.05893,1340.8
20003.699170589447,-0.01198819999999999,-0.008369907085002792,0.05893,1340.8
20003.79919195175,-0.010932300000000006,-0.009675351780436478,0.05893,1340.8
20003.899678707123,-0.010678000000000007,-0.009963761920052383,0.05893,1340.8
20003.999108314514,-0.010678000000000007,-0.009963761920052383,0.05893,0.0
20004.09917163849,-0.007467399999999999,-0.008739083801482361,0.05893,0.0
20004.59916996956,0.012080999999999995,-0.0012818354720057767,0.05893,0.0
20004.699135303497,0.012080999999999995,-0.0012818354720057767,0.05893,1340.8
20004.799166440964,0.011916099999999999,-0.002189467847994564,0.05893,1340.8
20004.899171829224,0.011480600000000007,-0.0038095630083449794,0.05893,1340.8
20004.999215126038,0.010878699999999991,-0.005246864733433117,0.05893,1340.8
20005.099747419357,0.010034100000000004,-0.006697464530064937,0.05893,1340.8
20005.1994805336,0.00899090000000001,-0.008012910895367792,0.05893,1340.8
20005.299207925797,0.007872199999999982,-0.009099453416383407,0.05893,1340.8
20005.39913225174,0.006518099999999985,-0.010091735659471357,0.05893,1340.8
20005.69915676117,0.0019499999999999934,-0.011818585860043244,0.05893,1340.8
20005.799156665802,0.0019499999999999934,-0.011818585860043244,0.05893,1340.8
20005.89915394783,0.0002798000000000106,-0.011973449186829986,0.05893,1340.8
20005.999244213104,-0.001276599999999975,-0.011910471651475109,0.05893,1340.8
20006.099187612534,-0.0029294999999999877,-0.011623102032966862,0.05893,1340.8
20006.199157953262,-0.004528399999999988,-0.01111265350552463,0.05893,1340.8
20006.299088716507,-0.005934800000000004,-0.010439631303247328,0.05893,1340.8
20006.39913725853,-0.007341100000000017,-0.009522702751879143,0.05893,1340.8
20006.499269008636,-0.008524799999999999,-0.008507414211658813,0.05893,1340.8
20006.599187135696,-0.00963159999999999,-0.0072455513915713685,0.05893,1340.8
20006.69912838936,-0.01055629999999999,-0.005845650788689663,0.05893,1340.8
20006.799169063568,-0.011282699999999979,-0.004333407422091103,0.05893,1340.8
20006.89910840988,-0.011765499999999984,-0.002852446798065268,0.05893,1340.8
20006.99914264679,-0.011765499999999984,-0.002852446798065268,0.05893,1340.8
20007.09916973114,-0.012070399999999981,-0.0012027941195707492,0.05893,1340.8
20007.199193239212,-0.012148000000000006,0.00047314046656195263,0.05893,1340.8
20007.299198150635,-0.011995999999999993,0.002144563291560885,0.05893,1340.8
20007.399149894714,-0.011644799999999997,0.0036634556939312488,0.05893,1340.8
20007.49917602539,-0.01105579999999999,0.0052354009853789255,0.05893,1340.8
20007.5991461277,-0.010253700000000004,0.006709908203153189,0.05893,1340.8
20007.699174165726,-0.009329100000000007,0.007964849334357073,0.05893,1340.8
20007.799240589142,-0.008164199999999996,0.009172639535428372,0.05893,1340.8
20007.899235486984,-0.0068443000000000115,0.010208580677454011,0.05893,1340.8
20007.999172210693,-0.0055032,0.011001300173709806,0.05893,1340.8
20008.099142074585,-0.0055032,0.011001300173709806,0.05893,1340.8
20008.199122428894,-0.003958699999999982,0.011656100493100292,0.05893,1340.8
20008.29907655716,-0.0023394000000000054,0.012094980804298043,0.05893,1340.8
20008.399174690247,-0.0007945000000000035,0.012296897246457265,0.05893,1340.8
20008.49934530258,0.000763600000000017,0.012299467362473372,0.05893,1340.8
20008.599145174026,0.0024278000000000077,0.012083428748351853,0.05893,1340.8
20008.699184656143,0.00404729999999999,0.01164833391262931,0.05893,1340.8
20008.799179315567,0.00490199999999999,0.01128541497288095,0.05893,1340.8
20008.89918589592,0.006389000000000006,0.010508836317296669,0.05893,1340.8
20008.999858379364,0.0076606999999999925,0.00960804860659998,0.05893,1340.8
20009.099137306213,0.008890599999999999,0.008465903871659856,0.05893,1340.8
20009.19917869568,0.009947700000000004,0.007161499697333786,0.05893,1340.8
20009.29918050766,0.009947700000000004,0.007161499697333786,0.05893,1340.8
20009.39918446541,0.010816300000000015,0.005615815522355683,0.05893,1340.8
20009.499174118042,0.01143530000000001,0.0042941321714902725,0.05893,1340.8
20009.59910583496,0.0118886,0.002678527981104982,0.05893,1340.8
20009.699174165726,0.012110800000000005,0.0011368249111224221,0.05893,1340.8
20009.799179792404,0.012126399999999996,-0.0005401086137805308,0.05893,1340.8
20009.899132728577,0.012080999999999995,-0.0012818354720057767,0.05893,1340.8
20009.99917268753,0.012080999999999995,-0.0012818354720057767,0.05893,0.0
20010.099081277847,0.012080999999999995,-0.0012815344325954672,0.05893,0.0
20015.490306059397,-0.016772999999999996,0.02282900000000001,0.05893,0.0
