3382.9431930951487,-0.00395,0.0121301540961401,0.03905,0.0
3383.0437535218607,-0.0039499999999999,0.01212815852047,0.03905,0.0
3383.1443060807596,-0.0039499999999999,0.0121268458069722,0.03905,0.0
3383.2448500565897,-0.00395,0.0121250609454709,0.03905,0.0
3383.345420496882,-0.0039499999999999,0.0121234017334061,0.03905,0.0
3383.4459811620127,-0.0039499999999999,0.0121219711412558,0.03905,0.0
3383.5473205022226,-0.0039499999999999,0.0121201079113813,0.03905,0.0
3383.647903340281,-0.0039499999999999,0.0121185585567287,0.03905,0.0
3383.7484730653177,-0.00395,0.0121165132539606,0.03905,0.0
3383.8449052743326,-0.0039499999999999,0.012114605329187,0.03905,0.0
3383.945476906718,-0.0039499999999999,0.0121124343954289,0.03905,0.0
3384.046053069056,-0.0039499999999999,0.0121113733413961,0.03905,0.0
3384.1466230325113,-0.00395,0.0121095351299225,0.03905,0.0
3384.247193949641,-0.0039499999999999,0.0121078767982275,0.03905,0.0
3384.347756045283,-0.0039499999999999,0.0121062686051485,0.03905,0.0
3384.4483138493906,-0.0039499999999999,0.0121048163616471,0.03905,0.0
3384.548885481776,-0.0039499999999999,0.0121029480533476,0.03905,0.0
3384.639389174403,-0.00395,0.0121010622461669,0.03905,0.0
3384.739930766047,-0.00395,0.0120995709075085,0.03905,0.0
3384.840498583735,-0.0039499999999999,0.0120975712880681,0.03905,0.0
3384.9410735539805,-0.0039499999999999,0.0120961096952391,0.03905,0.0
3385.0416463784586,-0.0039499999999999,0.0120956149674758,0.03905,0.0
3385.142205374659,-0.0039499999999999,0.0120955855949551,0.03905,0.0
3385.24277939123,-0.0039999364506528,0.0119895584524526,0.03905,0.0
3385.3706857137095,-0.005009917726136,0.0098444837226026,0.03905,0.0
3385.441028969706,-0.0057825613534771,0.0082034845554005,0.03905,0.0
3385.5415915421854,-0.0069001795937761,0.0058297951579902,0.03905,0.0
3385.6421491078745,-0.0080352640179904,0.0034190168995063,0.03905,0.0
3385.742725031794,-0.0091947208268582,0.0009564886360484,0.03905,0.0
3385.8432814053904,-0.0103379606897776,-0.0014716086648865,0.03905,0.0
3385.9438554219614,-0.011449718374596,-0.0038328407113137,0.03905,0.0
3386.044424670161,-0.0126036159741028,-0.006283576508544,0.03905,0.0
3386.1462167672526,-0.0136968515094356,-0.0086054964125435,0.03905,0.0
3386.246747391642,-0.0148722472957712,-0.0111020404064639,0.03905,0.0
3386.3473166398417,-0.0154085897218121,-0.0122411547019884,0.03905,0.0
3386.4479032925974,-0.015488,-0.0124098079206095,0.03905,0.0
3386.5484720639597,-0.0155827958965739,-0.0129474713491576,0.03905,900.0
3386.6389731339823,-0.0157110122388405,-0.0139570569625192,0.03905,900.0
3386.739548581065,-0.0157985509154188,-0.0154484224499905,0.03905,900.0
3386.8442591599833,-0.0157416309460675,-0.0170218390704973,0.03905,900.0
3386.9448222092997,-0.0155423067893178,-0.0184826945177326,0.03905,900.0
3387.045626061381,-0.0151953458445747,-0.0199868078530093,0.03905,900.0
3387.1461850575815,-0.0147235103065159,-0.0213777591983308,0.03905,900.0
3387.246771948756,-0.0140906661985868,-0.0228143628495208,0.03905,900.0
3387.3473454884897,-0.0133350316628392,-0.024129506714496,0.03905,900.0
3387.447910206736,-0.0124953621351902,-0.0253126217172289,0.03905,900.0
3387.548469679774,-0.0114900126989369,-0.0264764934311104,0.03905,900.0
3387.6389292649637,-0.0105280276463002,-0.0274120456285363,0.03905,900.0
3387.7395056657206,-0.0093849821324342,-0.028340640428505,0.03905,900.0
3387.8400739602457,-0.0081080270662697,-0.0291836813596363,0.03905,900.0
3387.9409443311106,-0.0067561870717762,-0.0299117827665313,0.03905,900.0
3388.0415293149363,-0.0054142306827937,-0.0304760963728758,0.03905,900.0
3388.1420873574625,-0.003978707434589,-0.03092693219659,0.03905,900.0
3388.2426437310587,-0.0025879569688118,-0.031225639946812,0.03905,900.0
3388.343196051539,-0.0015958864724132,-0.0313626449352009,0.03905,900.0
3388.4472788743387,-1.5959696969658488e-05,-0.0314429917236604,0.03905,900.0
3388.547857182444,0.001525278806877,-0.031366152573493,0.03905,900.0
3388.648427384318,0.00298218821446,-0.0311515092760881,0.03905,900.0
3388.7389308385264,0.0042797937418949,-0.0308364006114677,0.03905,900.0
3388.8395642213236,0.0057336743874221,-0.0303474476046071,0.03905,900.0
3388.940152781428,0.0071092429117574,-0.029737421061414,0.03905,900.0
3389.040727990092,0.0084074634362385,-0.0290023170702861,0.03905,900.0
3389.141291754664,0.0096466600516607,-0.0281151451253733,0.03905,900.0
3389.2418495587717,0.0107501617315207,-0.0271456587895877,0.03905,900.0
3389.3424190453898,0.0118298756758472,-0.0261164194125886,0.03905,900.0
3389.4430049828898,0.0128118275473181,-0.0248936833694074,0.03905,900.0
3389.543571608485,0.0136452670044991,-0.0236281969233344,0.03905,900.0
3389.644148962916,0.0143185187097999,-0.0223445193093453,0.03905,900.0
3389.7447177342783,0.0148756230201459,-0.0209690918089191,0.03905,900.0
3389.845287936152,0.0153177022613555,-0.0195313409100538,0.03905,900.0
3389.9581655434977,0.0156450502358752,-0.0178484580014087,0.03905,900.0
3390.0386136941324,0.0157633211000318,-0.0166192690613237,0.03905,900.0
3390.1392284802805,0.0157868195784372,-0.0150968379047838,0.03905,900.0
3390.239791529597,0.0156679044530275,-0.0135934348682148,0.03905,900.0
3390.3403493337046,0.0154067003883332,-0.0121199759399019,0.03905,900.0
3390.440935032786,0.0150147107179078,-0.0107065409687917,0.03905,900.0
3390.5415076188456,0.014466961599643,-0.0092489091722619,0.03905,900.0
3390.642066615046,0.013830548672047,-0.0079501256536143,0.03905,900.0
3390.7426201276194,0.0130476855927246,-0.0066868427135912,0.03905,900.0
3390.8431435994517,0.0121252506229414,-0.0054870875803322,0.03905,900.0
3390.943733828486,0.0110476818265132,-0.0043331293182975,0.03905,900.0
3391.044303315104,0.0099342995446109,-0.0033446395327835,0.03905,900.0
3391.1448232106577,0.0087605428224735,-0.002482561310215,0.03905,900.0
3391.2453946046244,0.0074691994207616,-0.0017097156393954,0.03905,900.0
3391.3459595612894,0.00606444990129,-0.0010424194340366,0.03905,900.0
3391.4433251790415,0.004683477612707,-0.0005380436394844,0.03905,900.0
3391.5439053944956,0.0032433530719162,-0.0001672951449531,0.03905,900.0
3391.6444760732065,0.0017274425246374,8.544836069020179e-05,0.03905,900.0
3391.74504126829,0.0003069859580013,0.000176862515124,0.03905,900.0
3391.8456920556437,-0.0012179696030287,0.0001361616761874,0.03905,900.0
3391.9478846959482,-0.0024061143087721,-7.619049981356235e-06,0.03905,900.0
3392.0484489373575,-0.003688030369345,-0.0002582528432187,0.03905,900.0
3392.1389287881266,-0.0049451920786424,-0.0006197313900126,0.03905,900.0
3392.2405513696085,-0.0063384321809777,-0.0011583622304592,0.03905,900.0
3392.3411005906473,-0.0076909631042738,-0.0018305466898449,0.03905,900.0
3392.4416700772654,-0.0089896846625691,-0.0026335985555706,0.03905,900.0
3392.5422395638834,-0.0101988331606759,-0.0035642603105164,0.03905,900.0
3392.642815010966,-0.0113076362217589,-0.0045953125092512,0.03905,900.0
3392.7433809213053,-0.0123122434546727,-0.0057213019333862,0.03905,900.0
3392.84393920225,-0.0132166716717396,-0.0069619070264378,0.03905,900.0
3392.944519656123,-0.0139501364104294,-0.0081997010444191,0.03905,900.0
3393.0450571946512,-0.0145863962492616,-0.0096249927349544,0.03905,900.0
3393.1456266812693,-0.0151132998848534,-0.0110047895359011,0.03905,900.0
3393.2461933068644,-0.0154321281811899,-0.0121884071851454,0.03905,900.0
3393.346763031901,-0.0154874801393016,-0.0124075992715538,0.03905,900.0
3393.4431156091105,-0.015488,-0.0124098079206095,0.03905,900.0
3393.5436903409372,-0.0126460977348887,-0.0106911172575342,0.03905,900.0
3393.6442495755564,-0.0073457823458012,-0.0074856475886693,0.03905,900.0
3393.744817154826,-0.0037114409013413,-0.0052876818981314,0.03905,900.0
3393.845379727305,-0.0034289999999999,-0.0051168376992279,0.03905,900.0
3393.9459568433176,-0.0033610016812185,-0.0050971766932094,0.03905,900.0
3394.04652561468,-0.0028856582598064,-0.0049781242994359,0.03905,900.0
3394.147037404002,-0.0014271774257436,-0.0046746941799707,0.03905,900.0
3394.2476166657816,6.513549689086962e-05,-0.0045714188220165,0.03905,900.0
3394.34819282812,0.0016006960842948,-0.0047033353299429,0.03905,900.0
3394.438638585032,0.002966886960622,-0.0050048467649078,0.03905,900.0
3394.5392214230906,0.0043636061626552,-0.0054982643784226,0.03905,900.0
3394.6397830418955,0.0057115131803388,-0.0062019033283775,0.03905,900.0
3394.740462677897,0.0069235738610056,-0.007052200855529,0.03905,900.0
3394.841036694468,0.0080174326472173,-0.0080754903889759,0.03905,900.0
3394.943518536509,0.009005706278899,-0.009261961194278,0.03905,900.0
3395.044118063868,0.0097648625069334,-0.0104991164304145,0.03905,900.0
3395.1446925572764,0.0103696310447954,-0.0118692260839164,0.03905,900.0
3395.2452122144114,0.0107943343002248,-0.0133300627039656,0.03905,900.0
3395.3458064965616,0.0110229902988729,-0.0148838083595489,0.03905,900.0
3395.446349757136,0.0110197613665826,-0.0163633637547002,0.03905,900.0
3395.546914713801,0.0108313589624758,-0.0177879237772578,0.03905,900.0
3395.647479670466,0.0104182298433972,-0.0192692976790005,0.03905,900.0
3395.747984068812,0.0098342363278609,-0.0206250375893591,0.03905,900.0
3395.8485380582224,0.0090452193276486,-0.0219307532080366,0.03905,900.0
3395.9390462808024,0.0082067684087877,-0.0229839411134298,0.03905,900.0
3396.0396195821177,0.0071500199494542,-0.0240201978421041,0.03905,900.0
3396.1404439381968,0.005917936422681,-0.0249290078233454,0.03905,900.0
3396.240988390864,0.0045830885524847,-0.0256641577414251,0.03905,900.0
3396.342670338572,0.0031929724064512,-0.0261975725195263,0.03905,900.0
3396.4432469777475,0.0016818769174608,-0.0265430957835087,0.03905,900.0
3396.5438226632486,0.0002430399480036,-0.0266777296481631,0.03905,900.0
3396.652479784907,-0.0013949930455532,-0.0265892976712909,0.03905,900.0
3396.742989676417,-0.0027609870508669,-0.0263087740773515,0.03905,900.0
3396.8435658387552,-0.0041974165334267,-0.0258335749774904,0.03905,900.0
3396.9441374711405,-0.0055601648292043,-0.0251562924624387,0.03905,900.0
3397.0447167329203,-0.0067823392385477,-0.0243169333056535,0.03905,900.0
3397.1453806332956,-0.0078756950874349,-0.0233368889625701,0.03905,900.0
3397.2459365300547,-0.0088520436439431,-0.0222083393745449,0.03905,900.0
3397.34650816244,-0.0096795468540265,-0.0209056197773087,0.03905,900.0
3397.447044270457,-0.0103245798520133,-0.0195036738603478,0.03905,900.0
3397.5476089887034,-0.0107599227004294,-0.0180988527219375,0.03905,900.0
3397.648217814387,-0.011002434115997,-0.0166423588232116,0.03905,900.0
3397.738722460688,-0.0110332510096827,-0.0152412676572795,0.03905,900.0
3397.839268820704,-0.0108840899849048,-0.0137965657019828,0.03905,900.0
3397.9398385457407,-0.0105238042736497,-0.0123249893638812,0.03905,900.0
3398.0404001645456,-0.0099626152261107,-0.0109086439533157,0.03905,900.0
3398.1409715585123,-0.0092407855580405,-0.0096161106527622,0.03905,900.0
3398.242937462748,-0.0083194965513894,-0.0083954799110545,0.03905,900.0
3398.3434902600657,-0.00723697568217,-0.0073125902867163,0.03905,900.0
3398.4440564088236,-0.0060276182703352,-0.0064008127960353,0.03905,900.0
3398.5446282796274,-0.0047256434167076,-0.0056626872907562,0.03905,900.0
3398.645185606898,-0.0035823200600777,-0.005171243952964,0.03905,900.0
3398.7459286622416,-0.0034289999999999,-0.0051168376992279,0.03905,900.0
3398.8466788701426,-0.0035094528350324,-0.0051830570578105,0.03905,900.0
3398.9472207002054,-0.0052087867385698,-0.0065817498579375,0.03905,900.0
3399.0477851800333,-0.0111798606840584,-0.0114964144516036,0.03905,900.0
3399.139038460673,-0.0134074586645387,-0.0133298491759642,0.03905,900.0
3399.239610093058,-0.0140039999999999,-0.0138208277380594,0.03905,900.0
3399.3401578835856,-0.0140499683183022,-0.0143206644128274,0.03905,900.0
3399.4407223634134,-0.0140956679237872,-0.0154740367674239,0.03905,900.0
3399.5393165521036,-0.0140402024544069,-0.0169594342824356,0.03905,900.0
3399.6398765019785,-0.0138168700353679,-0.0184564979297392,0.03905,900.0
3399.7403983048807,-0.013436919129744,-0.0199210987306268,0.03905,900.0
3399.84095587057,-0.0129369290213767,-0.021277034788453,0.03905,900.0
3399.9415029458414,-0.0122763163906228,-0.0225891828628899,0.03905,900.0
3400.0420490674387,-0.0114115861802271,-0.0239263925106464,0.03905,900.0
3400.1425808839213,-0.0104669830899498,-0.0250866444300397,0.03905,900.0
3400.243139880122,-0.0093781827105619,-0.0261511822568633,0.03905,900.0
3400.3436943463694,-0.0082390230420685,-0.0270754775099952,0.03905,900.0
3400.4442564420115,-0.0069605783838026,-0.0278851463648413,0.03905,900.0
3400.54483427328,-0.0056226516701457,-0.0285534875628558,0.03905,900.0
3400.6453744344126,-0.004214653779296,-0.0290785584225434,0.03905,900.0
3400.745937006892,-0.0027243388415367,-0.0294599696095754,0.03905,900.0
3400.8464688233744,-0.001261314230382,-0.0296725866670865,0.03905,900.0
3400.9381421975504,9.007078032760574e-05,-0.0297388848097475,0.03905,900.0
3401.038682597102,0.0016431661279047,-0.0296521198864567,0.03905,900.0
3401.139278548182,0.0031235242356818,-0.0293970156651623,0.03905,900.0
3401.239832776011,0.0045908242136271,-0.028968524897809,0.03905,900.0
3401.3403986863505,0.005969956499364,-0.0284036907842826,0.03905,900.0
3401.440956490458,0.0073071206715099,-0.0276812327974753,0.03905,900.0
3401.5400794915568,0.0085106972793562,-0.0268656246558477,0.03905,900.0
3401.64072527212,0.0096221224371057,-0.0258843687132168,0.03905,900.0
3401.7412978581797,0.0106696021101893,-0.0247794400060737,0.03905,900.0
3401.8418582848917,0.011616072043257,-0.0236187007562746,0.03905,900.0
3401.942442315043,0.0123920471523803,-0.0223548463559029,0.03905,900.0
3402.042999880732,0.0130559958666019,-0.0209675231731961,0.03905,900.0
3402.143563883723,0.0135427400559362,-0.0195892254845239,0.03905,900.0
3402.244119065226,0.0138955556477084,-0.0180985699617837,0.03905,900.0
3402.3446775845896,0.0140789114017383,-0.0165800305700287,0.03905,900.0
3402.445252554835,0.0140955901978261,-0.0151030483856434,0.03905,900.0
3402.5458420686136,0.0139522223671146,-0.0135761312541837,0.03905,900.0
3402.6469956807505,0.0136440603433656,-0.0120775477307033,0.03905,900.0
3402.747568743647,0.0131872010853978,-0.0106534289893344,0.03905,900.0
3402.8380800656687,0.0126552180030677,-0.009417595304697,0.03905,900.0
3402.938820498408,0.0119289097478444,-0.0081165788897037,0.03905,900.0
3403.0420791081797,0.0110284701036162,-0.006859184709426,0.03905,900.0
3403.1426435880076,0.0100124740077602,-0.0057003420893695,0.03905,900.0
3403.2432183198343,0.0089240297920991,-0.0047109494668871,0.03905,900.0
3403.343789713801,0.0077475281816527,-0.0038332236783249,0.03905,900.0
3403.4443527631174,0.0068576021614561,-0.0032910022130883,0.03905,900.0
3403.5449124745737,0.0055635806376535,-0.0026605539116611,0.03905,900.0
3403.645480769099,0.0041097016501419,-0.0021362147214399,0.03905,900.0
3403.7460454873453,0.0026569950795364,-0.001775936421877,0.03905,900.0
3403.8466397694956,0.0011581930058383,-0.0015779438524573,0.03905,900.0
3403.9471877984415,-0.0003316384483496,-0.0015395581195314,0.03905,900.0
3404.0477336816202,-0.0018181966768267,-0.0016541424331257,0.03905,900.0
3404.1382314137827,-0.0031522830975783,-0.0018863538320417,0.03905,900.0
3404.2387970857035,-0.0046122995793295,-0.0023076185968498,0.03905,900.0
3404.3393808774363,-0.0060333152802261,-0.0028790479411405,0.03905,900.0
3404.439957993449,-0.0073302391863094,-0.0035759909663222,0.03905,900.0
3404.540511029185,-0.0086074536528351,-0.0044416884350567,0.03905,900.0
3404.6410848073374,-0.0097230283932321,-0.0054018447832298,0.03905,900.0
3404.7416552476298,-0.0107609617014554,-0.0065018216839289,0.03905,900.0
3404.8450530938517,-0.0117169893322869,-0.0077754229788741,0.03905,900.0
3404.945614474238,-0.0124641479086173,-0.0090478460898126,0.03905,900.0
3405.0461808614145,-0.0131052552830548,-0.0104399705364525,0.03905,900.0
3405.146750586451,-0.0135875564032584,-0.0118704575579572,0.03905,900.0
3405.2473172120463,-0.0138832513297183,-0.0131509406010736,0.03905,900.0
3405.3478628568064,-0.0140038192638222,-0.0138193382904623,0.03905,900.0
3405.4383436612497,-0.0140039999999999,-0.0138208277380594,0.03905,900.0
3405.5389071874033,-0.0132642621831181,-0.0129757178715457,0.03905,900.0
3405.6394685677897,-0.0095804836742919,-0.0088776511960399,0.03905,900.0
3405.7399898938547,-0.0042487638526278,-0.0037998112885267,0.03905,900.0
3405.84051121992,-0.0039741605586898,-0.0035225666285142,0.03905,900.0
3405.94106187147,-0.0039499999999999,-0.0034977622688165,0.03905,900.0
3406.0428599290262,-0.0036365464491657,-0.0034070869449247,0.03905,900.0
3406.1434253625284,-0.0023745783409815,-0.0031297350274271,0.03905,900.0
3406.2439931802164,-0.0008778026611301,-0.0029296303078992,0.03905,900.0
3406.342082398356,0.0006011096269797,-0.0029148112849844,0.03905,900.0
3406.442955630244,0.0020986356446485,-0.0030705151307511,0.03905,900.0
3406.5435286931406,0.0035356453202856,-0.0034006263327125,0.03905,900.0
3406.6441046170603,0.0049768089120962,-0.0039080179064422,0.03905,900.0
3406.744636433543,0.0063366573603198,-0.0045800175084108,0.03905,900.0
3406.845208065928,0.0075665515699183,-0.0053798002627363,0.03905,900.0
3406.9457734994303,0.0086970337717517,-0.0063159664657997,0.03905,900.0
3407.046344893397,0.0097837666073714,-0.007452298271873,0.03905,900.0
3407.1469162873636,0.0106636620764008,-0.0086462361815066,0.03905,900.0
3407.2475000790964,0.0113877886876099,-0.0099293056703654,0.03905,900.0
3407.338010685862,0.011934748071369,-0.0112095083575871,0.03905,900.0
3407.438614266337,0.0123759576781898,-0.0126569179889027,0.03905,900.0
3407.5391801766764,0.0126329827802106,-0.0140975010255008,0.03905,900.0
3407.6399496964823,0.0127199723008732,-0.0156060376989857,0.03905,900.0
3407.7405094079386,0.0126451342896167,-0.0171450370250266,0.03905,900.0
3407.8410784177195,0.0123838175925873,-0.0186161097135696,0.03905,900.0
3407.9426812104593,0.0119373467084038,-0.0200827254232169,0.03905,900.0
3408.0432683400522,0.0113226253286997,-0.0214954971303735,0.03905,900.0
3408.1439296178232,0.0105480098076271,-0.022785282997844,0.03905,900.0
3408.2492894105326,0.0095767785338825,-0.0240271084707921,0.03905,900.0
3408.3398033551584,0.0086803096014402,-0.0249451047161002,0.03905,900.0
3408.441385882319,0.0075130429193711,-0.025904565583195,0.03905,900.0
3408.541945355357,0.0062139650621704,-0.0267381206972377,0.03905,900.0
3408.6425229482065,0.0048619230796432,-0.0273947229609993,0.03905,900.0
3408.7430795602213,0.0034701333274408,-0.027875033631269,0.03905,900.0
3408.843660490931,0.0019840881607749,-0.028202642866558,0.03905,900.0
3408.9442326001536,0.0004482035530578,-0.02834719129115,0.03905,900.0
3409.0457831792246,-0.0010330245464056,-0.028320377717451,0.03905,900.0
3409.1463431290995,-0.0025545793040099,-0.0281059493504321,0.03905,900.0
3409.247018950404,-0.0040511073839512,-0.0277149874649232,0.03905,900.0
3409.347573178233,-0.0054021371280617,-0.027177063267334,0.03905,900.0
3409.4380845002543,-0.006621822032226,-0.0265139225723332,0.03905,900.0
3409.539675372065,-0.0078768035174653,-0.0256400448455183,0.03905,900.0
3409.6402384213816,-0.0089779729084533,-0.0246473067745128,0.03905,900.0
3409.7407530717264,-0.0099492764165619,-0.0235632283106372,0.03905,900.0
3409.8413218430887,-0.0108250144048269,-0.022315395601413,0.03905,900.0
3409.9418837003122,-0.0115502412176492,-0.0209834584035682,0.03905,900.0
3410.042444365443,-0.0120846555324818,-0.0195916061241811,0.03905,900.0
3410.143009798945,-0.0124756873009738,-0.0180971569190494,0.03905,900.0
3410.2436012200724,-0.0127024175164247,-0.0166689575044249,0.03905,900.0
3410.3441978864084,-0.012733134247975,-0.0151227090846376,0.03905,900.0
3410.4447361401926,-0.0125964672979694,-0.0136666927422295,0.03905,900.0
3410.5453163556467,-0.0122779820676565,-0.0122244834478857,0.03905,900.0
3410.6459762029062,-0.0117640701644328,-0.0107401042709809,0.03905,900.0
3410.7465456895243,-0.0111208314289303,-0.0094206979432406,0.03905,900.0
3410.8471089772593,-0.0102955013455539,-0.0081376750952896,0.03905,900.0
3410.9476736955057,-0.0093165495804766,-0.0069550363756578,0.03905,900.0
3411.038169758738,-0.0083528604945703,-0.006027809856976,0.03905,900.0
3411.1387258939158,-0.0071831760842529,-0.0051188607068216,0.03905,900.0
3411.2393051556955,-0.0058535700857861,-0.0043253763120817,0.03905,900.0
3411.339852946223,-0.0046071841575645,-0.0037419626112924,0.03905,900.0
3411.44039572996,-0.0039499999999999,-0.0034977622688165,0.03905,900.0
3411.5424927644144,-0.0039499999999999,-0.0034977566542239,0.03905,900.0
3411.643042700709,-0.00395,-0.0034975508794252,0.03905,900.0
3411.7435978822123,-0.00395,-0.003496578188988,0.03905,0.0
3411.8441144399058,-0.00395,-0.0034954542386654,0.03905,0.0
3411.9446891717325,-0.0039499999999999,-0.0034942199270184,0.03905,0.0
3412.045237915934,-0.00395,-0.0034931263507724,0.03905,0.0
3412.1458016805063,-0.0039499999999999,-0.0034918432561102,0.03905,0.0
3412.2463444642435,-0.0039499999999999,-0.0034906683196918,0.03905,0.0
3412.3469084672342,-0.0039499999999999,-0.0034896247729386,0.03905,0.0
3412.4474371842753,-0.0039499999999999,-0.0034884953431632,0.03905,0.0
3412.537955182017,-0.0039499999999999,-0.003487530602661,0.03905,0.0
3412.638528721751,-0.0039499999999999,-0.003486573162645,0.03905,0.0
3412.7391079835306,-0.0039499999999999,-0.0034854315936533,0.03905,0.0
3412.839723246516,-0.00395,-0.0034840768302214,0.03905,0.0
3412.940288680018,-0.0039499999999999,-0.0034829617543584,0.03905,0.0
3413.040847914637,-0.0039499999999999,-0.0034818038753089,0.03905,0.0
3413.1414200238596,-0.00395,-0.0034807429209973,0.03905,0.0
3413.241989272059,-0.0039499999999999,-0.0034086471406225,0.03905,0.0
3413.3425613812815,-0.0039499999999999,-0.0034207431068738,0.03905,0.0
3413.4440547398935,-0.00395,-0.0034771070197155,0.03905,0.0
3413.5446180276285,-0.0039499999999999,-0.0034760138944547,0.03905,0.0
3413.645193951548,-0.00395,-0.0034747849809333,0.03905,0.0
3413.7457729749094,-0.0039499999999999,-0.0034735737904301,0.03905,0.0
3413.8463498525034,-0.0039499999999999,-0.0034724897836637,0.03905,0.0
3413.9469272069346,-0.0039499999999999,-0.0034713432925638,0.03905,0.0
3414.0475245885264,-0.0039499999999999,-0.0034700063548974,0.03905,0.0
3414.138036864222,-0.0039499999999999,-0.003468868325665,0.03905,0.0
3414.2386175565134,-0.0039499999999999,-0.0034676742154434,0.03905,0.0
3414.339191811503,-0.0039499999999999,-0.0034667085442035,0.03905,0.0
3414.440892594279,-0.00395,-0.0034656210325186,0.03905,0.0
3414.5414141587626,-0.0039499999999999,-0.0034643596959855,0.03905,0.0
3414.642004864634,-0.0039499999999999,-0.0034631284769762,0.03905,0.0
3414.7426687650095,-0.0039499999999999,-0.003462426686264,0.03905,0.0
