5111.004808783797,0.008427,-0.0091870141297369,0.05538,0.0
5111.105366826323,0.008427,-0.0091873331751302,0.05538,0.0
5111.205913663176,0.0084269999999999,-0.0091885217298998,0.05538,0.0
5111.306483626631,0.008427,-0.0091904508633449,0.05538,0.0
5111.407053113249,0.008427,-0.0091920429634685,0.05538,0.0
5111.508855939177,0.008427,-0.0091936354266312,0.05538,0.0
5111.609414696959,0.0084269999999999,-0.0091954939621708,0.05538,0.0
5111.709952712325,0.0084269999999999,-0.0091968610304046,0.05538,0.0
5111.810508370665,0.008427,-0.0091986653811685,0.05538,0.0
5111.903871894148,0.008427,-0.0092000353190185,0.05538,0.0
5112.004441380766,0.008427,-0.0092012922987278,0.05538,0.0
5112.105230450896,0.008427,-0.0092024036052782,0.05538,0.0
5112.205795169142,0.008427,-0.0092038250533509,0.05538,0.0
5112.306378960875,0.0084269999999999,-0.0092057145014313,0.05538,0.0
5112.40693724182,0.008427,-0.0092074903481144,0.05538,0.0
5112.507483363417,0.0084269999999999,-0.0092090380892401,0.05538,0.0
5112.608032346037,0.008427,-0.0092109981478691,0.05538,0.0
5112.708599686888,0.008427,-0.0092123596603952,0.05538,0.0
5112.809162736205,0.008427,-0.0092139446773482,0.05538,0.0
5112.909748912123,0.008427,-0.0092150533242732,0.05538,0.0
5113.0103152993,0.0084269999999999,-0.0092170433274916,0.05538,0.0
5113.110883355406,0.008427,-0.0092183965216172,0.05538,0.0
5113.211444735793,0.008427,-0.0092197966305161,0.05538,0.0
5113.312014699248,0.008427,-0.0092214382668613,0.05538,0.0
5113.405565858153,0.0084269999999999,-0.0092223604137661,0.05538,0.0
5113.506783843306,0.0084287983610728,-0.0092203202770636,0.05538,0.0
5113.607307553557,0.0085763218698073,-0.0090558218438943,0.05538,0.0
5113.707850337294,0.0090268659249159,-0.0085536249674018,0.05538,0.0
5113.808432936934,0.0095269116125475,-0.0079963010337199,0.05538,0.0
5113.909023404387,0.0100312781673005,-0.0074340223722517,0.05538,0.0
5114.00956690338,0.0105317254614145,-0.0068761634986256,0.05538,0.0
5114.11011922386,0.0110321547172692,-0.0063183595991267,0.05538,0.0
5114.210690379408,0.0115270141776775,-0.005766746211209,0.05538,0.0
5114.311251044539,0.0120288886504704,-0.0052073277566215,0.05538,0.0
5114.411777377394,0.0125313782671968,-0.0046471415812012,0.05538,0.0
5114.512348771361,0.0130330801616012,-0.0040878645741495,0.05538,0.0
5114.612926602629,0.0132907404982307,-0.0038006866008779,0.05538,0.0
5114.703455806044,0.0133049999999999,-0.0037848258792928,0.05538,0.0
5114.809145570067,0.0132845389287889,-0.0037632440110772,0.05538,900.0
5114.909711957243,0.0130129133094899,-0.0034866877644026,0.05538,900.0
5115.010681748656,0.0119716759019549,-0.0024566921575073,0.05538,900.0
5115.111289620665,0.0108343981874556,-0.0015018689536149,0.05538,900.0
5115.211887240675,0.0096016812889661,-0.0006351849748423,0.05538,900.0
5115.32110536125,0.0082153606168646,0.0001683505850622,0.05538,900.0
5115.411622166899,0.0069911372805079,0.0007317323845154,0.05538,900.0
5115.512182355193,0.0055970633715731,0.0012600289524608,0.05538,900.0
5115.612762332228,0.004109619836797,0.0016769455407201,0.05538,900.0
5115.703285813597,0.0027694364809477,0.0019466301636193,0.05538,900.0
5115.803845286635,0.0012794473223256,0.0021136142153445,0.05538,900.0
5115.904429555205,-0.0002553402094838,0.0021605996895734,0.05538,900.0
5116.0050083401475,-0.0017423345692654,0.002086451139392,0.05538,900.0
5116.1055732968125,-0.003233006023617,0.0018774424136249,0.05538,900.0
5116.20612943199,-0.0046618832752455,0.0015516472436196,0.05538,900.0
5116.306668639449,-0.0061332331344108,0.0010861040266164,0.05538,900.0
5116.407211661604,-0.0075452218762014,0.0004960550009435,0.05538,900.0
5116.5077754261765,-0.0088483058355628,-0.0001900026298804,0.05538,900.0
5116.60834729698,-0.0101407240328196,-0.0010131996763823,0.05538,900.0
5116.708992600707,-0.0113454197718296,-0.001924655949302,0.05538,900.0
5116.804410100249,-0.0123880308402835,-0.0028627617488174,0.05538,900.0
5116.906175017622,-0.0134393757049117,-0.0039756610068322,0.05538,900.0
5117.006744265822,-0.014386108997369,-0.0051647603033318,0.05538,900.0
5117.107297063139,-0.0152015436944124,-0.0063879137401405,0.05538,900.0
5117.207880378035,-0.0159336472815545,-0.0076764417124644,0.05538,900.0
5117.308445573119,-0.0163820258483,-0.0086697691847461,0.05538,900.0
5117.409012198714,-0.0169045119002925,-0.0100248976654348,0.05538,900.0
5117.5095778706345,-0.0172378238024649,-0.0111540745178531,0.05538,900.0
5117.610998988417,-0.0175418505837525,-0.0126357022272364,0.05538,900.0
5117.711542725829,-0.0177064001267139,-0.0138392819681011,0.05538,900.0
5117.812095761565,-0.017782374537635,-0.0150618547131296,0.05538,900.0
5117.912663579253,-0.0177701270456922,-0.0164001903926365,0.05538,900.0
5118.003175378111,-0.0176972481595007,-0.0174729423540988,0.05538,900.0
5118.103735804823,-0.0175167097479894,-0.0187027932636544,0.05538,900.0
5118.2043131592545,-0.0172210912168959,-0.020106922378046,0.05538,900.0
5118.306901812819,-0.016853518188693,-0.0213436473179283,0.05538,900.0
5118.407476306227,-0.0164029709824554,-0.0225449851415708,0.05538,900.0
5118.507992148665,-0.0158963862321918,-0.0236370758010504,0.05538,900.0
5118.608548999098,-0.0151777529027488,-0.024947150543296,0.05538,900.0
5118.709119439391,-0.0143705584196449,-0.0261323194764086,0.05538,900.0
5118.809650302199,-0.0134485702247257,-0.027283506999046,0.05538,900.0
5118.910221219328,-0.0124149486819369,-0.028374918037363,0.05538,900.0
5119.010791898039,-0.0112929767630114,-0.0293771693883604,0.05538,900.0
5119.1113919022355,-0.0100860387283419,-0.0302805402798479,0.05538,900.0
5119.203474164275,-0.0089233013493492,-0.0310191184568005,0.05538,900.0
5119.30400383499,-0.0075946074340456,-0.0317179209933679,0.05538,900.0
5119.40457975891,-0.0061815816129432,-0.0323144319592897,0.05538,900.0
5119.5051470997605,-0.0046776515962939,-0.0327971612667253,0.05538,900.0
5119.606321692732,-0.0032054532974375,-0.0331379219548476,0.05538,900.0
5119.70689117935,-0.0017246154363767,-0.0333507906175384,0.05538,900.0
5119.807457566527,-0.0002180374350543,-0.0334349172997273,0.05538,900.0
5119.907999158171,0.0012287502951094,-0.0333862778756309,0.05538,900.0
5120.008568167952,0.0027758428565715,-0.033205742250152,0.05538,900.0
5120.103640198973,0.0041787563853184,-0.0329225409061613,0.05538,900.0
5120.204201102522,0.0056428201870867,-0.0325000408086762,0.05538,900.0
5120.304770350722,0.0070493703761573,-0.0319588129516864,0.05538,900.0
5120.406093716887,0.0084077004979711,-0.0313060531721006,0.05538,900.0
5120.506654382018,0.0096943786808775,-0.0305495053796501,0.05538,900.0
5120.607229113844,0.0109057534562606,-0.0296872837366842,0.05538,900.0
5120.70776546028,0.0120790285254764,-0.028692992815407,0.05538,900.0
5120.80831110504,0.0131516899480562,-0.027619441902781,0.05538,900.0
5120.908883929518,0.014107195028913,-0.026502830178564,0.05538,900.0
5121.009447932509,0.0149744376743232,-0.0252621416000582,0.05538,900.0
5121.110010981825,0.015743482459118,-0.0239265567124644,0.05538,900.0
5121.21055924919,0.0163760381169053,-0.0225829214811185,0.05538,900.0
5121.311134934691,0.0168920108402122,-0.0212240101411907,0.05538,900.0
5121.4117075207505,0.0172905651054783,-0.019822820837929,0.05538,900.0
5121.51226508644,0.0175433303097686,-0.0186350847557448,0.05538,900.0
5121.60706198242,0.017694952549138,-0.0174661822962584,0.05538,900.0
5121.707615971831,0.0177810874555067,-0.0159822452301457,0.05538,900.0
5121.808176636961,0.0177511822451129,-0.0144813353829173,0.05538,900.0
5121.908721089629,0.0176093778233298,-0.0130166684746615,0.05538,900.0
5122.009278655318,0.0174164068627882,-0.0119534873291091,0.05538,900.0
5122.109845280913,0.01710856360835,-0.0106890039251209,0.05538,900.0
5122.210565448073,0.0166271716394196,-0.0092543176061303,0.05538,900.0
5122.311126828459,0.0160035642470209,-0.007844582045804,0.05538,900.0
5122.4116531613145,0.0152956278130488,-0.0065426337601853,0.05538,900.0
5122.512160182265,0.0144766095056967,-0.0052856629874195,0.05538,900.0
5122.612707495955,0.0136528854593286,-0.0042068514324786,0.05538,900.0
5122.7032023670945,0.0133109866640597,-0.0037919814116356,0.05538,900.0
5122.8037763836655,0.013305,-0.0037848258792928,0.05538,900.0
5122.904325366286,0.012693109829686,-0.0052380242479815,0.05538,900.0
5123.012504220274,0.0105965008538926,-0.0102174213778148,0.05538,900.0
5123.1130646469865,0.00894,-0.0141517666681625,0.05538,900.0
5123.213634610442,0.009022723388691,-0.0149024689371786,0.05538,900.0
5123.314560055998,0.0090129398151826,-0.0162812100436725,0.05538,900.0
5123.4162029030595,0.0087768232060143,-0.0177740284565255,0.05538,900.0
5123.516752839354,0.0082936460060458,-0.0191951186179074,0.05538,900.0
5123.617306828764,0.0075577398082161,-0.0205635160289909,0.05538,900.0
5123.71784150627,0.0066055318550356,-0.0217785044358694,0.05538,900.0
5123.818406939772,0.0055167082294665,-0.0227814252187306,0.05538,900.0
5123.918923020628,0.0042698188219637,-0.0235828846802926,0.05538,900.0
5124.019495129851,0.0028819049447207,-0.0242088489962204,0.05538,900.0
5124.120053410796,0.0014757512551285,-0.024551589211543,0.05538,900.0
5124.22060835388,1.6663042147868623e-05,-0.0246917557947524,0.05538,900.0
5124.321162581709,-0.0015749910582124,-0.0245532871060107,0.05538,900.0
5124.421715855864,-0.002953146487181,-0.0241830329343657,0.05538,900.0
5124.51221978691,-0.0041635185940742,-0.0236440840701037,0.05538,900.0
5124.612748980788,-0.0054885079521126,-0.0227955355392464,0.05538,900.0
5124.713271737364,-0.0066102047428447,-0.0217877314431549,0.05538,900.0
5124.815882087019,-0.0075487017906674,-0.0205782998449816,0.05538,900.0
5124.916959166792,-0.0082796292396078,-0.0192183518598526,0.05538,900.0
5125.017520785597,-0.0087639010503181,-0.0178066140694218,0.05538,900.0
5125.11809790161,-0.0090092250684904,-0.0163529406338695,0.05538,900.0
5125.218670249251,-0.0090062037486435,-0.0148378725807981,0.05538,900.0
5125.319199443129,-0.0087520571108599,-0.0133359307595379,0.05538,900.0
5125.419760823515,-0.0082759560995776,-0.0119289394503265,0.05538,900.0
5125.520323634413,-0.0075570042680794,-0.0106457515345669,0.05538,900.0
5125.620862603453,-0.0065888549981358,-0.0094276342064697,0.05538,900.0
5125.721375584868,-0.0055080373301703,-0.0084574887909117,0.05538,900.0
5125.82194769409,-0.0042605890234438,-0.0076657608969004,0.05538,900.0
5125.9124625923905,-0.0029895464366505,-0.0071118552315394,0.05538,900.0
5126.013023257521,-0.0015375189798001,-0.0067296601910839,0.05538,900.0
5126.113752246169,-7.925237174501165e-05,-0.0066006612593965,0.05538,900.0
5126.214255929259,0.0014411505143702,-0.0067099311471262,0.05538,900.0
5126.315585971144,0.0029575762527253,-0.0070926716852431,0.05538,900.0
5126.416133284834,0.0043350549447984,-0.0076849597424228,0.05538,900.0
5126.516694426802,0.0055374154296975,-0.0084647135960901,0.05538,900.0
5126.617261767653,0.0066902389159981,-0.0095177271263298,0.05538,900.0
5126.717815041808,0.0076042400089687,-0.0107304758144897,0.05538,900.0
5126.818375230101,0.0082859032823344,-0.0120064936436132,0.05538,900.0
5126.918916821745,0.0087634644636617,-0.013448517806765,0.05538,900.0
5127.019487738875,0.0089234975240403,-0.0140635039895512,0.05538,900.0
5127.120058894423,0.0089399999999999,-0.0141517666681625,0.05538,900.0
5127.220629573134,0.0076548320450726,-0.0144798249256954,0.05538,900.0
5127.321191668776,0.003031323599532,-0.0156600450310664,0.05538,900.0
5127.421768069533,-0.0044224335922447,-0.0175627161768074,0.05538,900.0
5127.512289166716,-0.0107336597372707,-0.0191737189476884,0.05538,900.0
5127.6128567459855,-0.0153919999999999,-0.0203627831532536,0.05538,900.0
5127.713420748976,-0.0152557998246915,-0.020797952210063,0.05538,900.0
5127.814436316756,-0.0147739978516837,-0.0220070616613363,0.05538,900.0
5127.914999604491,-0.0141129918282855,-0.0233523923893113,0.05538,900.0
5128.015529513625,-0.0133438482201576,-0.0246178277777426,0.05538,900.0
5128.1160923245225,-0.0124107530629449,-0.0258554765566845,0.05538,900.0
5128.216663956908,-0.0113874417468274,-0.026996170309715,0.05538,900.0
5128.317191005019,-0.0102829896129306,-0.02800236342945,0.05538,900.0
5128.417752623824,-0.0090469817183995,-0.0289328943688773,0.05538,900.0
5128.518327832488,-0.0077861719922448,-0.0297179764841907,0.05538,900.0
5128.6188882592,-0.0065021773643676,-0.0303552796365319,0.05538,900.0
5128.720612406996,-0.004994643994314,-0.030943573876464,0.05538,900.0
5128.811123490599,-0.0037824917253039,-0.0312818133551244,0.05538,900.0
5128.911695122984,-0.0022579200786744,-0.0315630505341805,0.05538,900.0
5129.012278676299,-0.0007135909044521,-0.0317039710075752,0.05538,900.0
5129.112835526732,0.0007417442119489,-0.0317014648742808,0.05538,900.0
5129.2133966687,0.0022440413617354,-0.0315546394554926,0.05538,900.0
5129.314398408202,0.0037671212967338,-0.0312719114401186,0.05538,900.0
5129.414961695937,0.0051859312109408,-0.0308590174397488,0.05538,900.0
5129.515491605071,0.0065642805739855,-0.0303137884402734,0.05538,900.0
5129.616051316527,0.0079539355580862,-0.0296217035695127,0.05538,900.0
5129.716615796355,0.0091922314449934,-0.0288413774043028,0.05538,900.0
5129.817180991438,0.0104252236479972,-0.0279079067604808,0.05538,900.0
5129.917752862242,0.0114743315451064,-0.0269302980494734,0.05538,900.0
5130.018325448302,0.012534111318872,-0.0257339731816408,0.05538,900.0
5130.118892550734,0.0134141907614062,-0.0245202347339913,0.05538,900.0
5130.219415545729,0.0141580630205386,-0.0232726670073041,0.05538,900.0
5130.319986701277,0.0148009455131032,-0.0219357227744193,0.05538,900.0
5130.42056548622,0.0152688600134514,-0.0207327743381635,0.05538,900.0
5130.512263655928,0.0155950253552928,-0.0195847961132161,0.05538,900.0
5130.612779259947,0.0158879473453806,-0.018125708255913,0.05538,900.0
5130.713345885542,0.0160552221356068,-0.016607695905893,0.05538,900.0
5130.815515399245,0.0160863937591478,-0.0150844077033381,0.05538,900.0
5130.9160856011185,0.015969046680137,-0.0136271068541824,0.05538,900.0
5131.01659071472,0.0157296553716422,-0.0121440763539399,0.05538,900.0
5131.117130399016,0.0153284098155811,-0.0107010124206327,0.05538,900.0
5131.217643857268,0.0147696677579124,-0.0092348283866017,0.05538,900.0
5131.318212390212,0.0141152783804971,-0.0078973544809607,0.05538,900.0
5131.4187756779465,0.0133077157231639,-0.0065888231681941,0.05538,900.0
5131.519332051543,0.0123965121727127,-0.0053744081142722,0.05538,900.0
5131.619882464674,0.0113937525435859,-0.0042700074771802,0.05538,900.0
5131.720442652968,0.010288567246352,-0.0032651768011027,0.05538,900.0
5131.821040511397,0.0090900813868407,-0.0023554626438255,0.05538,900.0
5131.911578536299,0.0079426970707652,-0.0016305155889821,0.05538,900.0
5132.012145161894,0.0066066449582351,-0.0009512644697548,0.05538,900.0
5132.112671971587,0.0052085876291425,-0.0003861980877468,0.05538,900.0
5132.21323716667,0.00378053258163,2.632968792998583e-05,0.05538,900.0
5132.313815951613,0.0023104205892663,0.0003052290693757,0.05538,900.0
5132.414371609953,0.0008364961003789,0.0004461607876849,0.05538,900.0
5132.514937043456,-0.0006637187610506,0.0004478405313924,0.05538,900.0
5132.615500569609,-0.0021967487309483,0.0003099516237154,0.05538,900.0
5132.716072201994,-0.0036667764660022,3.699727767455391e-05,0.05538,900.0
5132.816633820799,-0.0051407209177101,-0.0003902508455748,0.05538,900.0
5132.9172037842545,-0.0065575895956775,-0.0009356160384631,0.05538,900.0
5133.0177744629655,-0.0078485574800846,-0.0015843073740598,0.05538,900.0
5133.118338704375,-0.0091238922883665,-0.0023682600842226,0.05538,900.0
5133.218924403456,-0.0103344822170467,-0.0032894401391923,0.05538,900.0
5133.319488406447,-0.0114843018040641,-0.0043489038784543,0.05538,900.0
5133.420069575575,-0.0124930011753148,-0.0054599164686832,0.05538,900.0
5133.520671248702,-0.0133945146272728,-0.0067011043357478,0.05538,900.0
5133.611189484862,-0.0140731237514962,-0.0078234096067805,0.05538,900.0
5133.7117654087815,-0.0147393786569362,-0.0091833115135793,0.05538,900.0
5133.812352538374,-0.0152765853944872,-0.0105892524341844,0.05538,900.0
5133.912958741454,-0.0156735310897556,-0.0120143173151489,0.05538,900.0
5134.014506936339,-0.0159456975095988,-0.0135188612450718,0.05538,900.0
5134.115484118727,-0.0160746200829324,-0.0150374433879707,0.05538,900.0
5134.216042876509,-0.0160631944585905,-0.0165140950273638,0.05538,900.0
5134.316584468153,-0.0159077449971762,-0.0180434144952933,0.05538,900.0
5134.4171448948655,-0.0156378788120295,-0.0194635783585234,0.05538,900.0
5134.517690301207,-0.0153919999999999,-0.0203627831532537,0.05538,900.0
5134.618260741499,-0.0153456793615963,-0.0203511828676898,0.05538,900.0
5134.718858123091,-0.0103201610737079,-0.0190933492248641,0.05538,900.0
5134.819414258269,-0.0030644287350364,-0.0172773172810265,0.05538,900.0
5134.92002522972,0.0046475817607111,-0.0153470836078188,0.05538,900.0
5135.010535598067,0.0090888504521285,-0.0142354784127819,0.05538,900.0
5135.111084819106,0.0106139999999999,-0.013853746117718,0.05538,900.0
5135.211649775771,0.010614326517628,-0.0138557778485144,0.05538,900.0
5135.319176554945,0.0106551582177257,-0.0142587719766219,0.05538,900.0
5135.419696688918,0.0107438317920862,-0.0155575454520157,0.05538,900.0
5135.520255923537,0.0106583525488864,-0.0170435710745634,0.05538,900.0
5135.610750556258,0.0103996128151466,-0.0183927113089177,0.05538,900.0
5135.711295724181,0.0099032756691439,-0.0197994081166279,0.05538,900.0
5135.811848998335,0.0092493699783072,-0.0210923077481361,0.05538,900.0
5135.912420869139,0.0083570770172084,-0.0223732915580684,0.05538,900.0
5136.0136257412705,0.0073085731890313,-0.0234984957217474,0.05538,900.0
5136.114197373656,0.0061364319097163,-0.0244350374307958,0.05538,900.0
5136.214713931349,0.0048895924274794,-0.0251820070674402,0.05538,900.0
5136.315281510619,0.0035645643540848,-0.0257531828937849,0.05538,900.0
5136.415819049147,0.0021160147517854,-0.0261547792226686,0.05538,900.0
5136.516546130446,0.0006015771308616,-0.0263575384145697,0.05538,900.0
5136.617106318739,-0.0009601054115166,-0.0263346463393675,0.05538,900.0
5136.718858838347,-0.0024106406364534,-0.0261041913219542,0.05538,900.0
5136.819432616499,-0.003848592918231,-0.0256827228372435,0.05538,900.0
5136.919998050002,-0.0052563173343505,-0.0250146327902396,0.05538,900.0
5137.010511040953,-0.0063555496375862,-0.024297626888815,0.05538,900.0
5137.111071467665,-0.0074875870668943,-0.0233204945711744,0.05538,900.0
5137.211639046935,-0.0084897587269648,-0.0221874718950064,0.05538,900.0
5137.314650655058,-0.009346294453473,-0.0209081128711393,0.05538,900.0
5137.415203452376,-0.009998550038508,-0.0195566315275794,0.05538,900.0
5137.515766978529,-0.0104461932161762,-0.0180949361634093,0.05538,900.0
5137.6163290741715,-0.0106930429210018,-0.0165856435824623,0.05538,900.0
5137.716891408232,-0.0107338914626446,-0.0151039967339618,0.05538,900.0
5137.817431092528,-0.0105637039640713,-0.013630057311014,0.05538,900.0
5137.9179962876115,-0.0102131681662505,-0.0122068265822882,0.05538,900.0
5138.0185748341355,-0.0096235197736923,-0.0108124772851285,0.05538,900.0
5138.119140029219,-0.0088241651546548,-0.0094959987897722,0.05538,900.0
5138.210765719679,-0.0079815906756683,-0.008446206178173,0.05538,900.0
5138.31129276779,-0.0068780471714968,-0.0073851054777602,0.05538,900.0
5138.411868930129,-0.0056715493071915,-0.0065107889092155,0.05538,900.0
5138.512589335707,-0.0043606260175194,-0.0058237898863807,0.05538,900.0
5138.613140464095,-0.0029427409289349,-0.0053044870041064,0.05538,900.0
5138.7137094738755,-0.0014772401983624,-0.0049950196337384,0.05538,900.0
5138.811689496306,-1.845405024045177e-05,-0.0048845975640572,0.05538,900.0
5138.912249207762,0.001516638285134,-0.0049862230747373,0.05538,900.0
5139.012809396056,0.0029504552983148,-0.0052928649204562,0.05538,900.0
5139.113356232909,0.0044362371701604,-0.0058293868121386,0.05538,900.0
5139.2139326336655,0.0057762029516566,-0.0065463999047244,0.05538,900.0
5139.314517617491,0.0069267723944357,-0.0074057757825794,0.05538,900.0
5139.4150847199235,0.0080239786232511,-0.0085005434370112,0.05538,900.0
5139.515677333144,0.0089555483194388,-0.0097117288656616,0.05538,900.0
5139.616278291014,0.0096890453455136,-0.0110002230486331,0.05538,900.0
5139.716856837538,0.0102343193512091,-0.0123697012146572,0.05538,900.0
5139.81741225746,0.0105343830314795,-0.013429082315445,0.05538,900.0
5139.9179707768235,0.0106139999999999,-0.013853746117718,0.05538,900.0
5140.0185340645585,0.0105117042718655,-0.0136474305777436,0.05538,900.0
5140.119079947737,0.0095270814109036,-0.0116614797466495,0.05538,900.0
5140.219631314543,0.0063119082956212,-0.0051764197959587,0.05538,900.0
5140.3201757672105,0.004748,-0.0020217899159737,0.05538,900.0
5140.421761393813,0.0040341515403517,-0.0018059161649137,0.05538,900.0
5140.52230584648,0.0027237122644333,-0.0015019149901996,0.05538,900.0
5140.622853398589,0.0012276409651967,-0.0012998445457579,0.05538,900.0
5140.723392606047,-0.0002847555412782,-0.001248487104343,0.05538,900.0
5140.82392442253,-0.0017695561569243,-0.0013492400783876,0.05538,900.0
5140.924491286543,-0.003224767625982,-0.0016080626496298,0.05538,900.0
5141.0232044461045,-0.004658458776976,-0.0020082797639947,0.05538,900.0
5141.123761058119,-0.0061297075127033,-0.0026027511054365,0.05538,900.0
5141.22428143051,-0.0074275604605585,-0.003286506278092,0.05538,900.0
5141.3248461487565,-0.0086493651464521,-0.0041118368407623,0.05538,900.0
5141.425414204863,-0.0098200373708793,-0.0051059134283251,0.05538,900.0
5141.525992036131,-0.0108601116461418,-0.0061884261497161,0.05538,900.0
5141.626560807494,-0.0117825365243131,-0.0073717706102423,0.05538,900.0
5141.727126240996,-0.012566556468106,-0.0086203038526504,0.05538,900.0
5141.827705502776,-0.0132259364270584,-0.0099769492985409,0.05538,900.0
5141.9282654526505,-0.0136982851575556,-0.0112146157537453,0.05538,900.0
5142.0288649800095,-0.0140132692601146,-0.0123626112499616,0.05538,900.0
5142.129442811278,-0.0142485071809714,-0.0135999083631909,0.05538,900.0
5142.219985127715,-0.0143660486381067,-0.0147409502836178,0.05538,900.0
5142.320561528471,-0.0143917494551945,-0.0162211579651582,0.05538,900.0
5142.421291232375,-0.0142575275981291,-0.0176375144271419,0.05538,900.0
5142.52186620262,-0.0140764158371705,-0.0187566515478359,0.05538,900.0
5142.622439742354,-0.0136844685683482,-0.0201069089268878,0.05538,900.0
5142.723002314833,-0.0131255783020942,-0.0215194239852969,0.05538,900.0
5142.823244929579,-0.0124430416883713,-0.0228506469480899,0.05538,900.0
5142.924207091597,-0.0116279825349168,-0.0240936695964469,0.05538,900.0
5143.024757743147,-0.0106665135292161,-0.0252750982345706,0.05538,900.0
5143.125327945021,-0.0095931378280758,-0.0263497978575055,0.05538,900.0
5143.2258802655015,-0.0084221932912023,-0.0272900535575742,0.05538,900.0
5143.326426387099,-0.0071090800853114,-0.0281422483750052,0.05538,900.0
5143.427002311018,-0.0057722719850185,-0.0288155547846023,0.05538,900.0
5143.527569890288,-0.0044187726242848,-0.0293309858527203,0.05538,900.0
5143.628121257094,-0.0028984695986452,-0.029737211779138,0.05538,900.0
5143.72867763069,-0.0013983966946893,-0.0299595213620607,0.05538,900.0
5143.829252839354,7.223991377944272e-05,-0.0300214534468054,0.05538,900.0
5143.91977179077,0.0014166156121584,-0.0299486355312481,0.05538,900.0
5144.020303368834,0.0028875428363798,-0.0297204672471642,0.05538,900.0
5144.120874524382,0.004317453927375,-0.0293525877296968,0.05538,900.0
5144.221449256209,0.0057484461620924,-0.0288116773811017,0.05538,900.0
5144.322004676131,0.0071380399519096,-0.0281224708081124,0.05538,900.0
5144.422564387587,0.0083899562419661,-0.0273126186828208,0.05538,900.0
5144.523115754393,0.0095890093547755,-0.0263716460432507,0.05538,900.0
5144.623698354033,0.0106321049769672,-0.0253305804608424,0.05538,900.0
5144.724239945677,0.0116053661579334,-0.0241573828528416,0.05538,900.0
5144.8249577286515,0.0124444361350935,-0.0228785413165845,0.05538,900.0
5144.925529599455,0.0130601814197017,-0.021684018124106,0.05538,900.0
5145.026093602446,0.0135317440954982,-0.0205339447507649,0.05538,900.0
5145.126668334273,0.0139404017606754,-0.019175853900477,0.05538,900.0
5145.223659396437,0.0142227622707575,-0.0177729730686241,0.05538,900.0
5145.324230790404,0.0143639575671082,-0.016280158062351,0.05538,900.0
5145.424795747069,0.014354684146216,-0.0147525775697865,0.05538,900.0
5145.525379538802,0.014186747423237,-0.0132419727683346,0.05538,900.0
5145.626884818343,0.0138649512265524,-0.0117916975959798,0.05538,900.0
5145.727450490263,0.0133945439580886,-0.010358876767686,0.05538,900.0
5145.8280171158585,0.0127636803629919,-0.0089670427055942,0.05538,900.0
5145.928577780989,0.0120214589842849,-0.0076901330248383,0.05538,900.0
5146.029152512816,0.0111104967169253,-0.0064704068723119,0.05538,900.0
5146.119652152327,0.0101449595457178,-0.005424373089726,0.05538,900.0
5146.220224976805,0.0090609498001976,-0.0044511525536503,0.05538,900.0
5146.320788979796,0.0078201377039225,-0.0035566088229012,0.05538,900.0
5146.421340823439,0.0065132089873044,-0.0028038249762732,0.05538,900.0
5146.521895766524,0.0053329051323282,-0.0022533737882939,0.05538,900.0
5146.622453332213,0.004748,-0.0020218496112504,0.05538,900.0
5146.723005652693,0.00474848910121,-0.0020248764195209,0.05538,900.0
5146.823562264708,0.0049668360247133,-0.003377842457735,0.05538,900.0
5146.924132466582,0.0059505889706534,-0.0094729427747791,0.05538,900.0
5147.02469694641,0.0072321553969006,-0.0174131888875119,0.05538,900.0
5147.125231147078,0.0083245773967026,-0.0241819113934085,0.05538,900.0
5147.22579658058,0.0084154965600271,-0.0247446111667341,0.05538,900.0
5147.326289773253,0.008427,-0.0248158060922978,0.05538,900.0
5147.427014947203,0.0081323155721915,-0.0250782963320363,0.05538,900.0
5147.527574658659,0.0071940981512751,-0.0257924341587352,0.05538,900.0
5147.6281322243485,0.0058740809645706,-0.0265911285359105,0.05538,900.0
5147.728695988921,0.0045087819477829,-0.0272211609845637,0.05538,900.0
5147.829250932005,0.003092505851804,-0.027672318284725,0.05538,900.0
5147.919760823515,0.0017470704997597,-0.0279494918121574,0.05538,900.0
5148.028111338881,0.0001800008368103,-0.02807077723554,0.05538,900.0
5148.128640294341,-0.0013382225856838,-0.0280061962137921,0.05538,900.0
5148.229194999007,-0.0028836371053765,-0.0277465601182645,0.05538,900.0
5148.319928288725,-0.004106468170211,-0.0273843690699738,0.05538,900.0
5148.420497536925,-0.0055560934277109,-0.0267678035719197,0.05538,900.0
5148.5210705998215,-0.0068669689615732,-0.0260040916188994,0.05538,900.0
5148.621628165511,-0.0080277280964929,-0.025134479060958,0.05538,900.0
5148.7228678467545,-0.0090944917586425,-0.0241187691901245,0.05538,900.0
5148.823432326582,-0.0100795147022978,-0.0229178900543699,0.05538,900.0
5148.923987269667,-0.010916652275818,-0.0216058935298871,0.05538,900.0
5149.024555802611,-0.011554505363108,-0.0202454311603987,0.05538,900.0
5149.1251317265305,-0.0120281041286682,-0.0188442717223956,0.05538,900.0
5149.225697398451,-0.0123138247371342,-0.0174447727023566,0.05538,900.0
5149.326187014845,-0.0124578424435359,-0.0158468164119529,0.05538,900.0
5149.426755786208,-0.0123977576691422,-0.0143619911859249,0.05538,900.0
5149.527334332732,-0.0121471807412007,-0.0128812815649683,0.05538,900.0
5149.62791883972,-0.0117322040154242,-0.0114652466867046,0.05538,900.0
5149.72849142578,-0.0111381854256067,-0.0100912957804002,0.05538,900.0
5149.829064965514,-0.0103957544517418,-0.008802099178364,0.05538,900.0
5149.920351624754,-0.0095583417547355,-0.0076863807356474,0.05538,900.0
5150.020933509139,-0.0085204489300299,-0.0065651461301969,0.05538,900.0
5150.121501326827,-0.007366295938785,-0.0056046910214117,0.05538,900.0
5150.222056746748,-0.0061092718682857,-0.0047820416619328,0.05538,900.0
5150.322610736159,-0.0047973906503506,-0.0041398924237927,0.05538,900.0
5150.423167348174,-0.0033652919239345,-0.0036365501558528,0.05538,900.0
5150.5237363579545,-0.0019343160086664,-0.0033199740241304,0.05538,900.0
5150.624291777876,-0.0004014774031742,-0.0031700694698061,0.05538,900.0
5150.7248536351,0.0011629367954048,-0.0032204088160802,0.05538,900.0
5150.825424313811,0.0026212335699576,-0.003459076304574,0.05538,900.0
5150.925993323592,0.0040675547194454,-0.0038667403731575,0.05538,900.0
5151.026564717558,0.0054430105360121,-0.0044470961143626,0.05538,900.0
5151.127134681014,0.0067243158545905,-0.0051649632509368,0.05538,900.0
5151.227703213957,0.0079362796210717,-0.0060622256914776,0.05538,900.0
5151.328325152663,0.009048339364377,-0.0070930903488834,0.05538,900.0
5151.428906798628,0.010002810428707,-0.0082350987731519,0.05538,900.0
5151.529482245711,0.0108431839275263,-0.0095194063048118,0.05538,900.0
5151.619951844481,0.0114360828183887,-0.0106941734742443,0.05538,900.0
5151.720510363844,0.0119759323362105,-0.0121822436268679,0.05538,900.0
5151.822090745238,0.0123050567705358,-0.0136934235983691,0.05538,900.0
5151.9226683380875,0.0124413574225338,-0.0151034847075512,0.05538,900.0
5152.023256182936,0.0124106144099235,-0.0166386846238546,0.05538,900.0
5152.124083400038,0.0121884133818848,-0.0181462673387928,0.05538,900.0
5152.224635720519,0.0117809800129053,-0.0196216288487352,0.05538,900.0
5152.3252290489945,0.0112178980465016,-0.0210080277227126,0.05538,900.0
5152.425889134673,0.0104973303364831,-0.0223031045600842,0.05538,900.0
5152.526463866499,0.0096271066560686,-0.0235177197900681,0.05538,900.0
5152.626984000472,0.008815178775004,-0.0244383376141837,0.05538,900.0
5152.727542042998,0.008427,-0.0248158060922978,0.05538,900.0
5152.828116536406,0.0084269999999999,-0.0248157859116617,0.05538,900.0
5152.928673148421,0.008427,-0.0248154336217327,0.05538,0.0
5153.02924573448,0.008427,-0.0248127895203716,0.05538,0.0
5153.119728207854,0.008427,-0.0248113822348606,0.05538,0.0
5153.220289111403,0.008427,-0.0248109687395761,0.05538,0.0
5153.320858598021,0.008427,-0.0248107110097937,0.05538,0.0
5153.421419739989,0.008427,-0.0248092366791132,0.05538,0.0
5153.521973729399,0.008427,-0.0248076296233444,0.05538,0.0
5153.622551322249,0.0084269999999999,-0.0248072280666251,0.05538,0.0
5153.723127246169,0.0084269999999999,-0.0248068787074623,0.05538,0.0
5153.823638558653,0.008427,-0.024805083898012,0.05538,0.0
5153.924486995009,0.0084269999999999,-0.0248039296743307,0.05538,0.0
5154.0250386002335,0.0084269999999999,-0.0248037487510629,0.05538,0.0
5154.125611424712,0.008427,-0.0248021816140651,0.05538,0.0
5154.226395011214,0.008427,-0.0248012213690144,0.05538,0.0
5154.32696139839,0.0084269999999999,-0.0248001982963229,0.05538,0.0
5154.427519917754,0.008427,-0.0247988757908978,0.05538,0.0
5154.528051734236,0.008427,-0.0247980334811261,0.05538,0.0
5154.628612637785,0.008427,-0.0247970580899164,0.05538,0.0
5154.729175687102,0.008427,-0.024795743575715,0.05538,0.0
5154.819676518706,0.0084269999999999,-0.0247943568818591,0.05538,0.0
5154.920236945418,0.008427,-0.0247926332707696,0.05538,0.0
5155.020796180037,0.008427,-0.0247918490337384,0.05538,0.0
5155.121342540053,0.008427,-0.0247917355013526,0.05538,0.0
5155.221861243514,0.008427,-0.0247902084291077,0.05538,0.0
5155.322434544829,0.0084269999999999,-0.0247893321148549,0.05538,0.0
5155.422972321776,0.008427,-0.0247885193190877,0.05538,0.0
5155.523546815184,0.008427,-0.0247874550246774,0.05538,0.0
5155.624067902831,0.008427,-0.0247861723945911,0.05538,0.0
5155.724630713728,0.008427,-0.0247845228378821,0.05538,0.0
5155.826102137831,0.008427,-0.0247834964036213,0.05538,0.0
5155.9266301396165,0.008427,-0.024782550041312,0.05538,0.0
5156.027196288374,0.0084269999999999,-0.0247812013421887,0.05538,0.0
5156.12777292755,0.008427,-0.0247802998123951,0.05538,0.0
5156.228334546355,0.008427,-0.0247800862200296,0.05538,0.0
