4603.865457772685,0.011052,0.0065378855657123,0.05112,0.0
4603.9660398954875,0.011052,0.0065363940283712,0.05112,0.0
4604.06697606988,0.011052,0.0065347923252216,0.05112,0.0
4604.169223546458,0.011052,0.0065332969786005,0.05112,0.0
4604.269803761912,0.011052,0.0065316716149878,0.05112,0.0
4604.370367764903,0.011052,0.0065301172804426,0.05112,0.0
4604.468088387919,0.011052,0.0065286486166261,0.05112,0.0
4604.568649291468,0.011052,0.0065268895842484,0.05112,0.0
4604.669214248133,0.011052,0.006525388432461,0.05112,0.0
4604.769950389338,0.011052,0.0065239051239079,0.05112,0.0
4604.870419978572,0.011052,0.006521924472605,0.05112,0.0
4604.970946549845,0.0110519999999999,0.006520083804507,0.05112,0.0
4605.071517466975,0.011052,0.0065188081717224,0.05112,0.0
4605.172093152476,0.011052,0.0065172269919109,0.05112,0.0
4605.272695779277,0.011052,0.0065155749739775,0.05112,0.0
4605.373281955195,0.011052,0.0065140546400765,0.05112,0.0
4605.473818301631,0.011052,0.0065125922389321,0.05112,0.0
4605.574393271876,0.011052,0.0065109929867323,0.05112,0.0
4605.6655616755015,0.011052,0.0065093876244725,0.05112,0.0
4605.766128301097,0.0110519999999999,0.0065077632569477,0.05112,0.0
4605.866714477015,0.011052,0.0065063803428021,0.05112,0.0
4605.967190026713,0.011052,0.0065043951318169,0.05112,0.0
4606.0677139753825,0.0110519999999999,0.0065032376144637,0.05112,0.0
4606.1682698721415,0.0110519999999999,0.0065027023017245,0.05112,0.0
4606.26884102769,0.0110519999999999,0.0065025696386394,0.05112,0.0
4606.369407176448,0.0104616748253811,0.0060305200880991,0.05112,0.0
4606.4699823851115,0.0086319173955626,0.0045672274957647,0.05112,0.0
4606.5706272120005,0.0059713014030967,0.0024394815481439,0.05112,0.0
4606.671591042948,0.0033041036697083,0.0003065548396161,0.05112,0.0
4606.773113965464,0.0006199950453648,-0.0018399370015638,0.05112,0.0
4606.873697757197,-0.0020477381770822,-0.003973372582124,0.05112,0.0
4606.9742534155375,-0.0046751705683115,-0.0060745915217499,0.05112,0.0
4607.073762654734,-0.0073083097678703,-0.0081802701357595,0.05112,0.0
4607.174338817073,-0.0098933169557254,-0.0102474973866667,0.05112,0.0
4607.274895429087,-0.0125598087963499,-0.0123798509005908,0.05112,0.0
4607.365363358927,-0.0149317090347381,-0.0142767033377247,0.05112,0.0
4607.465930938197,-0.0167434802991973,-0.0157256159342139,0.05112,0.0
4607.566491364909,-0.0174289999999999,-0.0162738364017153,0.05112,0.0
4607.6670339102275,-0.0174101929690532,-0.016530428537057,0.05112,900.0
4607.767596482707,-0.0173282146385042,-0.0174075871567498,0.05112,900.0
4607.867276668025,-0.0171199681220051,-0.0188771774351264,0.05112,900.0
4607.96785497613,-0.0167832113600395,-0.0203264169618606,0.05112,900.0
4608.068432092143,-0.016311073725185,-0.0217724729791615,0.05112,900.0
4608.169012307597,-0.0158242050900882,-0.0229330000066468,0.05112,900.0
4608.269574880076,-0.0152078112429567,-0.024128050653415,0.05112,900.0
4608.37015175767,-0.014431415683224,-0.0253918279361401,0.05112,900.0
4608.470720767451,-0.0135120102966906,-0.0266216618924085,0.05112,900.0
4608.571300982905,-0.0125136372735479,-0.0277393968744274,0.05112,900.0
4608.671880244685,-0.0114548538133355,-0.0287857632516854,0.05112,900.0
4608.772619962168,-0.0102868082494139,-0.0297241430251943,0.05112,900.0
4608.873433589411,-0.0090230640520853,-0.030547482319293,0.05112,900.0
4608.974121093226,-0.0077080867055988,-0.0312931546741345,0.05112,900.0
4609.07470130868,-0.006293130607897,-0.0318719961961899,0.05112,900.0
4609.165137052012,-0.0050290253146399,-0.0323219306990684,0.05112,900.0
4609.265711068583,-0.003517461435375,-0.0327029650393743,0.05112,900.0
4609.365058183146,-0.0020870904540226,-0.0329329281962532,0.05112,900.0
4609.465606450511,-0.0006153537546622,-0.0330377014799137,0.05112,900.0
4609.566186427546,0.0008814331488711,-0.033028270681639,0.05112,900.0
4609.666764497233,0.002409367980507,-0.032880680407738,0.05112,900.0
4609.767328023387,0.0039332100323935,-0.0325913667136614,0.05112,900.0
4609.867908000422,0.0053755264294168,-0.0321957017801059,0.05112,900.0
4609.968626975489,0.0067686429670001,-0.031676516908775,0.05112,900.0
4610.069136380625,0.0081739615319154,-0.0310138031163018,0.05112,900.0
4610.169812440348,0.0094671876780246,-0.0302532094627933,0.05112,900.0
4610.271086453868,0.0106965036182255,-0.0293811309193889,0.05112,900.0
4610.372473239375,0.0118815742446649,-0.0283823772037266,0.05112,900.0
4610.473048924876,0.0129220215043035,-0.0273356063475101,0.05112,900.0
4610.573618411494,0.0139018700382222,-0.0261404953951943,0.05112,900.0
4610.674194096995,0.0147509630990439,-0.0248970798614905,0.05112,900.0
4610.774760245753,0.0154883680433941,-0.0236049783365438,0.05112,900.0
4610.865264653636,0.0160524963936823,-0.0223707393013978,0.05112,900.0
4610.966732978297,0.0165842181010915,-0.0209420833859649,0.05112,900.0
4611.067247390223,0.016978668330213,-0.0194957788872785,0.05112,900.0
4611.167816400004,0.0172340587215729,-0.0181635695626863,0.05112,900.0
4611.26837611146,0.0173672005769705,-0.0169694899905413,0.05112,900.0
4611.36894535966,0.0174238148698635,-0.0156413376362547,0.05112,900.0
4611.469516038371,0.0173802651994608,-0.0142393512604026,0.05112,900.0
4611.570074557734,0.0172763885100336,-0.0132925292885097,0.05112,900.0
4611.6681656832225,0.0170233659419768,-0.0118642119678881,0.05112,900.0
4611.76873016305,0.0166016350121207,-0.0103573709017679,0.05112,900.0
4611.86930942483,0.016086135939317,-0.0089493877106495,0.05112,900.0
4611.969873427821,0.0154428722900184,-0.0075708127247837,0.05112,900.0
4612.070393084956,0.0146903895615972,-0.0062739801823743,0.05112,900.0
4612.170981168223,0.0138295669716442,-0.0050439579405582,0.05112,900.0
4612.271526812983,0.012858534096929,-0.0038864993259666,0.05112,900.0
4612.372110366297,0.0117945691816381,-0.0028131112981711,0.05112,900.0
4612.472678183985,0.0106338037949269,-0.0018276049472877,0.05112,900.0
4612.56711196847,0.0094803872443024,-0.0010091217025917,0.05112,900.0
4612.66844630189,0.0082087463054522,-0.0002532264086446,0.05112,900.0
4612.768983363581,0.0068508303392381,0.0004042662351665,0.05112,900.0
4612.869897365046,0.0054456448973967,0.0009279674543097,0.05112,900.0
4612.970545768214,0.0040380154259187,0.001322799864898,0.05112,900.0
4613.07113742776,0.0025055057062528,0.0016068267374075,0.05112,900.0
4613.171708106471,0.0010310278852164,0.0017603847720912,0.05112,900.0
4613.2724800104625,-0.0004539243026233,0.0017856754997426,0.05112,900.0
4613.373033523036,-0.0019622814714239,0.0016757507438836,0.05112,900.0
4613.473588942958,-0.0034848496018142,0.0014332474989517,0.05112,900.0
4613.574105977488,-0.0049521908108822,0.0010716853591506,0.05112,900.0
4613.674688815547,-0.0063241692043176,0.0006028532564254,0.05112,900.0
4613.773139476252,-0.007693328559712,6.396887930665285e-06,0.05112,900.0
4613.873712539149,-0.0090655362993997,-0.000746554864745,0.05112,900.0
4613.974276065303,-0.0103282856547436,-0.0015824832111673,0.05112,900.0
4614.064774035884,-0.0113358567609973,-0.0023913600626652,0.05112,900.0
4614.165331601573,-0.0124556188897554,-0.0034515477077752,0.05112,900.0
4614.265889644099,-0.0134671090546796,-0.0045872726025785,0.05112,900.0
4614.366529702616,-0.0143612433395091,-0.0057739042253556,0.05112,900.0
4614.467088698817,-0.0151551643919987,-0.007049181739296,0.05112,900.0
4614.5676431650645,-0.0157684650152187,-0.0082049583373515,0.05112,900.0
4614.668169021083,-0.016245506822124,-0.0093458396874982,0.05112,900.0
4614.768806218577,-0.0167235156955758,-0.0107687226041892,0.05112,900.0
4614.870094060374,-0.0170927756980351,-0.0122674132075884,0.05112,900.0
4614.970653533412,-0.0173214975918819,-0.0137367006927877,0.05112,900.0
4615.071193217707,-0.0174289999999999,-0.0152148671213629,0.05112,900.0
4615.171754359675,-0.0174289999999999,-0.0162006024118501,0.05112,900.0
4615.272323369456,-0.0174289999999999,-0.0162738364017153,0.05112,900.0
4615.372897386027,-0.017296447647002,-0.01624553185802,0.05112,900.0
4615.473487376643,-0.0123046472390395,-0.0151773817767463,0.05112,900.0
4615.574063062144,-0.0049544896994741,-0.0136045681503623,0.05112,900.0
4615.674647330714,0.0026716317928754,-0.0119727425230695,0.05112,900.0
4615.765138863993,0.0070664831370438,-0.0110323525891685,0.05112,900.0
4615.865679501963,0.0081159999999999,-0.0108077808030178,0.05112,900.0
4615.966245173884,0.0081166559511439,-0.0108089863690811,0.05112,900.0
4616.066823243571,0.00819152801048,-0.0109582257622218,0.05112,900.0
4616.1673867697245,0.0087176050677531,-0.0120431805226195,0.05112,900.0
4616.267941951228,0.0091817882900684,-0.0134639286375914,0.05112,900.0
4616.36850738473,0.0093937464752284,-0.0149873285968414,0.05112,900.0
4616.469073056651,0.0093840453666426,-0.0164541526858982,0.05112,900.0
4616.569646357966,0.0091177303779787,-0.0179459218992929,0.05112,900.0
4616.673247575236,0.0086247065726036,-0.0193972518348796,0.05112,900.0
4616.773782014323,0.0079023150818848,-0.0207255176984324,0.05112,900.0
4616.874346970988,0.0069998861721942,-0.0219104512653455,0.05112,900.0
4616.964869498683,0.00602073984552,-0.0228469081682424,0.05112,900.0
4617.065442084742,0.0047689874164946,-0.0237469184264608,0.05112,900.0
4617.166000365687,0.0034275727854311,-0.0243931593560784,0.05112,900.0
4617.266578912211,0.0019926678264659,-0.0248440431785851,0.05112,900.0
4617.367145537806,0.0005426914261208,-0.0250406747143285,0.05112,900.0
4617.467806577159,-0.0010279788933633,-0.0250001040741413,0.05112,900.0
4617.568696259928,-0.002464938581663,-0.02471963376003,0.05112,900.0
4617.669264077616,-0.0038807746699209,-0.0242092478410623,0.05112,900.0
4617.769829987956,-0.0051890076414328,-0.0234735048051416,0.05112,900.0
4617.870404242945,-0.0063994803573864,-0.0225139943539198,0.05112,900.0
4617.970977782679,-0.0074216133467532,-0.0213948720731323,0.05112,900.0
4618.07153010316,-0.0082308247264116,-0.0201775047233135,0.05112,900.0
4618.17209577508,-0.0088429995739303,-0.0188183277755086,0.05112,900.0
4618.272789954615,-0.0092498389228196,-0.0173259809771972,0.05112,900.0
4618.373362540675,-0.0094112789707725,-0.0158421272864125,0.05112,900.0
4618.472347020579,-0.009343699609791,-0.0144193547975948,0.05112,900.0
4618.574066400004,-0.0090152892993034,-0.0128808939766308,0.05112,900.0
4618.674632787181,-0.0084661648350636,-0.0114691547372635,0.05112,900.0
4618.765434979869,-0.0077871148058444,-0.0103413518403401,0.05112,900.0
4618.866017817927,-0.0068324212245269,-0.0091618738257319,0.05112,900.0
4618.966577767802,-0.0057280186101269,-0.0081656350245079,0.05112,900.0
4619.067130088282,-0.0044853851627028,-0.0073670230091199,0.05112,900.0
4619.167678355647,-0.0031049319027356,-0.0067539798388318,0.05112,900.0
4619.268382787181,-0.0016404284148019,-0.0063656112598993,0.05112,900.0
4619.36896371789,-0.0001602293023567,-0.0062260291774033,0.05112,900.0
4619.4695422644145,0.0013340543230202,-0.0063126337195672,0.05112,900.0
4619.570183038188,0.0027993455036737,-0.0066406543273769,0.05112,900.0
4619.669135570002,0.0041766602446477,-0.0071607768745911,0.05112,900.0
4619.769695281459,0.0054703464105836,-0.0079446273577718,0.05112,900.0
4619.870287417842,0.006621301615705,-0.0089207182135777,0.05112,900.0
4619.9708473677165,0.0075881557473162,-0.0100492026791177,0.05112,900.0
4620.07141423173,0.0080216941452291,-0.0106633955513073,0.05112,900.0
4620.171981334162,0.0081159999999999,-0.0108077808030177,0.05112,900.0
4620.272510766459,0.0074940155566581,-0.0109906450260942,0.05112,900.0
4620.373071670008,0.0031621455584386,-0.0122641395108194,0.05112,900.0
4620.473646163417,-0.0040856742212506,-0.0143948640972221,0.05112,900.0
4620.574215888453,-0.0110240308647255,-0.0164346205040698,0.05112,900.0
4620.674792766047,-0.0155535463274941,-0.0177662060224928,0.05112,900.0
4620.765447377635,-0.015583,-0.0177748211566481,0.05112,900.0
4620.872053384257,-0.0155826207426327,-0.0177774245265378,0.05112,900.0
4620.972614049388,-0.0155784250676395,-0.017806225269486,0.05112,900.0
4621.073184251261,-0.0153521642048937,-0.0190371085529581,0.05112,900.0
4621.173767566157,-0.0150936247442472,-0.0200425893790275,0.05112,900.0
4621.274357556773,-0.014644312773864,-0.0213431215116893,0.05112,900.0
4621.364874362422,-0.0141142786581418,-0.0225409482980981,0.05112,900.0
4621.465432881785,-0.0133916036570155,-0.0238441302156027,0.05112,900.0
4621.566011905146,-0.0125427363097831,-0.0250916672137363,0.05112,900.0
4621.667667626811,-0.0115850823948153,-0.0262504596417188,0.05112,900.0
4621.768246173335,-0.0105299738435568,-0.0272965045527332,0.05112,900.0
4621.868821858836,-0.0093466868310959,-0.028274867735536,0.05112,900.0
4621.969364880992,-0.0081325412101971,-0.0290889831073388,0.05112,900.0
4622.070212363673,-0.0067742743673548,-0.0298265825682704,0.05112,900.0
4622.170772551966,-0.0053801072571114,-0.0304112355634978,0.05112,900.0
4622.271305560542,-0.0038805052095867,-0.030866467388377,0.05112,900.0
4622.3718717093,-0.002411120558521,-0.0311630409530432,0.05112,900.0
4622.472444056941,-0.0009238067945993,-0.0313209016695184,0.05112,900.0
4622.572999238444,0.0005603274055446,-0.0313338639337731,0.05112,900.0
4622.673563718272,0.002052868816763,-0.0312133110109598,0.05112,900.0
4622.774141072703,0.0035485749577708,-0.0309371522504433,0.05112,900.0
4622.874736308528,0.0050137262691536,-0.0305190792707948,0.05112,900.0
4622.965362786723,0.0062889854185104,-0.0300444966968207,0.05112,900.0
4623.065931558085,0.0076107055400465,-0.0293913595075665,0.05112,900.0
4623.167318582011,0.008877157705231,-0.0286181865926852,0.05112,900.0
4623.267885684443,0.0100757239198311,-0.0277186173216099,0.05112,900.0
4623.368452548457,0.0112343943135226,-0.0266295045666377,0.05112,900.0
4623.497663497401,0.0124959309269133,-0.0251826206418674,0.05112,900.0
4623.5694427485,0.0130939673266674,-0.0243190885312355,0.05112,900.0
4623.6700134272105,0.0138452380090202,-0.0230636906047428,0.05112,900.0
4623.770595550013,0.0144994659110923,-0.0216796881631179,0.05112,900.0
4623.871162414027,0.0150163968082472,-0.0202444543921342,0.05112,900.0
4623.971723317576,0.0153897315827206,-0.018792729508547,0.05112,900.0
4624.072285651637,0.0156273948712725,-0.0173004429938542,0.05112,900.0
4624.1728541845805,0.0157128825063821,-0.015801133670545,0.05112,900.0
4624.2734220022685,0.015668472301641,-0.0142952745269653,0.05112,900.0
4624.373133658839,0.0154732566317774,-0.0128337815208371,0.05112,900.0
4624.473701953364,0.015142416499085,-0.0113652779255045,0.05112,900.0
4624.574282168818,0.0146329957758249,-0.0098637959096384,0.05112,900.0
4624.664791106654,0.0140695571406179,-0.0086282042706855,0.05112,900.0
4624.765366315318,0.0133678657223479,-0.0073582848124373,0.05112,900.0
4624.865916966868,0.0125024179528109,-0.0061093897324764,0.05112,900.0
4624.966504096461,0.0115148954718378,-0.0049385126233212,0.05112,900.0
4625.067061185313,0.0104713179284463,-0.0039077424893323,0.05112,900.0
4625.167618751002,0.0093208557337752,-0.0029764665522852,0.05112,900.0
4625.268092870188,0.0080201166754804,-0.0021126621528169,0.05112,900.0
4625.368674754573,0.0066863974395802,-0.0013987860319573,0.05112,900.0
4625.469230651332,0.0053315394165945,-0.0008353477732282,0.05112,900.0
4625.574649571849,0.0037876142816174,-0.000359460849763,0.05112,900.0
4625.665138959361,0.0025028812862421,-9.701347516929625e-05,0.05112,900.0
4625.76574182458,0.0010458144435432,5.7092401603568016e-05,0.05112,900.0
4625.866415976954,-0.0004590171305847,8.654149764161095e-05,0.05112,900.0
4625.966971873713,-0.0020276510874348,-4.865411951708934e-05,0.05112,900.0
4626.067525863124,-0.0035144505086719,-0.0003110577585573,0.05112,900.0
4626.16807722993,-0.0049236916842334,-0.0007071237735643,0.05112,900.0
4626.2686116690165,-0.0063266570101003,-0.0012440688840777,0.05112,900.0
4626.369135379267,-0.0077085249227105,-0.001928311467006,0.05112,900.0
4626.469703912211,-0.0089935923530575,-0.0027367849823079,0.05112,900.0
4626.570204257441,-0.010177016125166,-0.0036457060684097,0.05112,900.0
4626.670766353083,-0.0112495944659037,-0.0046384618256134,0.05112,900.0
4626.769278525782,-0.0122527498972571,-0.0057598334125831,0.05112,900.0
4626.869838952494,-0.0131634285806291,-0.0070212930940514,0.05112,900.0
4626.970429658366,-0.0139110815164972,-0.0083064700911632,0.05112,900.0
4627.070973395777,-0.0145423220335327,-0.009666443192762,0.05112,900.0
4627.171531438304,-0.0150546773872807,-0.0111157825945139,0.05112,900.0
4627.273627757502,-0.0154081374340892,-0.012551441351753,0.05112,900.0
4627.37418556161,-0.0156075043592583,-0.0137538342667725,0.05112,900.0
4627.474762439204,-0.0156983815362728,-0.0147347273226747,0.05112,900.0
4627.56528139062,-0.0157216294926344,-0.0156408379070743,0.05112,900.0
4627.665854930354,-0.015677957522759,-0.0168351107729476,0.05112,900.0
4627.766431569529,-0.0155920678304094,-0.0177183674296633,0.05112,900.0
4627.86700057931,-0.015583,-0.0177748211566481,0.05112,900.0
4627.967568635417,-0.0123164513130764,-0.0167591909075873,0.05112,900.0
4628.068130731059,-0.0056647397852341,-0.014691041848601,0.05112,900.0
4628.1652061934,0.001495702133053,-0.0124646933449211,0.05112,900.0
4628.26575851388,0.0072624521657049,-0.010671660950873,0.05112,900.0
4628.366339206172,0.0095839999999999,-0.0099498278908401,0.05112,900.0
4628.466901301814,0.0097158048009175,-0.0101897805740016,0.05112,900.0
4628.567468881083,0.0101401585323439,-0.0110751161554339,0.05112,900.0
4628.668005227519,0.0106619145789298,-0.0124708028442635,0.05112,900.0
4628.768562793208,0.0109875899554729,-0.0139235200570995,0.05112,900.0
4628.870752810908,0.0111319065955245,-0.0154452965887247,0.05112,900.0
4628.971285581065,0.0110522157041353,-0.0169851655353557,0.05112,900.0
4629.071861743403,0.0107392284860094,-0.0185222151041238,0.05112,900.0
4629.1724338526255,0.0102465156297023,-0.0199348595760344,0.05112,900.0
4629.273034810496,0.0096119760310289,-0.0212796321215255,0.05112,900.0
4629.374977349711,0.0087386182933588,-0.0225228861896727,0.05112,900.0
4629.4654989237315,0.00781161089326,-0.0235226811066243,0.05112,900.0
4629.566166877223,0.006679297604896,-0.0245117232380451,0.05112,900.0
4629.666737794352,0.0054417682375098,-0.025316224425853,0.05112,900.0
4629.768112897349,0.0040972700755109,-0.0259600892971114,0.05112,900.0
4629.868679999781,0.0026434205658399,-0.0264234601548342,0.05112,900.0
4629.966635465098,0.0012562206052873,-0.0266958931447707,0.05112,900.0
4630.0672075743205,-0.0002744152942615,-0.0267652074928991,0.05112,900.0
4630.16777849145,-0.001755047613252,-0.0266132425065214,0.05112,900.0
4630.2683494085795,-0.0032723830694689,-0.0262567512933946,0.05112,900.0
4630.368913649989,-0.0046569030459957,-0.0257189162501882,0.05112,900.0
4630.469473123027,-0.0059825930517617,-0.0249855764374412,0.05112,900.0
4630.57008862443,-0.0072174724406714,-0.0240762773256755,0.05112,900.0
4630.670647620631,-0.0082951082747799,-0.0230153425575925,0.05112,900.0
4630.771201133204,-0.0092046125499242,-0.0218478456071267,0.05112,900.0
4630.871741294337,-0.0099461019078171,-0.0205675299705315,0.05112,900.0
4630.972277402354,-0.0105352669997927,-0.0191671515404672,0.05112,900.0
4631.072854995204,-0.0109301659623044,-0.0177091298279282,0.05112,900.0
4631.1734478468425,-0.0111069522205784,-0.0162556899658436,0.05112,900.0
4631.263966083003,-0.0111034541879918,-0.0148905057307575,0.05112,900.0
4631.364524602366,-0.010888372988536,-0.0133668728103223,0.05112,900.0
4631.46510648675,-0.0104949352951675,-0.011963356504358,0.05112,900.0
4631.567242621852,-0.0098863720716221,-0.0105671170713463,0.05112,900.0
4631.667797803355,-0.0090870277446237,-0.0092347444765761,0.05112,900.0
4631.7683703894145,-0.008158345515068,-0.0080807539664038,0.05112,900.0
4631.868927478266,-0.0070603300062989,-0.0070578981146724,0.05112,900.0
4631.969496249629,-0.0058062119738655,-0.0061623032259323,0.05112,900.0
4632.070087193919,-0.0044782838692835,-0.005459062900313,0.05112,900.0
4632.1706478590495,-0.0030633352695664,-0.0049383189861304,0.05112,900.0
4632.271214961482,-0.0016682263202983,-0.0046314317721666,0.05112,900.0
4632.372929334117,-6.706540343688616e-05,-0.0044935027171857,0.05112,900.0
4632.473492383433,0.0013894503352494,-0.0045872294214601,0.05112,900.0
4632.564013957453,0.0027494899648239,-0.0048661396553356,0.05112,900.0
4632.664580821467,0.0041859347349782,-0.0053351221122777,0.05112,900.0
4632.767952203227,0.0055766954486901,-0.0060174138346985,0.05112,900.0
4632.868576764537,0.0068192829295277,-0.006855609677573,0.05112,900.0
4632.969152211619,0.0079320876682274,-0.0078564340781335,0.05112,900.0
4633.069741010142,0.0088996290710176,-0.0089755099261184,0.05112,900.0
4633.170301675273,0.0094756210595846,-0.0097749811893593,0.05112,900.0
4633.270851611567,0.0095839999999999,-0.0099498278908401,0.05112,900.0
4633.371422528697,0.0098507657440059,-0.0103807448456586,0.05112,900.0
4633.471996306849,0.0113021613943938,-0.0127251957052672,0.05112,900.0
4633.5657200808055,0.0138702714908105,-0.0168732901869683,0.05112,900.0
4633.666289090586,0.013961,-0.0170198378092166,0.05112,900.0
4633.76685762353,0.0139658218919662,-0.0169812041199022,0.05112,900.0
4633.867423533869,0.0140144137260844,-0.0160940218215836,0.05112,900.0
4633.968050956202,0.0139761763687361,-0.0146689477451278,0.05112,900.0
4634.068614005519,0.0137944660282825,-0.013183719466937,0.05112,900.0
4634.169171809626,0.0135193712757846,-0.011918173263612,0.05112,900.0
4634.269738435221,0.0131825245107027,-0.0108544156799308,0.05112,900.0
4634.371351003123,0.0126919165181234,-0.0096900453006974,0.05112,900.0
4634.471912383509,0.0120023289772106,-0.0083817848011642,0.05112,900.0
4634.5724596971995,0.0111743671746507,-0.0071503959662853,0.05112,900.0
4634.6730349058635,0.0101651765103289,-0.0059541251976897,0.05112,900.0
4634.763568400813,0.0095342605936814,-0.0053393488222233,0.05112,900.0
4634.864155530406,0.0085028343442778,-0.0044833234031276,0.05112,900.0
4634.9674775595195,0.0072470698719954,-0.0036363480827948,0.05112,900.0
4635.068039178324,0.0059475680102124,-0.0029376939444567,0.05112,900.0
4635.168603658152,0.004536787629687,-0.0023732465912022,0.05112,900.0
4635.269165753794,0.0030597646916908,-0.0019567737682063,0.05112,900.0
4635.369725942088,0.0015916351491428,-0.0017035177632814,0.05112,900.0
4635.470303296519,0.0001182983340338,-0.0016154352512759,0.05112,900.0
4635.5708742136485,-0.0013856965583041,-0.0016759107409938,0.05112,900.0
4635.671444653941,-0.0028571848129251,-0.0019025688425917,0.05112,900.0
4635.772014617396,-0.0043766126191413,-0.0022979525027106,0.05112,900.0
4635.872558593226,-0.0057792896186765,-0.0028371465309061,0.05112,900.0
4635.973134993983,-0.0071053751128589,-0.0035381658007482,0.05112,900.0
4636.063636064006,-0.0082308116760873,-0.0042800871943098,0.05112,900.0
4636.164188146067,-0.0093818167474924,-0.0052210965532762,0.05112,900.0
4636.264757871104,-0.0104259428261003,-0.0062656153229469,0.05112,900.0
4636.365337132884,-0.0113705884894727,-0.0074449586255556,0.05112,900.0
4636.467054366542,-0.0122058249915551,-0.0087548070263332,0.05112,900.0
4636.567607640696,-0.0128719747717101,-0.0100961065786403,0.05112,900.0
4636.668195008708,-0.013368319488197,-0.01137472304532,0.05112,900.0
4636.768859862757,-0.0136685566998829,-0.0125222202609254,0.05112,900.0
4636.869616031123,-0.013938694327248,-0.0140209012670979,0.05112,900.0
4636.970394849253,-0.0140289501996175,-0.0155167968327436,0.05112,900.0
4637.070951938105,-0.0139637200809513,-0.0170131031913599,0.05112,900.0
4637.171484946681,-0.0137639529972982,-0.0183149880715578,0.05112,900.0
4637.272054671717,-0.0134649559740984,-0.0195323950216911,0.05112,900.0
4637.372620343638,-0.0129991783287311,-0.0208675844389473,0.05112,900.0
4637.463119744731,-0.0124326058631477,-0.0220841477258154,0.05112,900.0
4637.563655614329,-0.0116783158803992,-0.0233722384386795,0.05112,900.0
4637.664216041041,-0.0107686334665119,-0.0245887958943275,0.05112,900.0
4637.76494812913,-0.0097226093473752,-0.0257294355274954,0.05112,900.0
4637.870024680567,-0.0085364225472213,-0.0267438198692634,0.05112,900.0
4637.970533132029,-0.0072857107410252,-0.0276108289473914,0.05112,900.0
4638.0711364740855,-0.0059729379314343,-0.0283264959512064,0.05112,900.0
4638.171689271403,-0.0045743096810125,-0.0288972272320174,0.05112,900.0
4638.272243022395,-0.0030872989660104,-0.029315195041475,0.05112,900.0
4638.384760856105,-0.0014742567134555,-0.0295834416608557,0.05112,900.0
4638.465219735575,-0.0002507688025732,-0.0296403673351239,0.05112,900.0
4638.5662264818675,0.0012389214416329,-0.0295839820514285,0.05112,900.0
4638.666793345881,0.0027111731007823,-0.0293779992767534,0.05112,900.0
4638.767354964686,0.0041876060612953,-0.0289994623428724,0.05112,900.0
4638.86809468217,0.0056094182760471,-0.0284679669138018,0.05112,900.0
4638.968667745066,0.0069529847366641,-0.027797445606405,0.05112,900.0
4639.06936049409,0.0082435136069238,-0.0269725855018988,0.05112,900.0
4639.169881581736,0.009313351482009,-0.0261191657661125,0.05112,900.0
4639.2704470152385,0.0100182329675721,-0.0254494783537011,0.05112,900.0
4639.371318816615,0.0110108076596427,-0.0243338839927385,0.05112,900.0
4639.472003697825,0.0118616162554496,-0.0231061071923166,0.05112,900.0
4639.57261395402,0.0126095415773586,-0.0217525662014377,0.05112,900.0
4639.663289308024,0.0129859529181715,-0.0209397262220847,0.05112,900.0
4639.763895272685,0.0133731351417439,-0.0198066814907406,0.05112,900.0
4639.866558074427,0.0137086835554833,-0.0185650688561428,0.05112,900.0
4639.967125415278,0.0138862048117479,-0.0175756318347652,0.05112,900.0
4640.067645787669,0.013961,-0.0170198378092166,0.05112,900.0
4640.168210505915,0.0139227336675805,-0.0169155904778028,0.05112,900.0
4640.268769025279,0.0134192671523346,-0.0155434694650402,0.05112,900.0
4640.369333266688,0.0111902949932226,-0.0094678934835182,0.05112,900.0
4640.470059394313,0.0110538432517121,-0.0090957840560619,0.05112,900.0
4640.570708989573,0.0110519999999999,-0.0090907574339633,0.05112,900.0
4640.671281098796,0.0111811350036036,-0.009325309239627,0.05112,900.0
4640.771863936854,0.0117341716226682,-0.0104681897504406,0.05112,900.0
4640.872434377146,0.0122600493661605,-0.0119017600375782,0.05112,900.0
4640.973010777903,0.0126139715120877,-0.0133688507148421,0.05112,900.0
4641.0634837145335,0.0127884133477582,-0.0147002295475489,0.05112,900.0
4641.1640515322215,0.0128034926402112,-0.0161999597398826,0.05112,900.0
4641.264727591944,0.0126525459234738,-0.0177067459762883,0.05112,900.0
4641.367177724314,0.0123147566153723,-0.0191982643644188,0.05112,900.0
4641.467703341914,0.0118154814967573,-0.0206070258589639,0.05112,900.0
4641.568267106486,0.0111518731977973,-0.0219703701008624,0.05112,900.0
4641.668823241664,0.010338227086275,-0.0232310421058095,0.05112,900.0
4641.76938795991,0.0093981440873251,-0.0243656342133812,0.05112,900.0
4641.869964837504,0.0083113673720521,-0.0253952153363005,0.05112,900.0
4641.97054648347,0.0071203770678888,-0.0262935716540577,0.05112,900.0
4642.071117162181,0.005778996541411,-0.0270586972626938,0.05112,900.0
4642.171709060145,0.0043874762840559,-0.0276630153995978,0.05112,900.0
4642.263997315837,0.003066072192706,-0.0280609034357743,0.05112,900.0
4642.36451554246,0.0015794642873303,-0.0283400948095404,0.05112,900.0
4642.465090035868,8.824761487302712e-05,-0.028447070250781,0.05112,900.0
4642.5656599993235,-0.0014058545131979,-0.0283734854475674,0.05112,900.0
4642.6662232870585,-0.0028543828255471,-0.0281334215600884,0.05112,900.0
4642.766788482142,-0.0043361085448409,-0.0277081337289258,0.05112,900.0
4642.867364882899,-0.0057592435866953,-0.0270976196907937,0.05112,900.0
4642.968053817225,-0.0070250016998135,-0.0263537464921199,0.05112,900.0
4643.068649529887,-0.0082310401763727,-0.0254548288318393,0.05112,900.0
4643.167570590449,-0.0092938887281306,-0.0244424893876605,0.05112,900.0
4643.268168210459,-0.0102419793960594,-0.0232643798766728,0.05112,900.0
4643.368729114009,-0.0110789283201426,-0.0220026107475116,0.05112,900.0
4643.469298839045,-0.0117714387178918,-0.0207054701587263,0.05112,900.0
4643.569873332453,-0.0122771237856812,-0.0193151577569703,0.05112,900.0
4643.67044806428,-0.0126341823835361,-0.0178225959442057,0.05112,900.0
4643.77101564355,-0.0128008237818214,-0.0163430615280606,0.05112,900.0
4643.871593474818,-0.0127945727057094,-0.0147792886081021,0.05112,900.0
4643.972157477809,-0.0126119824122574,-0.0132658023171029,0.05112,900.0
4644.072736978007,-0.0122801924038389,-0.0119041441479705,0.05112,900.0
4644.164568900538,-0.0117828543331544,-0.0105669238582566,0.05112,900.0
4644.265161752177,-0.0110985115529096,-0.0092043383236681,0.05112,900.0
4644.365740060282,-0.0102955929354928,-0.0079842000069678,0.05112,900.0
4644.466316937876,-0.0093172314942986,-0.0068333832091962,0.05112,900.0
4644.566878318263,-0.0081957735688488,-0.0057861717970623,0.05112,900.0
4644.6672902102,-0.0070005942815952,-0.0048987287306458,0.05112,900.0
4644.767819642497,-0.0057114130426835,-0.0041605000082486,0.05112,900.0
4644.868395089579,-0.0043161019833381,-0.0035579033591431,0.05112,900.0
4644.968963622523,-0.0028885066575489,-0.003126434030925,0.05112,900.0
4645.069526433421,-0.0014234851572393,-0.0028734847763207,0.05112,900.0
4645.170100211573,0.0001330582199845,-0.0027915441123411,0.05112,900.0
4645.270672320796,0.0016200013450138,-0.002907904114527,0.05112,900.0
4645.371241330577,0.0030880031108924,-0.0031877701742749,0.05112,900.0
4645.471786736918,0.0045173452209345,-0.0036411685145898,0.05112,900.0
4645.572390317393,0.0058897268586592,-0.0042553597888132,0.05112,900.0
4645.672971248103,0.0071796059730602,-0.0050167051919496,0.05112,900.0
4645.763480662776,0.0082708424964671,-0.0058461923839453,0.05112,900.0
4645.863982676936,0.009384766221715,-0.0069051468332488,0.05112,900.0
4645.964547395182,0.0103365095682168,-0.0080436011817302,0.05112,900.0
4646.072203397227,0.0110175761300791,-0.0090353382671318,0.05112,900.0
4646.172770022822,0.0110519999999999,-0.0090907574339633,0.05112,900.0
4646.273302077723,0.011052,-0.0090900261207853,0.05112,0.0
4646.373872518016,0.011052,-0.009088566073961,0.05112,0.0
4646.480491160823,0.011052,-0.0090874728994083,0.05112,0.0
4646.581018447352,0.0110519999999999,-0.009086545262772,0.05112,0.0
4646.681582688761,0.011052,-0.0090855068738685,0.05112,0.0
4646.7822608942515,0.011052,-0.0090843540628777,0.05112,0.0
4646.87279963441,0.0110519999999999,-0.0090833121441726,0.05112,0.0
4646.973387956095,0.011052,-0.0090822948768569,0.05112,0.0
4647.073988913966,0.011052,-0.0090814461384427,0.05112,0.0
4647.174739837123,0.0110519999999999,-0.0090802147341187,0.05112,0.0
4647.2753043169505,0.011052,-0.0090790949077277,0.05112,0.0
4647.376796721888,0.011052,-0.0090781687853994,0.05112,0.0
4647.477422236872,0.011052,-0.0090767441497314,0.05112,0.0
4647.577997207118,0.011052,-0.0090761061651646,0.05112,0.0
4647.678570508433,0.011052,-0.009074749812168,0.05112,0.0
4647.779131173564,0.011052,-0.0090736554129659,0.05112,0.0
4647.879683494044,0.011052,-0.0090726570077271,0.05112,0.0
4647.976332187129,0.011052,-0.0090717364339244,0.05112,0.0
4648.076893090678,0.011052,-0.0090703584283668,0.05112,0.0
4648.1774702066905,0.011052,-0.0090687760755178,0.05112,0.0
4648.278035640193,0.011052,-0.0090678130964045,0.05112,0.0
4648.378593682719,0.011052,-0.0090669344587369,0.05112,0.0
4648.479130505992,0.011052,-0.0090657798511116,0.05112,0.0
4648.579640864802,0.0110519999999999,-0.0090650796807737,0.05112,0.0
4648.680195092631,0.011052,-0.0090636126506709,0.05112,0.0
4648.780735730601,0.011052,-0.0090621456393336,0.05112,0.0
4648.881299495173,0.0110519999999999,-0.0090610167664139,0.05112,0.0
4648.9818789953715,0.011052,-0.0090601514395301,0.05112,0.0
4649.082449197245,0.0110519999999999,-0.0090590442068494,0.05112,0.0
4649.172960996104,0.011052,-0.0090578697538415,0.05112,0.0
4649.273520945979,0.011052,-0.0090566679446736,0.05112,0.0
4649.374072551203,0.011052,-0.0090557922032956,0.05112,0.0
4649.47644948907,0.011052,-0.009055329540398,0.05112,0.0
