4856.968073665967,0.0101039999999999,-0.007619167634216,0.05325,0.0
4857.068626463284,0.010104,-0.0076198419886387,0.05325,0.0
4857.1691940425535,0.010104,-0.0076214168830404,0.05325,0.0
4857.269987642636,0.0101039999999999,-0.0076237076938421,0.05325,0.0
4857.370562136044,0.010104,-0.0076248258719999,0.05325,0.0
4857.471135198941,0.0101039999999999,-0.0076266799237465,0.05325,0.0
4857.5716839431425,0.010104,-0.0076278612751864,0.05325,0.0
4857.672215044369,0.010104,-0.0076297647951763,0.05325,0.0
4857.76462417828,0.010104,-0.0076312098591821,0.05325,0.0
4857.865192234387,0.010104,-0.0076328202648739,0.05325,0.0
4857.966747820248,0.010104,-0.0076341911605771,0.05325,0.0
4858.067307293286,0.010104,-0.0076353013724497,0.05325,0.0
4858.167874395718,0.0101039999999999,-0.0076370299665022,0.05325,0.0
4858.268367111554,0.010104,-0.0076390427593695,0.05325,0.0
4858.369940101971,0.010104,-0.0076403802924181,0.05325,0.0
4858.470505058636,0.010104,-0.0076421606335051,0.05325,0.0
4858.571096241345,0.010104,-0.0076436409324079,0.05325,0.0
4858.671623051037,0.010104,-0.0076454253007469,0.05325,0.0
4858.772192060818,0.0101039999999999,-0.0076465642225549,0.05325,0.0
4858.872760355343,0.010104,-0.00764805846652,0.05325,0.0
4858.973334848752,0.010104,-0.0076498289790045,0.05325,0.0
4859.063836395611,0.010104,-0.0076511912361692,0.05325,0.0
4859.164418041577,0.0101039999999999,-0.0076527816939908,0.05325,0.0
4859.264974653592,0.0101039999999999,-0.0076541912864744,0.05325,0.0
4859.366553842892,0.010104,-0.0076543567758788,0.05325,0.0
4859.467090666165,0.0101611889269473,-0.0076739813869756,0.05325,0.0
4859.567669689526,0.0106245680474001,-0.0078329846750763,0.05325,0.0
4859.668219148984,0.0112992079564988,-0.0080644401649837,0.05325,0.0
4859.768757641186,0.0119758236721807,-0.0082965398407252,0.05325,0.0
4859.869313537945,0.0126453564011314,-0.0085262435215822,0.05325,0.0
4859.969877540936,0.0133109597013866,-0.0087545704942899,0.05325,0.0
4860.070440351834,0.0139852149532451,-0.0089858880968228,0.05325,0.0
4860.171615660061,0.0146966889907029,-0.0092299453089655,0.05325,0.0
4860.272194921841,0.0153873504158022,-0.0094668794336231,0.05325,0.0
4860.372772037854,0.0160608623870632,-0.0096979309961564,0.05325,0.0
4860.4733405707975,0.0165137777511569,-0.009853287161139,0.05325,0.0
4860.5638516544,0.0166609999999999,-0.0099037777244193,0.05325,0.0
4860.664406120648,0.0166219697894727,-0.009802264973869,0.05325,900.0
4860.764942705502,0.0162005790671111,-0.0087081743670476,0.05325,900.0
4860.866090595593,0.0155443802131364,-0.0073448190954621,0.05325,900.0
4860.966662227978,0.0147600863518017,-0.0060246535130372,0.05325,900.0
4861.067243635525,0.013894659553371,-0.0048141197718453,0.05325,900.0
4861.1678317187925,0.0129545429603634,-0.0037069757918254,0.05325,900.0
4861.268366873135,0.0118737455176609,-0.0026366622956277,0.05325,900.0
4861.368934213986,0.0107068732217304,-0.0016529752914182,0.05325,900.0
4861.469485103955,0.0094975175153328,-0.0008091221543703,0.05325,900.0
4861.570048868527,0.0082014966502785,-5.1486489719681366e-05,0.05325,900.0
4861.670611441006,0.0067745099718347,0.0006245785048644,0.05325,900.0
4861.771180689206,0.0053671334434182,0.001143848394042,0.05325,900.0
4861.87172394978,0.0039373949259417,0.0015390607643752,0.05325,900.0
4861.973309099545,0.002424084695161,0.0018249340068898,0.05325,900.0
4862.06378632771,0.0010725949925847,0.0019539077822494,0.05325,900.0
4862.164362251629,-0.0004031790523562,0.0019746849518802,0.05325,900.0
4862.264948665967,-0.0019046407106712,0.0018752732056315,0.05325,900.0
4862.365521252026,-0.0033844143838173,0.0016464624042231,0.05325,900.0
4862.4660509227415,-0.0048781015101719,0.0012843915850483,0.05325,900.0
4862.566627323498,-0.0063157664473587,0.0008006494211876,0.05325,900.0
4862.667187511792,-0.0076570639914949,0.0002250102247772,0.05325,900.0
4862.767771065106,-0.0089533625276873,-0.0004660393161461,0.05325,900.0
4862.868331730237,-0.0102206085655607,-0.0012919582060172,0.05325,900.0
4862.968968927731,-0.0114180323666948,-0.0022212746973719,0.05325,900.0
4863.069529116025,-0.0125699298222439,-0.0032898107159407,0.05325,900.0
4863.170095980038,-0.0136021181215749,-0.0044214256190994,0.05325,900.0
4863.270663559308,-0.0144454401394526,-0.0055500824884832,0.05325,900.0
4863.371245443692,-0.0152702454355511,-0.0068629287140104,0.05325,900.0
4863.471826851239,-0.0159723956156032,-0.0082200137091958,0.05325,900.0
4863.572401106228,-0.0165528111938983,-0.0096392341295566,0.05325,900.0
4863.6729796527525,-0.0169975668250152,-0.0110571998316658,0.05325,900.0
4863.76366955029,-0.017292104369454,-0.0123621548921599,0.05325,900.0
4863.864234506955,-0.0175135072229771,-0.0138429859667131,0.05325,900.0
4863.964860737195,-0.017604877092123,-0.0153134060374094,0.05325,900.0
4864.065434753766,-0.0175682210821907,-0.0168174125366078,0.05325,900.0
4864.165998518338,-0.0173900824162539,-0.0183987728696716,0.05325,900.0
4864.266568481793,-0.0171011589392293,-0.0198763975185719,0.05325,900.0
4864.367153465619,-0.0166821827948507,-0.0213033941433748,0.05325,900.0
4864.467723190655,-0.0161568035954324,-0.0227353940228132,0.05325,900.0
4864.568288385739,-0.015451908559079,-0.0240862203804232,0.05325,900.0
4864.668858110776,-0.0146725785634352,-0.0253615264663955,0.05325,900.0
4864.769434034695,-0.0137773455586638,-0.0265782396187333,0.05325,900.0
4864.870020449032,-0.0127903873115331,-0.0277219827541591,0.05325,900.0
4864.970590174069,-0.0117177442843104,-0.0287649619703,0.05325,900.0
4865.071162760129,-0.0105546402316701,-0.0297174961097879,0.05325,900.0
4865.171751320233,-0.009308643243919,-0.0305747699136463,0.05325,900.0
4865.2642236350675,-0.0081140180649708,-0.0312617223151589,0.05325,900.0
4865.3649585841795,-0.0067788221605986,-0.031890713403573,0.05325,900.0
4865.4655242561,-0.0053676336233194,-0.0324098639268324,0.05325,900.0
4865.566238224377,-0.0039298729396467,-0.0328023165691302,0.05325,900.0
4865.666809141507,-0.0023922377995217,-0.0330726892569567,0.05325,900.0
4865.767400562634,-0.0008916270373691,-0.0332145675909345,0.05325,900.0
4865.867882311215,0.0005465404039514,-0.0332230800258031,0.05325,900.0
4865.9684539436,0.0020548540557713,-0.0331047004292239,0.05325,900.0
4866.06902152287,0.0035908483486314,-0.0328638099101859,0.05325,900.0
4866.16958719479,0.0050443140485568,-0.0324965870417491,0.05325,900.0
4866.270149528851,0.006460997336667,-0.0320011413751947,0.05325,900.0
4866.370718300213,0.0078846309934977,-0.0313734431376209,0.05325,900.0
4866.471289217343,0.0091900936134252,-0.0306504103201771,0.05325,900.0
4866.571854174008,0.0104248991987132,-0.0298326947322496,0.05325,900.0
4866.672432243695,0.0116067885230507,-0.0288835676777773,0.05325,900.0
4866.77301222073,0.0126824939823684,-0.0278511927513673,0.05325,900.0
4866.863537132611,0.0135516233230534,-0.0268685378385317,0.05325,900.0
4866.964110433926,0.0144741455781786,-0.0256396208028271,0.05325,900.0
4867.064684688916,0.0152773247419708,-0.0243716588275926,0.05325,900.0
4867.165255129208,0.0159590229212004,-0.0230508872925025,0.05325,900.0
4867.265823185315,0.0165375999334314,-0.0216531732266609,0.05325,900.0
4867.366374313702,0.0170024082216592,-0.0201917469947356,0.05325,900.0
4867.46693044888,0.0173290967962477,-0.0187406240257487,0.05325,900.0
4867.567510187497,0.0175111516177794,-0.0175003035994316,0.05325,900.0
4867.668083011975,0.0175930488233617,-0.0163847085726151,0.05325,900.0
4867.768648922314,0.0175950080731398,-0.0148272730068799,0.05325,900.0
4867.869249403348,0.0175058318497033,-0.013680506399969,0.05325,900.0
4867.969829618802,0.0173253001803762,-0.0124727214334091,0.05325,900.0
4868.070386230816,0.0169888288032176,-0.0109958295011933,0.05325,900.0
4868.1709511874815,0.0167410327930087,-0.0101471301186771,0.05325,900.0
4868.271506130566,0.0166609999999999,-0.0099037777244192,0.05325,900.0
4868.3720930217405,0.0164841509361366,-0.0101191894424069,0.05325,900.0
4868.472647726407,0.0140513570790256,-0.0130827928101398,0.05325,900.0
4868.573231518139,0.0099031996717823,-0.0181360829995148,0.05325,900.0
4868.663745224347,0.0073916604258621,-0.0211956786548336,0.05325,900.0
4868.764258921017,0.0073899999999999,-0.0211977881316239,0.05325,900.0
4868.865940391888,0.0073710478398126,-0.0212206300401292,0.05325,900.0
4868.966499864926,0.0068865587470255,-0.0218045558522742,0.05325,900.0
4869.067056715359,0.0057911257533678,-0.0228202239508103,0.05325,900.0
4869.168884336819,0.0045239208887587,-0.0236693874119039,0.05325,900.0
4869.269441425671,0.0031651402995876,-0.0242924214471821,0.05325,900.0
4869.370019972195,0.0017156012913106,-0.0246831212773859,0.05325,900.0
4869.470569193234,0.0002359803925711,-0.0248445743490962,0.05325,900.0
4869.571771442761,-0.0012674170409393,-0.0247530344109979,0.05325,900.0
4869.672334730496,-0.0027715193884106,-0.0244144012623273,0.05325,900.0
4869.772897779812,-0.0042005050561363,-0.023829939531709,0.05325,900.0
4869.863413393368,-0.0053505709934932,-0.023148088539899,0.05325,900.0
4869.963979303708,-0.0064717582570066,-0.022216378719311,0.05325,900.0
4870.06454139935,-0.0074922310682045,-0.0210353223610336,0.05325,900.0
4870.165106832852,-0.0082739432461312,-0.0197518245260067,0.05325,900.0
4870.265704452862,-0.0088009188426366,-0.0184228512189692,0.05325,900.0
4870.366281568875,-0.0091221305214874,-0.01697941939565,0.05325,900.0
4870.4668360351225,-0.0092172434706999,-0.0154024048516847,0.05325,900.0
4870.56739550816,-0.0090582274102171,-0.0139075733219713,0.05325,900.0
4870.66796809422,-0.008655324908556,-0.0124682132544112,0.05325,900.0
4870.768586695065,-0.0080428472835814,-0.0111269732517403,0.05325,900.0
4870.869168102612,-0.0072076743019191,-0.0098969039741512,0.05325,900.0
4870.969710409512,-0.00616312145212,-0.0087590819263358,0.05325,900.0
4871.070283949246,-0.0049779345887241,-0.0078613557663093,0.05325,900.0
4871.168483316769,-0.0037324258556154,-0.0071842654754182,0.05325,900.0
4871.270356237759,-0.0022345774274181,-0.0066507351685523,0.05325,900.0
4871.370918094983,-0.0007916278138985,-0.0064189619158822,0.05325,900.0
4871.471489727368,0.0007557255779273,-0.0064191803224857,0.05325,900.0
4871.57206350552,0.0022717236514291,-0.0066905546172748,0.05325,900.0
4871.672628223767,0.0036866195044035,-0.0071675028708861,0.05325,900.0
4871.77321368443,0.0049850781896436,-0.0078763417869751,0.05325,900.0
4871.863756239285,0.0060395605740498,-0.0086643075904308,0.05325,900.0
4871.964323580136,0.0070864794922025,-0.0097340552156147,0.05325,900.0
4872.066045582165,0.0079738219465829,-0.0110020965992661,0.05325,900.0
4872.166623651852,0.0086203438352676,-0.0123343415008029,0.05325,900.0
4872.267200767865,0.0090478230374249,-0.0137894334049374,0.05325,900.0
4872.367780268063,0.0092264506457627,-0.0153101088496952,0.05325,900.0
4872.468368112912,0.0091786363412556,-0.0167802611181471,0.05325,900.0
4872.568928539624,0.0088486435491571,-0.0182659049637768,0.05325,900.0
4872.672787964215,0.0082980850732328,-0.0196839578812876,0.05325,900.0
4872.763315737118,0.0076744989840336,-0.0207490941424936,0.05325,900.0
4872.863881647458,0.0073992901641327,-0.0211847347451289,0.05325,900.0
4872.96444874989,0.0073899999999999,-0.0211977881316239,0.05325,900.0
4873.065011560788,0.0093933471366555,-0.0205605358067073,0.05325,900.0
4873.16557866322,0.0133094013041268,-0.0193148399923292,0.05325,900.0
4873.266177236905,0.015642,-0.0185728181511315,0.05325,900.0
4873.366750299801,0.0156533825971295,-0.0185108318812347,0.05325,900.0
4873.46728950726,0.0157193658306596,-0.0181515066344817,0.05325,900.0
4873.5678637622495,0.0158816484093775,-0.01666879644972,0.05325,900.0
4873.6684163211485,0.0159024187103262,-0.0151785658302823,0.05325,900.0
4873.769000112881,0.0157880099216615,-0.0136671049473005,0.05325,900.0
4873.8695717452665,0.0155239450716047,-0.0121871962664179,0.05325,900.0
4873.970141231885,0.015183842480137,-0.0108949129887001,0.05325,900.0
4874.069847166409,0.014823582253974,-0.0098580464997875,0.05325,900.0
4874.17041450726,0.0144182848264118,-0.0089075569746215,0.05325,900.0
4874.270986616482,0.0138435668225428,-0.0078106651992683,0.05325,900.0
4874.371890842785,0.0130493646917137,-0.0065379831241599,0.05325,900.0
4874.472649633755,0.0122295260484973,-0.0054431135643687,0.05325,900.0
4874.565858185162,0.0116867798403666,-0.004825355750726,0.05325,900.0
4874.666412412991,0.0105623427872879,-0.0037212822418619,0.05325,900.0
4874.766975700726,0.0094601062308664,-0.002826917915522,0.05325,900.0
4874.8675416110655,0.008211342180454,-0.0020024435652295,0.05325,900.0
4874.96808654057,0.0068707291542752,-0.0012849858548844,0.05325,900.0
4875.0686789153715,0.0054698328836075,-0.0006931112198954,0.05325,900.0
4875.169251501431,0.0039866735686864,-0.0002392799296373,0.05325,900.0
4875.269808113446,0.0024891274445436,7.883679393348372e-05,0.05325,900.0
4875.370366155972,0.000996201465587,0.0002404764328898,0.05325,900.0
4875.470929920544,-0.00048711205776,0.0002671174664262,0.05325,900.0
4875.571506798138,-0.0019444680307637,0.0001541172188608,0.05325,900.0
4875.672075807919,-0.0034101774365532,-9.187796215093594e-05,0.05325,900.0
4875.772674381604,-0.0049071903056248,-0.0004892101934767,0.05325,900.0
4875.863193571438,-0.0061951164510023,-0.000962468699589,0.05325,900.0
4875.964986622204,-0.0075636784071489,-0.0016266588510678,0.05325,900.0
4876.065704643597,-0.0088188014999988,-0.0023871941918681,0.05325,900.0
4876.166272699704,-0.0100316639509161,-0.0032901107582542,0.05325,900.0
4876.266836225857,-0.0111635686067554,-0.0043071669437076,0.05325,900.0
4876.36741167294,-0.0121500174197793,-0.0053686235565301,0.05325,900.0
4876.467978298535,-0.0129526851575311,-0.0063993390314438,0.05325,900.0
4876.568490803113,-0.0136903225861346,-0.007543040230135,0.05325,900.0
4876.669044315686,-0.0144146992963875,-0.0089115345936222,0.05325,900.0
4876.76959091412,-0.0149989433255564,-0.010343135357961,0.05325,900.0
4876.870159923901,-0.0154416739740849,-0.0117803653905345,0.05325,900.0
4876.970718681683,-0.0157167508647795,-0.0131308819718639,0.05325,900.0
4877.071279346814,-0.0158513238006474,-0.014165975960871,0.05325,900.0
4877.171869814267,-0.0159115687104963,-0.0150974654839779,0.05325,900.0
4877.272429525723,-0.0158844641188038,-0.0164576494865194,0.05325,900.0
4877.362949907651,-0.0158048615228894,-0.0174335118258468,0.05325,900.0
4877.468031704297,-0.0156467928443631,-0.018500814105734,0.05325,900.0
4877.568607389798,-0.0153400214811691,-0.0197959706600969,0.05325,900.0
4877.669152319302,-0.0148800885469692,-0.0212244002951935,0.05325,900.0
4877.769709884991,-0.014287905497452,-0.0226047547871423,0.05325,900.0
4877.8702362178465,-0.013570371649893,-0.0239254097326649,0.05325,900.0
4877.97080641972,-0.0127307071243723,-0.02516839275385,0.05325,900.0
4878.07137399899,-0.0117710640793917,-0.0263336152451566,0.05325,900.0
4878.171950161328,-0.0107225530880002,-0.0273901709565092,0.05325,900.0
4878.272493421902,-0.0095674775346518,-0.0283494280874724,0.05325,900.0
4878.363002836575,-0.0083840175888112,-0.0291469532130022,0.05325,900.0
4878.463639557232,-0.0070534970220351,-0.0298832693070272,0.05325,900.0
4878.565810501446,-0.0056757323391122,-0.0304867782790154,0.05325,900.0
4878.666374504437,-0.0042757229166784,-0.030944287713152,0.05325,900.0
4878.766931116452,-0.0028382632063096,-0.0312771300004765,0.05325,900.0
4878.867508232464,-0.0013422177007074,-0.0314720659091733,0.05325,900.0
4878.968071520199,0.0001770411592858,-0.031529772270696,0.05325,900.0
4879.068630993237,0.0016595139282802,-0.0314507048465313,0.05325,900.0
4879.169152796139,0.0031639484399641,-0.031220869834948,0.05325,900.0
4879.269847452511,0.0046794465174571,-0.0308394925737404,0.05325,900.0
4879.370449364056,0.0060348659561348,-0.0303569277752299,0.05325,900.0
4879.471007406582,0.0074223359294949,-0.0297112619661174,0.05325,900.0
4879.571543514599,0.0087617206751877,-0.0289045993590245,0.05325,900.0
4879.672095358243,0.0099963005252707,-0.0280060954298765,0.05325,900.0
4879.772655546536,0.0110796311791099,-0.0270405586503398,0.05325,900.0
4879.863157570233,0.0118314253145856,-0.026261876246915,0.05325,900.0
4879.96374231564,0.0125884682126643,-0.0253469699675662,0.05325,900.0
4880.065328657498,0.0133285359363933,-0.0243111089148958,0.05325,900.0
4880.165896236767,0.0139699265953937,-0.0232289851323738,0.05325,900.0
4880.266450703015,0.0145673293564796,-0.0220451311801956,0.05325,900.0
4880.366978227963,0.0148798588632583,-0.0212772467225538,0.05325,900.0
4880.46769052731,0.0152140390105908,-0.0203073161688006,0.05325,900.0
4880.568258821835,0.0155749227137091,-0.0189139833979005,0.05325,900.0
4880.6688383220335,0.015636860205774,-0.0186001521422383,0.05325,900.0
4880.771672546734,0.015642,-0.0185728181511315,0.05325,900.0
4880.872274935116,0.0144614208576972,-0.0170909888134365,0.05325,900.0
4880.962793886532,0.0117934551490874,-0.0137377161665262,0.05325,900.0
4881.063327848782,0.0102897501085642,-0.0118508224824598,0.05325,900.0
4881.163851559033,0.010287,-0.0118508224824598,0.05325,900.0
4881.264375507702,0.0103589098073688,-0.0120809466932201,0.05325,900.0
4881.364913761487,0.0106038909321121,-0.012983622652731,0.05325,900.0
4881.465505659451,0.0108694855202127,-0.0144586098179747,0.05325,900.0
4881.566071331372,0.0109388074675049,-0.0159488090633064,0.05325,900.0
4881.666594326367,0.0107780555006818,-0.017525551878372,0.05325,900.0
4881.767164766659,0.0104377577918502,-0.0189157426949821,0.05325,900.0
4881.867740213742,0.0098725938049508,-0.0203417617825571,0.05325,900.0
4881.968308508267,0.0091201833677522,-0.0216498489737084,0.05325,900.0
4882.068888723721,0.0082191060741267,-0.02283510813428,0.05325,900.0
4882.1694381831785,0.0071410185968799,-0.023883834780518,0.05325,900.0
4882.265543997159,0.0059974696128594,-0.0247547146768112,0.05325,900.0
4882.366107523312,0.004696555759345,-0.0254895730657498,0.05325,900.0
4882.466672718396,0.0033001789454276,-0.0260412713502169,0.05325,900.0
4882.567200243344,0.0018351777665452,-0.0264020621096413,0.05325,900.0
4882.66771131741,0.000334180153008,-0.0265547859126721,0.05325,900.0
4882.763040125241,-0.0011520511681674,-0.0265124794075398,0.05325,900.0
4882.863610803952,-0.0026325895187011,-0.0262535122685523,0.05325,900.0
4882.964298546185,-0.0040572040925474,-0.0257887756310426,0.05325,900.0
4883.064881622662,-0.0053780211569278,-0.0251461908349648,0.05325,900.0
4883.165446817746,-0.0066096246521463,-0.0243309167475398,0.05325,900.0
4883.265998661389,-0.0077425226242453,-0.0233246348958927,0.05325,900.0
4883.366547167172,-0.0087264761657392,-0.0221895089176225,0.05325,900.0
4883.467087328305,-0.0095476461846861,-0.0209429162219131,0.05325,900.0
4883.567648708691,-0.010182323071782,-0.0195808642121132,0.05325,900.0
4883.668205797543,-0.0106303114110835,-0.0181393463635373,0.05325,900.0
4883.768763124814,-0.0108843873793637,-0.0166389902780508,0.05325,900.0
4883.869317352643,-0.0109225664463998,-0.015140058254023,0.05325,900.0
4883.969880401959,-0.0107711082817603,-0.0136808538600289,0.05325,900.0
4884.070392906537,-0.0104068849541618,-0.0122132128363992,0.05325,900.0
4884.164451420178,-0.0098579071999064,-0.0108967297234181,0.05325,900.0
4884.265032112469,-0.0091132875320513,-0.0096097544548898,0.05325,900.0
4884.365599691739,-0.0081781613756414,-0.008390956532649,0.05325,900.0
4884.466165125241,-0.0071289966252713,-0.0073465026682156,0.05325,900.0
4884.566749393811,-0.0059287489313228,-0.0064573632265922,0.05325,900.0
4884.667312681546,-0.0046083004217249,-0.0057251301306789,0.05325,900.0
4884.767881691327,-0.0031824233291918,-0.005186251481903,0.05325,900.0
4884.868400394787,-0.0016808473511911,-0.0048306454370929,0.05325,900.0
4884.968950092663,-0.0002320206076076,-0.0046990227371775,0.05325,900.0
4885.069527208676,0.0012419600287147,-0.0047630108586031,0.05325,900.0
4885.1700516341825,0.0027940602994983,-0.0050468725971466,0.05325,900.0
4885.270620405545,0.0042261276918738,-0.0055337599541645,0.05325,900.0
4885.3711946605345,0.0055081602782208,-0.0061779696270977,0.05325,900.0
4885.471728384366,0.0067896422187442,-0.007066423311437,0.05325,900.0
4885.57231694447,0.0079098222136317,-0.0080933074634197,0.05325,900.0
4885.667180359234,0.0088074747088337,-0.0091659579293516,0.05325,900.0
4885.767735779156,0.0096002965541367,-0.0104205551907748,0.05325,900.0
4885.86829596745,0.0101031787266088,-0.0114189154922708,0.05325,900.0
4885.968859732022,0.0102869999999999,-0.0118508224824598,0.05325,900.0
4886.069422304501,0.0103711908529156,-0.0119737997998078,0.05325,900.0
4886.169995844235,0.0113069415622774,-0.0133403486220171,0.05325,900.0
4886.270582496991,0.0140996167887904,-0.0174184479199065,0.05325,900.0
4886.371152937283,0.014104,-0.0174248276896694,0.05325,900.0
4886.471701443066,0.0141231017592528,-0.0172476351561811,0.05325,900.0
4886.562214434018,0.0141890508632192,-0.0162219301870259,0.05325,900.0
4886.662773668637,0.0141700873949069,-0.0147412326290856,0.05325,900.0
4886.763369858136,0.0139917875805187,-0.0132415472953649,0.05325,900.0
4886.865008652081,0.0136618646512734,-0.0117625709363564,0.05325,900.0
4886.9655762313505,0.0131707518304285,-0.0103361209046565,0.05325,900.0
4887.066356003155,0.012521219220129,-0.0089386538918624,0.05325,900.0
4887.166871368756,0.0117336725597047,-0.0076157816970868,0.05325,900.0
4887.267382681241,0.0108189423887865,-0.0064180076453244,0.05325,900.0
4887.367932140698,0.009820322686886,-0.005350097958955,0.05325,900.0
4887.46759992825,0.0086915437072762,-0.004377068682778,0.05325,900.0
4887.56815725552,0.0074286839057522,-0.0035129458938505,0.05325,900.0
4887.6686847804685,0.0061090066826087,-0.0028046057463387,0.05325,900.0
4887.769254505505,0.0047200755519591,-0.0022324948152427,0.05325,900.0
4887.869837105145,0.0033084234020446,-0.0018011581750445,0.05325,900.0
4887.970433056225,0.0018233077543594,-0.0015389999321429,0.05325,900.0
4888.070959150662,0.0002936632014266,-0.0014343694892404,0.05325,900.0
4888.171542227139,-0.0012058261957192,-0.0014816507710882,0.05325,900.0
4888.272095978131,-0.0026712212135519,-0.0016794983017472,0.05325,900.0
4888.3626242278715,-0.0040019427318405,-0.0019976736519072,0.05325,900.0
4888.46320873486,-0.0054507214168696,-0.002502426339841,0.05325,900.0
4888.5637887118955,-0.0067864544431273,-0.0031338452506876,0.05325,900.0
4888.6643519996305,-0.0081139616646574,-0.003961698698474,0.05325,900.0
4888.764872848858,-0.0092634876753598,-0.0048536114596645,0.05325,900.0
4888.865445911755,-0.0103545807906677,-0.005911300991531,0.05325,900.0
4888.969765961041,-0.0113572151267744,-0.0070980192556781,0.05325,900.0
4889.0703335403105,-0.0121808731424202,-0.0083364935031063,0.05325,900.0
4889.170911609997,-0.0128907661738596,-0.0096883837042848,0.05325,900.0
4889.27146011578,-0.0134003353205503,-0.0109162203291769,0.05325,900.0
4889.3720358012815,-0.01374546042599,-0.0120679196205869,0.05325,900.0
4889.462518274655,-0.014009612813264,-0.0132670694787627,0.05325,900.0
4889.563074648251,-0.0141786835397033,-0.0147623659537408,0.05325,900.0
4889.663649856915,-0.0142024458141916,-0.0162035150708996,0.05325,900.0
4889.7642627357145,-0.0140485853044076,-0.0177718274784412,0.05325,900.0
4889.864827930798,-0.0137390810259571,-0.0192374431874843,0.05325,900.0
4889.965402662625,-0.0134704333662628,-0.0201703877385671,0.05325,900.0
4890.06597262608,-0.0129646109701015,-0.0214295702173105,0.05325,900.0
4890.166507065167,-0.0122788120794207,-0.0227542041135121,0.05325,900.0
4890.267078220715,-0.0114494837859491,-0.0240221884128943,0.05325,900.0
4890.367642938962,-0.0105133960527223,-0.0251729671942455,0.05325,900.0
4890.4682226775785,-0.0094412765078062,-0.0262315274399218,0.05325,900.0
4890.568772852292,-0.0082231008209341,-0.0272063647573166,0.05325,900.0
4890.6695361732145,-0.0069522565250468,-0.0280134392245292,0.05325,900.0
4890.770114242901,-0.0056079868148201,-0.0286847661588461,0.05325,900.0
4890.868945658078,-0.0042216506207058,-0.0292081008198337,0.05325,900.0
4890.96951943623,-0.0027640945414331,-0.0295755704360252,0.05325,900.0
4891.071293890347,-0.0012508598248697,-0.0297863878312581,0.05325,900.0
4891.1718614696165,0.0002307847372852,-0.0298372199365347,0.05325,900.0
4891.262376367917,0.001579571307641,-0.0297397899052472,0.05325,900.0
4891.362943947186,0.0030454992015416,-0.0295002052861426,0.05325,900.0
4891.463506281247,0.0044787981089994,-0.0291009757251262,0.05325,900.0
4891.565201103558,0.0058852060270881,-0.0285517535186157,0.05325,900.0
4891.665726959576,0.007227855685998,-0.0278469526006354,0.05325,900.0
4891.766278326382,0.0085193786392766,-0.0269973604468042,0.05325,900.0
4891.866836845746,0.0096668124328288,-0.0260392581627361,0.05325,900.0
4891.967404663434,0.0107305319208177,-0.0249523417556481,0.05325,900.0
4892.067965566983,0.0116213060690142,-0.0238151193635473,0.05325,900.0
4892.168517649045,0.0124349508615894,-0.0225163444568454,0.05325,900.0
4892.269078791012,0.0131112574800312,-0.0211028528454906,0.05325,900.0
4892.363563835492,0.0135709275181599,-0.0198171756594043,0.05325,900.0
4892.46413332211,0.0139394589324837,-0.0183326385615514,0.05325,900.0
4892.564693510403,0.0140831164844258,-0.0175860147192843,0.05325,900.0
4892.665254413952,0.014104,-0.0174248276896694,0.05325,900.0
4892.765759050717,0.0135145499858113,-0.0182828919067731,0.05325,900.0
4892.866334974637,0.0118580282878015,-0.0206943414277071,0.05325,900.0
4892.966869175305,0.010104,-0.0232477816632418,0.05325,900.0
4893.067447244992,0.0100631569233878,-0.0232971595113408,0.05325,900.0
4893.168002664914,0.0094022249272121,-0.0240869217569966,0.05325,900.0
4893.2685683368345,0.0083311298288619,-0.0251404000605312,0.05325,900.0
4893.369158089032,0.0070903653643685,-0.0260971351276107,0.05325,900.0
4893.469741642346,0.0057678276153625,-0.0268738348905515,0.05325,900.0
4893.570228636136,0.0043764706800054,-0.0274750824074415,0.05325,900.0
4893.670811235776,0.0029618970873013,-0.0279036129751751,0.05325,900.0
4893.771390259137,0.0014946237385409,-0.0281603585438441,0.05325,900.0
4893.86190634953,0.0001290971211487,-0.0282510604409929,0.05325,900.0
4893.962482750287,-0.0013890696000286,-0.028180799711978,0.05325,900.0
4894.063075125088,-0.0028559003876107,-0.0279385531318376,0.05325,900.0
4894.163654386868,-0.004280013142414,-0.0275228986230272,0.05325,900.0
4894.270115434994,-0.0057078151689057,-0.0269071082858717,0.05325,900.0
4894.370692312588,-0.0070257534495681,-0.0261456995264003,0.05325,900.0
4894.471271097531,-0.0082012999463855,-0.0252464342416982,0.05325,900.0
4894.5617976783415,-0.0092125510019054,-0.0242567647771998,0.05325,900.0
4894.662371933331,-0.0101818930257922,-0.0230951259935301,0.05325,900.0
4894.762953579297,-0.0110047424864482,-0.0218136757987294,0.05325,900.0
4894.863531410565,-0.0116708169656297,-0.0204506011432455,0.05325,900.0
4894.9641368983885,-0.0121650385269685,-0.0190435276934856,0.05325,900.0
4895.064698517193,-0.0124756612965176,-0.0175797643629093,0.05325,900.0
4895.165258943905,-0.0126264095785684,-0.0160709118622557,0.05325,900.0
4895.265829861035,-0.0125925689594655,-0.0145737716072158,0.05325,900.0
4895.366397440304,-0.0123831655778767,-0.0130914230739522,0.05325,900.0
4895.466953575482,-0.0120024413309636,-0.0116226609865869,0.05325,900.0
4895.567530453076,-0.0114397777440547,-0.0102293135413117,0.05325,900.0
4895.668183147778,-0.0107294623777985,-0.0089369063464627,0.05325,900.0
4895.768992960324,-0.0098505087872781,-0.0077212923047803,0.05325,900.0
4895.869570791592,-0.0088055961867267,-0.0065827920490763,0.05325,900.0
4895.970145046582,-0.0076620099375509,-0.0055995250274309,0.05325,900.0
4896.070708572735,-0.0064292640179791,-0.0047621640555226,0.05325,900.0
4896.171280443539,-0.0050809531797969,-0.004073810620525,0.05325,900.0
4896.261784613003,-0.0038056682192261,-0.00358916568665,0.05325,900.0
4896.36234766232,-0.0023618035628463,-0.003217232313292,0.05325,900.0
4896.4629252551695,-0.0008786451161625,-0.0030227827326974,0.05325,900.0
4896.563500702252,0.0005887895393522,-0.003003825172527,0.05325,900.0
4896.66410213696,0.0021166388128397,-0.0031611594606456,0.05325,900.0
4896.764663994183,0.003612969608363,-0.0035176705535738,0.05325,900.0
4896.865218222012,0.0049922132584149,-0.0040244891788809,0.05325,900.0
4896.9658203719755,0.0063337424330962,-0.0046970247512596,0.05325,900.0
4897.066404640545,0.0076098900925302,-0.0055461493094355,0.05325,900.0
4897.171288311352,0.0087927782431168,-0.006565039467364,0.05325,900.0
4897.261801779141,0.0097145780728935,-0.00756680167889,0.05325,900.0
4897.362385809292,0.0106142189792152,-0.0087859434648236,0.05325,900.0
4897.462934553494,0.0113387274594925,-0.0100632096688359,0.05325,900.0
4897.563510238995,0.011930710274968,-0.0114418305498706,0.05325,900.0
4897.664109766354,0.0123450225314183,-0.0128704876768088,0.05325,900.0
4897.764677584042,0.0125921557676951,-0.0144248292013023,0.05325,900.0
4897.865249216427,0.0126497238423466,-0.0158546073766089,0.05325,900.0
4897.96582466351,0.0125039128128346,-0.0174302512821513,0.05325,900.0
4898.066392242779,0.0122077755828298,-0.0188771074811039,0.05325,900.0
4898.166958868374,0.0117506986103788,-0.0202614116249444,0.05325,900.0
4898.267530739178,0.0111068258311845,-0.0216322552701113,0.05325,900.0
4898.368123829236,0.0104390454440331,-0.0227487743143606,0.05325,900.0
4898.4687002299925,0.0101041613596353,-0.0232475600356702,0.05325,900.0
4898.569553196301,0.010104,-0.0232477816632418,0.05325,900.0
4898.6701315044065,0.010104,-0.023247091366182,0.05325,0.0
4898.770712435116,0.010104,-0.0232451217408746,0.05325,0.0
4898.871445238461,0.010104,-0.0232435817355405,0.05325,0.0
4898.9625876544615,0.010104,-0.0232428395071523,0.05325,0.0
4899.063178360333,0.0101039999999999,-0.0232430249146437,0.05325,0.0
4899.1637664436,0.010104,-0.023241245549471,0.05325,0.0
4899.2727187274595,0.010104,-0.0232398212609593,0.05325,0.0
4899.363232433667,0.010104,-0.0232393126469712,0.05325,0.0
4899.463807403912,0.010104,-0.0232383601723881,0.05325,0.0
4899.56433492886,0.010104,-0.0232371079609823,0.05325,0.0
4899.664903938641,0.010104,-0.0232361096291567,0.05325,0.0
4899.765475094189,0.010104,-0.0232352556876547,0.05325,0.0
4899.866047918667,0.010104,-0.0232339922319878,0.05325,0.0
4899.966626465191,0.010104,-0.0232330780396443,0.05325,0.0
4900.067200720181,0.010104,-0.023232250981482,0.05325,0.0
4900.182006656994,0.0101039999999999,-0.0232307730610355,0.05325,0.0
4900.262482464184,0.010104,-0.0232302961185372,0.05325,0.0
4900.3630161880155,0.010104,-0.0232289701675651,0.05325,0.0
4900.463584244122,0.010104,-0.0232279183592513,0.05325,0.0
4900.564122259488,0.010104,-0.0232260356977656,0.05325,0.0
4900.664689123501,0.010104,-0.0232245816429129,0.05325,0.0
4900.7652512191435,0.010104,-0.0232240203023056,0.05325,0.0
4900.865823805203,0.010104,-0.0232233699298936,0.05325,0.0
4900.966400921216,0.010104,-0.0232221443118423,0.05325,0.0
4901.066976368298,0.010104,-0.023220988472403,0.05325,0.0
4901.167551815381,0.010104,-0.023219698819006,0.05325,0.0
4901.268118440976,0.0101039999999999,-0.023217666262731,0.05325,0.0
4901.368686497082,0.0101039999999999,-0.0232164694721153,0.05325,0.0
4901.469266235699,0.0101039999999999,-0.0232163214119477,0.05325,0.0
4901.575039684643,0.0101039999999999,-0.0232152323979894,0.05325,0.0
4901.665558159222,0.010104,-0.02321345745515,0.05325,0.0
4901.766126215329,0.010104,-0.0232121497245889,0.05325,0.0
4901.8666856883665,0.010104,-0.0232118017673407,0.05325,0.0
4901.967259466519,0.010104,-0.0232121212616348,0.05325,0.0
