5026.105699877078,0.0123429999999999,0.0021188531409581,0.05467,0.0
5026.20626364165,0.012343,0.0021179055748764,0.05467,0.0
5026.306828359897,0.0123429999999999,0.002116403961104,0.05467,0.0
5026.407342056567,0.0123429999999999,0.0021148908182851,0.05467,0.0
5026.507902006442,0.012343,0.0021133878065228,0.05467,0.0
5026.608439306552,0.0123429999999999,0.0021117345284214,0.05467,0.0
5026.709029297168,0.012343,0.0021101365018429,0.05467,0.0
5026.80959139281,0.0123429999999999,0.0021085960901935,0.05467,0.0
5026.900104860599,0.0123429999999999,0.0021071527181245,0.05467,0.0
5027.000687698657,0.012343,0.0021056442924724,0.05467,0.0
5027.101329664523,0.0123429999999999,0.0021039443785923,0.05467,0.0
5027.201896290118,0.012343,0.0021023126369129,0.05467,0.0
5027.302453617389,0.0123429999999999,0.0021009110250615,0.05467,0.0
5027.402977566058,0.012343,0.0020993309326619,0.05467,0.0
5027.503555874164,0.012343,0.0020975476289296,0.05467,0.0
5027.604107479388,0.0123429999999999,0.0020960133349732,0.05467,0.0
5027.704631428058,0.012343,0.0020946036147341,0.05467,0.0
5027.805218796069,0.0123429999999999,0.002093018975592,0.05467,0.0
5027.906847576434,0.0123429999999999,0.0020914723020014,0.05467,0.0
5028.007609943683,0.0123429999999999,0.0020897954016305,0.05467,0.0
5028.108183960254,0.0123429999999999,0.0020884889848895,0.05467,0.0
5028.208746294315,0.0123429999999999,0.0020867267420695,0.05467,0.0
5028.309320310886,0.0123429999999999,0.0020851916634193,0.05467,0.0
5028.39982948714,0.0123429999999999,0.0020841745114918,0.05467,0.0
5028.500425199802,0.0123429999999999,0.0020836133892933,0.05467,0.0
5028.601001123721,0.0123433261887799,0.0020785128457409,0.05467,0.0
5028.701585153873,0.012351132817403,0.0019572057790634,0.05467,0.0
5028.80221519881,0.0123837906963454,0.0014501042053108,0.05467,0.0
5028.902773956592,0.0124210757265748,0.0008714467689362,0.05467,0.0
5029.003345827396,0.0124554503329574,0.0003384299282175,0.05467,0.0
5029.103947262103,0.012489591022856,-0.0001912367066234,0.05467,0.0
5029.204520801837,0.0125263270600107,-0.0007611515702602,0.05467,0.0
5029.305105785663,0.0125624573329953,-0.0013214514640167,0.05467,0.0
5029.405678371722,0.0125979725072864,-0.001872372572575,0.05467,0.0
5029.506258348758,0.0126326827017602,-0.0024106813424886,0.05467,0.0
5029.606811622913,0.0126662520711019,-0.0029308858861952,0.05467,0.0
5029.707459072406,0.0126840961161172,-0.0032070597249197,0.05467,0.0
5029.807995895679,0.012685,-0.0032207737257671,0.05467,0.0
5029.909278492267,0.0126700770186545,-0.0032054864925168,0.05467,0.0
5029.999993662173,0.012522605960891,-0.003064557342312,0.05467,900.0
5030.100558857257,0.0114703717777419,-0.0020876128166196,0.05467,900.0
5030.201319317157,0.0103181867818708,-0.0011929452217317,0.05467,900.0
5030.301876406009,0.0090531381473434,-0.0003803558313032,0.05467,900.0
5030.402453045184,0.0076698626101534,0.0003589141644399,0.05467,900.0
5030.503059009845,0.0063283238404293,0.0009370674586765,0.05467,900.0
5030.603631834323,0.0048690339564244,0.0014169124233905,0.05467,900.0
5030.704191545779,0.0033908769352624,0.0017690749534036,0.05467,900.0
5030.804758648212,0.001900079713585,0.0019956992141026,0.05467,900.0
5030.905278066928,0.0003845165721096,0.0020985951911398,0.05467,900.0
5031.005847791965,-0.0011210990624166,0.002063463661018,0.05467,900.0
5031.1063562434265,-0.0026308311676915,0.0019101482565758,0.05467,900.0
5031.206910232837,-0.0040646594690501,0.0016404387412287,0.05467,900.0
5031.307435612018,-0.0055447130062867,0.0012294797264194,0.05467,900.0
5031.408683161075,-0.0069539419890535,0.000695328064161,0.05467,900.0
5031.509582142169,-0.0083211000097264,3.5364875800848045e-05,0.05467,900.0
5031.600109199817,-0.0094805889226718,-0.0006399107432568,0.05467,900.0
5031.700664858157,-0.0107058715744689,-0.0014971639807641,0.05467,900.0
5031.801811556155,-0.0118551261170548,-0.002448657905739,0.05467,900.0
5031.902376274402,-0.0129176496288388,-0.0034933149801823,0.05467,900.0
5032.002954582507,-0.0139247511994621,-0.0046592904573223,0.05467,900.0
5032.103522400195,-0.0148278966250816,-0.0059118386709016,0.05467,900.0
5032.204098800952,-0.015586739604399,-0.0071788185702528,0.05467,900.0
5032.304671387012,-0.0162440335249793,-0.0085216446264824,0.05467,900.0
5032.4052189391205,-0.0168049986057816,-0.009943535597249,0.05467,900.0
5032.505807260806,-0.0172262922143224,-0.0113775319920626,0.05467,900.0
5032.606337646777,-0.0175183545878566,-0.012851326969288,0.05467,900.0
5032.706872324283,-0.0176914270600948,-0.0144124619773114,0.05467,900.0
5032.807458500201,-0.0177337250039434,-0.0158608670864675,0.05467,900.0
5032.907992462451,-0.0176427295962818,-0.0173679212104326,0.05467,900.0
5033.008570532138,-0.0174300317749335,-0.0188368020408554,0.05467,900.0
5033.109131912524,-0.0171007232042692,-0.0202904038771246,0.05467,900.0
5033.199641565616,-0.0166901670363056,-0.0216017580006483,0.05467,900.0
5033.3002038996765,-0.0161231120271618,-0.0230085555883861,0.05467,900.0
5033.400779823596,-0.0154472806846599,-0.0243336398214829,0.05467,900.0
5033.501363615329,-0.0146198636833486,-0.0256703203467111,0.05467,900.0
5033.602440218265,-0.0137078515039324,-0.0269002631318594,0.05467,900.0
5033.704484085376,-0.0127204008500029,-0.02799967874685,0.05467,900.0
5033.805051664645,-0.0116358390138024,-0.0290173327246258,0.05467,900.0
5033.905619482333,-0.0104690538150804,-0.0299420994162406,0.05467,900.0
5034.0061741869995,-0.0091917903781211,-0.0307928418821388,0.05467,900.0
5034.106738666827,-0.0078863130069467,-0.0315103457683223,0.05467,900.0
5034.207313398654,-0.0064737202881879,-0.0321277464087371,0.05467,900.0
5034.307874302203,-0.0050119393175011,-0.0326349824699204,0.05467,900.0
5034.40839372092,-0.0035823163311642,-0.0329939765656019,0.05467,900.0
5034.508935789401,-0.0021608287534798,-0.0332281521778826,0.05467,900.0
5034.609510282809,-0.0006685670309781,-0.0333514367652234,0.05467,900.0
5034.699991325671,0.000800649993137,-0.0333570653813233,0.05467,900.0
5034.800553182895,0.0022602486547296,-0.0332300894753775,0.05467,900.0
5034.901326994235,0.0037461390813968,-0.0329714505655246,0.05467,900.0
5035.001896242435,0.0051875842470525,-0.0325866824536332,0.05467,900.0
5035.102465729053,0.0065802304073172,-0.0320971908663865,0.05467,900.0
5035.20301852637,0.0079684368786947,-0.0314671137571584,0.05467,900.0
5035.303610185916,0.0093073891682961,-0.0307145576107994,0.05467,900.0
5035.404169897372,0.0105622979734504,-0.0298627309273814,0.05467,900.0
5035.504788736636,0.0117133040822636,-0.0289395867702724,0.05467,900.0
5035.605330805118,0.0127722641920112,-0.0279271291938763,0.05467,900.0
5035.705923656757,0.0137691568086298,-0.0268009096596704,0.05467,900.0
5035.805831293399,0.0146659602706084,-0.0255896946459721,0.05467,900.0
5035.906377653415,0.015520704594611,-0.0242238396067972,0.05467,900.0
5036.006937841708,0.016187778414199,-0.0228901031449424,0.05467,900.0
5036.107495884235,0.0167390261472954,-0.0214967545332192,0.05467,900.0
5036.208072761829,0.017165981343525,-0.0200815431093974,0.05467,900.0
5036.308607677753,0.0174811598190808,-0.0186144943701639,0.05467,900.0
5036.409128050143,0.0176682701825272,-0.0170817550146589,0.05467,900.0
5036.499646763141,0.0177232766075051,-0.0157478947641739,0.05467,900.0
5036.600213865573,0.0176681303786142,-0.0142625768604945,0.05467,900.0
5036.700807194049,0.0174891115253424,-0.012742658747228,0.05467,900.0
5036.802634100253,0.0171766244878954,-0.011235637243234,0.05467,900.0
5036.903200725848,0.01674682982089,-0.0098051644266377,0.05467,900.0
5037.003760198886,0.016195046095921,-0.0084079065322732,0.05467,900.0
5037.104325155551,0.0155474118547982,-0.0070775191916079,0.05467,900.0
5037.204898933704,0.01476497260015,-0.0057826041185653,0.05467,900.0
5037.308351854617,0.0138285620673833,-0.0045182559097621,0.05467,900.0
5037.408885816867,0.0129236424579954,-0.0034860800920245,0.05467,900.0
5037.509453157718,0.0126971167376696,-0.0032336056376701,0.05467,900.0
5037.599962333972,0.012685,-0.0032207737257671,0.05467,900.0
5037.7005268138,0.0119901512831333,-0.0052704558155115,0.05467,900.0
5037.801247934634,0.010367950055089,-0.0100557563363698,0.05467,900.0
5037.901823858554,0.0090063412596298,-0.0140723882893372,0.05467,900.0
5038.002385954196,0.008995,-0.0141058318077898,0.05467,900.0
5038.1029609244415,0.008999989631488,-0.0141353278209051,0.05467,900.0
5038.203536848361,0.0090426128368423,-0.0145406571711893,0.05467,900.0
5038.304104904468,0.0091112784095239,-0.0160065643196523,0.05467,900.0
5038.404673198993,0.0089153098709725,-0.0175505121829995,0.05467,900.0
5038.506752113635,0.0084798890483908,-0.0189689102990695,0.05467,900.0
5038.607309679324,0.0077694269753023,-0.0203648011914332,0.05467,900.0
5038.70808420592,0.006930418823114,-0.0215364886018348,0.05467,900.0
5038.799675087268,0.0059596260799422,-0.0224901052825201,0.05467,900.0
5038.900194982822,0.0047576995931437,-0.0233967544041156,0.05467,900.0
5039.0007639926025,0.0034425038240465,-0.0240865039824642,0.05467,900.0
5039.101363043124,0.001983251450769,-0.0245250637890132,0.05467,900.0
5039.201902489001,0.0004489811332889,-0.0247232339739582,0.05467,900.0
5039.302467922504,-0.0010300739078583,-0.0246741281674936,0.05467,900.0
5039.403028587634,-0.0025719308676178,-0.0243716772157235,0.05467,900.0
5039.503601412112,-0.0039649297944781,-0.0238454763909088,0.05467,900.0
5039.604179481799,-0.0051981498423018,-0.0231162651012554,0.05467,900.0
5039.704740623767,-0.0063984748584729,-0.0221056504894037,0.05467,900.0
5039.80531607085,-0.0073815784269126,-0.0209452947810675,0.05467,900.0
5039.90585837775,-0.0081485023366069,-0.0196577515372648,0.05467,900.0
5040.006389717395,-0.0086981744403954,-0.0182656195813385,0.05467,900.0
5040.106967787082,-0.0090188894726901,-0.0168073499459291,0.05467,900.0
5040.208317379291,-0.0090835564654194,-0.0152991123186202,0.05467,900.0
5040.308888058002,-0.008914008264832,-0.0138098491862048,0.05467,900.0
5040.40946088248,-0.0085019584407341,-0.0123903146824667,0.05467,900.0
5040.499976496036,-0.0079501627865486,-0.0111750661356489,0.05467,900.0
5040.601248602206,-0.0071180189559894,-0.0099195630299111,0.05467,900.0
5040.701819042499,-0.0060785325346978,-0.0088390279348929,0.05467,900.0
5040.802335600192,-0.0049059700267047,-0.0079478677842307,0.05467,900.0
5040.902865270908,-0.003512478450693,-0.0072403744790951,0.05467,900.0
5041.003436664874,-0.0020808419447515,-0.0067713039437105,0.05467,900.0
5041.103993753726,-0.0006631584085018,-0.0065580217075354,0.05467,900.0
5041.204528908069,0.0008564030567913,-0.0065885486965137,0.05467,900.0
5041.305054764087,0.0023838472468265,-0.0068545770481003,0.05467,900.0
5041.405620912845,0.0037755386292526,-0.0073572525503142,0.05467,900.0
5041.506161550815,0.0050693556739714,-0.0080841071836396,0.05467,900.0
5041.606724123294,0.0062693199141974,-0.0090357637862868,0.05467,900.0
5041.707294802005,0.0072812793235985,-0.0101633189472197,0.05467,900.0
5041.807859997089,0.0080785924517414,-0.0113884337948091,0.05467,900.0
5041.908431629474,0.0086684968113924,-0.0127861283245852,0.05467,900.0
5042.008944849307,0.0089685598070343,-0.0139984538811954,0.05467,900.0
5042.1036633055755,0.0089948036002568,-0.0141049024747761,0.05467,900.0
5042.20421657973,0.008995,-0.0141058318077898,0.05467,900.0
5042.304814914996,0.0107880213700402,-0.0111288680258734,0.05467,900.0
5042.405549864108,0.0128108272826871,-0.0077703475742916,0.05467,900.0
5042.506290773685,0.0133989999999999,-0.0067937593706801,0.05467,900.0
5042.606850246722,0.0132254864250746,-0.0065495625612682,0.05467,900.0
5042.707415680225,0.0126072834633224,-0.0057210010135638,0.05467,900.0
5042.807967523868,0.011626163033865,-0.0045892272789004,0.05467,900.0
5042.908528188998,0.0105676892008151,-0.0035575025553036,0.05467,900.0
5042.99903617316,0.0095035714456316,-0.0027044109596625,0.05467,900.0
5043.099610428149,0.0082164943929169,-0.0018629895469175,0.05467,900.0
5043.2018588584015,0.0068864275946724,-0.0011555477709515,0.05467,900.0
5043.302428821857,0.0055005232034964,-0.000578396461591,0.05467,900.0
5043.402984480197,0.0040184538248952,-0.0001172904444312,0.05467,900.0
5043.503533224399,0.0025141276607081,0.0002003360976324,0.05467,900.0
5043.604117969806,0.0010279424976936,0.0003622470712009,0.05467,900.0
5043.704682926471,-0.0004555452844451,0.000393490290112,0.05467,900.0
5043.8052600424835,-0.0019419833572088,0.0002824288150585,0.05467,900.0
5043.9036577742645,-0.0034261182662691,3.364548205818385e-05,0.05467,900.0
5044.004234175021,-0.0049168095397789,-0.000359719544733,0.05467,900.0
5044.104824165637,-0.0063094886381746,-0.0008799472425198,0.05467,900.0
5044.205387214954,-0.0076609373670317,-0.0015354871781801,0.05467,900.0
5044.305929760272,-0.0089233249888386,-0.0023156095277362,0.05467,900.0
5044.40649757796,-0.0101543185511344,-0.0032269603799775,0.05467,900.0
5044.507052044208,-0.0112759901100066,-0.0042350142504737,0.05467,900.0
5044.607637504871,-0.0122575163175575,-0.0053026786890625,0.05467,900.0
5044.708199362094,-0.0131500971877655,-0.0064757713105066,0.05467,900.0
5044.808780292804,-0.0139661558330928,-0.0077769198107295,0.05467,900.0
5044.899280170734,-0.0146014783246719,-0.0090272456803299,0.05467,900.0
5044.999863247211,-0.0151751021287667,-0.0104371198184152,0.05467,900.0
5045.100457052524,-0.0155792685976298,-0.0118094208973176,0.05467,900.0
5045.201770643527,-0.0158736338235695,-0.0133334278234162,0.05467,900.0
5045.302333216006,-0.0160198216764943,-0.0148294215570997,0.05467,900.0
5045.405882934863,-0.0160110244962469,-0.0164019273865263,0.05467,900.0
5045.506414274509,-0.0158707404849311,-0.0178799186407506,0.05467,900.0
5045.607001165683,-0.0155850237324867,-0.0193648173454858,0.05467,900.0
5045.707601169879,-0.015151084750108,-0.0208418548024265,0.05467,900.0
5045.808169464404,-0.0146028277050452,-0.0222310421577581,0.05467,900.0
5045.9087527793,-0.0139101385443704,-0.0235798784504624,0.05467,900.0
5045.999273876483,-0.0131799196472689,-0.0247422938018076,0.05467,900.0
5046.100079635913,-0.0122929126710719,-0.025921488655558,0.05467,900.0
5046.2022145789215,-0.0112523352944374,-0.0270488669709429,0.05467,900.0
5046.303075651462,-0.0101470178740514,-0.0280501096391042,0.05467,900.0
5046.403634170825,-0.0089770761076502,-0.0289290781526837,0.05467,900.0
5046.5054825347015,-0.0076079346653668,-0.0297438587754409,0.05467,900.0
5046.606043915088,-0.0062897731418809,-0.030378760303799,0.05467,900.0
5046.706628183658,-0.0048766565576838,-0.0309028314250267,0.05467,900.0
5046.807184318835,-0.0034298221608543,-0.0312848455963626,0.05467,900.0
5046.907300571735,-0.0019070094899432,-0.0315421431052425,0.05467,900.0
5047.00818262511,-0.0004207663287754,-0.0316503194604861,0.05467,900.0
5047.108759502704,0.0010462951693397,-0.0316178075588297,0.05467,900.0
5047.199276069934,0.0024055319906846,-0.0314767469667175,0.05467,900.0
5047.299843172366,0.0039015396115562,-0.0311791452812372,0.05467,900.0
5047.401872734363,0.005393379801845,-0.0307351194376924,0.05467,900.0
5047.502453903491,0.0068220527845654,-0.0301488451001356,0.05467,900.0
5047.602982143695,0.0081068758677342,-0.0294703278957831,0.05467,900.0
5047.70354876929,0.0093792400900361,-0.028635949229307,0.05467,900.0
5047.804120640094,0.0105331306100621,-0.0277139407199473,0.05467,900.0
5047.904704670245,0.0116335743870543,-0.0266556238337773,0.05467,900.0
5048.005269865329,0.0126085032148411,-0.0255255342373816,0.05467,900.0
5048.105823616321,0.0134627359171172,-0.0243155058376596,0.05467,900.0
5048.20638285094,0.0140831894229656,-0.0232937005709748,0.05467,900.0
5048.3069525759765,0.0145919359500443,-0.0222541762135748,0.05467,900.0
5048.407528738315,0.0151419978811337,-0.0208778972803701,0.05467,900.0
5048.50810537749,0.0155670241454239,-0.0194372846597954,0.05467,900.0
5048.608260731036,0.0158622310170654,-0.0179706594070501,0.05467,900.0
5048.708826402957,0.0160175954251343,-0.0164756063527594,0.05467,900.0
5048.799334863956,0.0160243760923691,-0.0151203757295998,0.05467,900.0
5048.899896482761,0.0159067221525649,-0.0136140723349881,0.05467,900.0
5049.000471214587,0.0156234586107595,-0.0120598030675889,0.05467,900.0
5049.101026634509,0.0152115492269863,-0.0105882786081489,0.05467,900.0
5049.201587776477,0.0146815372062275,-0.0092033228743743,0.05467,900.0
5049.3021541636535,0.0140235419779321,-0.0078821607487839,0.05467,900.0
5049.4027157824585,0.0135234748580917,-0.0069947371743849,0.05467,900.0
5049.503295997913,0.0133989999999999,-0.0067937593706801,0.05467,900.0
5049.603860954578,0.0131943570927658,-0.0073194989132068,0.05467,900.0
5049.704436163242,0.0121895850452524,-0.0099009143184118,0.05467,900.0
5049.805001119907,0.010669,-0.0138078320485141,0.05467,900.0
5049.906517605121,0.0107581774043192,-0.0144003362917421,0.05467,900.0
5050.007113556201,0.0108011504505404,-0.015833870504218,0.05467,900.0
5050.107683758075,0.0106580222142416,-0.0173542711449369,0.05467,900.0
5050.198201040561,0.010364028063701,-0.0186494636354907,0.05467,900.0
5050.298777918155,0.0098579746018712,-0.0200448316953485,0.05467,900.0
5050.399359087283,0.0091285717538856,-0.0213913812651415,0.05467,900.0
5050.49992380553,0.0082339234787215,-0.0226148262103928,0.05467,900.0
5050.600444416339,0.0072159339115521,-0.0236744622431533,0.05467,900.0
5050.701010803516,0.0060648570847275,-0.0245806124365235,0.05467,900.0
5050.8015707533905,0.0047271177175381,-0.0253705496723941,0.05467,900.0
5050.902135948474,0.0033949545217606,-0.0259061889850051,0.05467,900.0
5051.00272260123,0.0019374045286328,-0.0262610060539512,0.05467,900.0
5051.103278497989,0.0003778969136271,-0.0264267208389964,0.05467,900.0
5051.203856329257,-0.0010939135368099,-0.0263811792660412,0.05467,900.0
5051.3044267695495,-0.0025634434387556,-0.0261202229566674,0.05467,900.0
5051.402377466495,-0.0039917637302077,-0.0256582490363723,0.05467,900.0
5051.502906660373,-0.0053742603445642,-0.0249888330872798,0.05467,900.0
5051.603483537967,-0.0066064275843444,-0.0241720134011862,0.05467,900.0
5051.704053978259,-0.0076916331051128,-0.0232117901279419,0.05467,900.0
5051.8046210806915,-0.0086829279538131,-0.0220702172456496,0.05467,900.0
5051.899967531497,-0.009488907348605,-0.0208172192606595,0.05467,900.0
5052.00073919707,-0.0101108354930373,-0.019481877046358,0.05467,900.0
5052.10130677634,-0.0105552100653018,-0.0180171271095596,0.05467,900.0
5052.201825956638,-0.010776165678258,-0.0165600432721668,0.05467,900.0
5052.302399257953,-0.0107933975440034,-0.0150762830946973,0.05467,900.0
5052.4029615920135,-0.0105986265698505,-0.0135632811658018,0.05467,900.0
5052.503515104587,-0.0102091372625687,-0.012112270726873,0.05467,900.0
5052.604096273715,-0.0096237109553637,-0.0107388501036343,0.05467,900.0
5052.704659799869,-0.0088555933506561,-0.0094528848395973,0.05467,900.0
5052.805238107974,-0.007915489375668,-0.0082864186511592,0.05467,900.0
5052.905797104175,-0.0068252282984923,-0.0072567256757476,0.05467,900.0
5053.006360630328,-0.0055990821453615,-0.006388183026119,0.05467,900.0
5053.10692272597,-0.0042656862762281,-0.005684773848985,0.05467,900.0
5053.207481006915,-0.0028620744277819,-0.005193706305572,0.05467,900.0
5053.301018099124,-0.0014930447761425,-0.004917428121404,0.05467,900.0
5053.401580194766,7.493804948573157e-05,-0.0048238629584244,0.05467,900.0
5053.502298692996,0.0015882916050169,-0.0049472162723699,0.05467,900.0
5053.60286055022,0.0030429717939055,-0.0052590267372198,0.05467,900.0
5053.703399280841,0.0044150897449439,-0.0057756361306729,0.05467,900.0
5053.803957800204,0.0057598719753703,-0.0065030250102362,0.05467,900.0
5053.904518942172,0.006982763679019,-0.0073939203833629,0.05467,900.0
5054.00507007056,0.008017789003159,-0.0083968576280662,0.05467,900.0
5054.10565600806,0.0089482976306986,-0.0095671473303413,0.05467,900.0
5054.206233124072,0.0097094828078375,-0.010886577346041,0.05467,900.0
5054.306814531619,0.0103088771493251,-0.0123572396938392,0.05467,900.0
5054.407363752658,0.010646629043176,-0.0136892722626376,0.05467,900.0
5054.5079268019745,0.0106679327729104,-0.0138021760447851,0.05467,900.0
5054.598392586047,0.010669,-0.0138078320485141,0.05467,900.0
5054.698950390155,0.0098049006106171,-0.0114761200996454,0.05467,900.0
5054.810698608691,0.0075252016720731,-0.0053242206341737,0.05467,900.0
5054.902149061496,0.0067053407240587,-0.0031116398312005,0.05467,900.0
5055.002716402347,0.0066279999999999,-0.0029028268591758,0.05467,900.0
5055.103291611011,0.006625972885562,-0.0029018796011243,0.05467,900.0
5055.203858475024,0.0062920758890599,-0.0027474190231294,0.05467,900.0
5055.30582771712,0.00511555248399,-0.0022451195877416,0.05467,900.0
5055.406391004855,0.0036127909261307,-0.0017592223634145,0.05467,900.0
5055.506956915195,0.002155708633434,-0.0014532287816309,0.05467,900.0
5055.607516626651,0.0006745621668843,-0.0012983703628696,0.05467,900.0
5055.698025326068,-0.0006474348031397,-0.0013127784027261,0.05467,900.0
5055.798597912128,-0.0021934848170665,-0.0014717446838405,0.05467,900.0
5055.8991380732605,-0.0036545837907816,-0.0017749992088294,0.05467,900.0
5055.999651531512,-0.0050911393277649,-0.002242296211144,0.05467,900.0
5056.1002272170135,-0.0064641373502429,-0.0028496224199456,0.05467,900.0
5056.200795749957,-0.0077516052873575,-0.0035822547363708,0.05467,900.0
5056.301362613971,-0.0089630064398347,-0.0044578428158041,0.05467,900.0
5056.401922802264,-0.0100826186316955,-0.0054471543047136,0.05467,900.0
5056.502504209811,-0.0110906981628148,-0.0065572031717857,0.05467,900.0
5056.59963713103,-0.011938908146382,-0.0076844550923317,0.05467,900.0
5056.700210193927,-0.0124895580355869,-0.0085806456203012,0.05467,900.0
5056.800772527988,-0.0131205597957369,-0.0098426366110277,0.05467,900.0
5056.90137992316,-0.0135162081467603,-0.0108323560214607,0.05467,900.0
5057.001944641406,-0.0138673799372271,-0.012011860095101,0.05467,900.0
5057.102501968677,-0.0140942394191644,-0.0130232444708733,0.05467,900.0
5057.203033308322,-0.0142476389962178,-0.0141572163530911,0.05467,900.0
5057.303589920337,-0.0143203260473096,-0.0155419078063167,0.05467,900.0
5057.404153684909,-0.01426129774961,-0.0169626888699148,0.05467,900.0
5057.504750589664,-0.0141104286801216,-0.0181501879831297,0.05467,900.0
5057.6052924197265,-0.013896452715908,-0.0191333859727424,0.05467,900.0
5057.707111458118,-0.0135675954817005,-0.0202657714344365,0.05467,900.0
5057.807673792178,-0.0131338082187839,-0.0213852295491873,0.05467,900.0
5057.898187259967,-0.0125666761564837,-0.0225261292918849,0.05467,900.0
5057.998735288913,-0.0120824164087554,-0.0233478330573229,0.05467,900.0
5058.106453279788,-0.011165191141323,-0.024619848924316,0.05467,900.0
5058.207521538074,-0.0102068012719777,-0.0256859883680338,0.05467,900.0
5058.2980547946045,-0.009213747858979,-0.0265923952987902,0.05467,900.0
5058.39862475806,-0.0080098209925362,-0.0275010156132023,0.05467,900.0
5058.499127725894,-0.0067290915110113,-0.0282752273893928,0.05467,900.0
5058.599664787585,-0.0053430268943527,-0.0289182509379981,0.05467,900.0
5058.700234751041,-0.0038907069155599,-0.0294172157690167,0.05467,900.0
5058.800787071521,-0.0024495086040815,-0.029751276179987,0.05467,900.0
5058.901368240649,-0.0009551232478933,-0.0299342332816366,0.05467,900.0
5059.001948694522,0.0006130612463584,-0.029962205734911,0.05467,900.0
5059.102502207095,0.0021190844425544,-0.0298120526435692,0.05467,900.0
5059.203080992038,0.0035212709617107,-0.0295285224595364,0.05467,900.0
5059.303646902377,0.0050154287460461,-0.029046916199571,0.05467,900.0
5059.40421400481,0.0063799611121937,-0.0284570779427505,0.05467,900.0
5059.50478134566,0.0076860273002216,-0.027714021162271,0.05467,900.0
5059.604607681567,0.0088882112578095,-0.0268616315689473,0.05467,900.0
5059.705187181766,0.0099905173102564,-0.0258929044089108,0.05467,900.0
5059.805756191547,0.01102475099859,-0.0247622033742634,0.05467,900.0
5059.90632472449,0.0119534371916991,-0.0235254515216278,0.05467,900.0
5060.006876806552,0.0127041358488218,-0.0222585091700947,0.05467,900.0
5060.099174598987,0.0132994551921177,-0.020988329489283,0.05467,900.0
5060.19981036597,0.0136672886174839,-0.0199774086943573,0.05467,900.0
5060.300380329425,0.014038017297742,-0.0185339072289946,0.05467,900.0
5060.400956014926,0.0142646359024732,-0.0170124786789855,0.05467,900.0
5060.501518110568,0.0143205617257546,-0.0155487530860679,0.05467,900.0
5060.60208020621,0.0142315959392259,-0.0140457933904625,0.05467,900.0
5060.702655653293,0.0139916611077639,-0.012570154711192,0.05467,900.0
5060.803227524097,0.0136019503388138,-0.0111424089165538,0.05467,900.0
5060.903798679645,0.0131470922221277,-0.0099241025499327,0.05467,900.0
5061.004322866733,0.0125870973691941,-0.0087969505779256,0.05467,900.0
5061.104877571399,0.0117731574135808,-0.0074645107962942,0.05467,900.0
5061.205448488528,0.0108636568639862,-0.0062791462828132,0.05467,900.0
5061.306009868915,0.009900137685785,-0.0052471912962718,0.05467,900.0
5061.406586269672,0.0091644110076862,-0.0045885346980988,0.05467,900.0
5061.5006750624725,0.0080590443623926,-0.0037716807250058,0.05467,900.0
5061.60123787337,0.0069616926028188,-0.0031005101958871,0.05467,900.0
5061.701781610782,0.0066296070913601,-0.0029037091376655,0.05467,900.0
5061.802356819446,0.0066279999999999,-0.0029028268591758,0.05467,900.0
5061.902926067645,0.0079475758990379,-0.0053520396933658,0.05467,900.0
5062.003505091006,0.0105229678120234,-0.0101320273062129,0.05467,900.0
5062.104022602374,0.0123318857520223,-0.0134893036875279,0.05467,900.0
5062.204554657275,0.0123429999999999,-0.0135098114980697,0.05467,900.0
5062.305119137103,0.012358450866884,-0.0136018275259885,0.05467,900.0
5062.4056907694885,0.012433925687224,-0.0141944368698117,0.05467,900.0
5062.506256679828,0.0125369927519052,-0.0156559254411644,0.05467,900.0
5062.60682211333,0.0124420351192799,-0.0171426852303409,0.05467,900.0
5062.707384924228,0.0121493284386292,-0.0186455664081128,0.05467,900.0
5062.797904352481,0.0117420900299868,-0.0199219004595187,0.05467,900.0
5062.898479561145,0.0111443003700727,-0.0212999679634956,0.05467,900.0
5063.0021806757995,0.0103285140177634,-0.0226727577365734,0.05467,900.0
5063.102913479144,0.0094197958275394,-0.0238520219049616,0.05467,900.0
5063.2034789126465,0.0083783569398351,-0.0249035464317893,0.05467,900.0
5063.304049829776,0.0072060452556547,-0.0258622189175883,0.05467,900.0
5063.404614786441,0.0059562351062316,-0.0266667042041645,0.05467,900.0
5063.50518069678,0.0045805094958087,-0.027261248469058,0.05467,900.0
5063.605745176608,0.0031249232546876,-0.027740493284165,0.05467,900.0
5063.706322769458,0.0016783807517651,-0.0280389982408313,0.05467,900.0
5063.806901554401,0.0001175463488045,-0.0281492167158262,0.05467,900.0
5063.907469610507,-0.0013306087040865,-0.0280760757776995,0.05467,900.0
5063.997987131412,-0.0026794034286858,-0.0278440743433732,0.05467,900.0
5064.0985663931915,-0.0041222269889072,-0.0274361566329442,0.05467,900.0
5064.1991408866,-0.0055330802123383,-0.0268335727738714,0.05467,900.0
5064.300914148624,-0.0068734987773926,-0.0260766388264527,0.05467,900.0
5064.401472667987,-0.0080804983939655,-0.0251737030414506,0.05467,900.0
5064.503016809756,-0.0091978209977465,-0.0241051456681765,0.05467,900.0
5064.603595594699,-0.0101411720299192,-0.0229548643518888,0.05467,900.0
5064.704112867648,-0.010935790978081,-0.0217093385337251,0.05467,900.0
5064.799519876773,-0.0115440441361125,-0.0204696429843694,0.05467,900.0
5064.900096992786,-0.0120316465808128,-0.0189811461249077,0.05467,900.0
5065.001083711917,-0.0123653017399266,-0.0174843564927108,0.05467,900.0
5065.101649145419,-0.0125009174859905,-0.0160131190568214,0.05467,900.0
5065.20221314841,-0.0124557184923365,-0.0145218473754857,0.05467,900.0
5065.302770714099,-0.0122296258109369,-0.0130509798430919,0.05467,900.0
5065.404231409366,-0.0118128194762287,-0.0115504744752805,0.05467,900.0
5065.504744629199,-0.011244253772388,-0.0101684260845055,0.05467,900.0
5065.605299095447,-0.0105235340075901,-0.008887731214435,0.05467,900.0
5065.705861667926,-0.0096188383774752,-0.0076423205677826,0.05467,900.0
5065.806400398547,-0.0085870237733949,-0.0065117321877553,0.05467,900.0
5065.906967739398,-0.0074627121861181,-0.0055815227854117,0.05467,900.0
5066.007613281543,-0.0061930697526677,-0.0047407522024535,0.05467,900.0
5066.098122219379,-0.0049824861136106,-0.0041454923666557,0.05467,900.0
5066.198681453998,-0.0035783516666936,-0.0036366929381788,0.05467,900.0
5066.3068274062225,-0.0019950410878128,-0.0032728514542256,0.05467,900.0
5066.40738020354,-0.0004958410866714,-0.0031313868498943,0.05467,900.0
5066.507936815555,0.0009743137758895,-0.0031608219929963,0.05467,900.0
5066.5984474223205,0.002301463353374,-0.0033448022035434,0.05467,900.0
5066.698941330249,0.0037972110616385,-0.0037238822907695,0.05467,900.0
5066.799536804492,0.0052348340944508,-0.0042803468503238,0.05467,900.0
5066.90010462218,0.0065306996991943,-0.0049627336904948,0.05467,900.0
5067.000670770938,0.0077593712592159,-0.0058165449477939,0.05467,900.0
5067.101244787509,0.0089074693664089,-0.0068341852096771,0.05467,900.0
5067.20180545264,0.009894673219875,-0.0079534423088054,0.05467,900.0
5067.302374462421,0.0107438191428655,-0.0091996270090686,0.05467,900.0
5067.402954201038,0.0114503416812276,-0.0105861445707446,0.05467,900.0
5067.503535131747,0.0119509089749559,-0.0119379236997021,0.05467,900.0
5067.604087213809,0.0122575906712448,-0.0131262668005816,0.05467,900.0
5067.704652647311,0.0123429999999999,-0.0135098114980697,0.05467,900.0
5067.805217603976,0.0123429999999999,-0.0135090204089927,0.05467,0.0
5067.90679130965,0.0123429999999999,-0.0135075428404112,0.05467,0.0
5067.997317413623,0.012343,-0.0135065133850463,0.05467,0.0
5068.0978838007995,0.012343,-0.0135055677346336,0.05467,0.0
5068.1984561484405,0.0123429999999999,-0.0135050856741345,0.05467,0.0
5068.29902038985,0.0123429999999999,-0.0135036305649863,0.05467,0.0
5068.399572948749,0.0123429999999999,-0.0135023485942741,0.05467,0.0
5068.507942537601,0.012343,-0.013501720768191,0.05467,0.0
5068.598445276553,0.0123429999999999,-0.013500588228569,0.05467,0.0
5068.699015716846,0.0123429999999999,-0.013499249040981,0.05467,0.0
5068.79960928374,0.0123429999999999,-0.0134983171298948,0.05467,0.0
5068.90017686301,0.0123429999999999,-0.0134974879611992,0.05467,0.0
5069.0008557837555,0.012343,-0.0134963982014192,0.05467,0.0
5069.101574281985,0.0123429999999999,-0.0134953538126182,0.05467,0.0
5069.203328470523,0.0123429999999999,-0.013494421097366,0.05467,0.0
5069.303902725513,0.0123429999999999,-0.0134930277062001,0.05467,0.0
5069.398036341006,0.0123429999999999,-0.0134922825762516,0.05467,0.0
5069.498674253757,0.0123429999999999,-0.0134911412685043,0.05467,0.0
5069.599248270328,0.0123429999999999,-0.0134900289302879,0.05467,0.0
5069.699808935458,0.0123429999999999,-0.013488641904977,0.05467,0.0
5069.800386051471,0.0123429999999999,-0.0134872635282557,0.05467,0.0
5069.900943855579,0.0123429999999999,-0.0134865470856671,0.05467,0.0
5070.001513580615,0.0123429999999999,-0.0134855167725533,0.05467,0.0
5070.102085928256,0.0123429999999999,-0.0134842338260645,0.05467,0.0
5070.202663997943,0.0123429999999999,-0.0134831215870313,0.05467,0.0
5070.30324373656,0.0123429999999999,-0.0134819195239974,0.05467,0.0
5070.403834204013,0.0123429999999999,-0.013480278788289,0.05467,0.0
5070.504380087192,0.0123429999999999,-0.0134794986588851,0.05467,0.0
5070.599270681674,0.012343,-0.013478852011575,0.05467,0.0
5070.699829677875,0.0123429999999999,-0.0134778737076271,0.05467,0.0
5070.8004044097015,0.0123429999999999,-0.0134762622251242,0.05467,0.0
5070.900916914279,0.0123429999999999,-0.0134750102870056,0.05467,0.0
5071.001481870944,0.0123429999999999,-0.0134745713887832,0.05467,0.0
5071.102002958591,0.012343,-0.0134744644888389,0.05467,0.0
