453.1160923150477,-0.003672,-0.0118170104586293,0.00426,0.0
453.2166508344111,-0.0036719999999999,-0.0118174946996505,0.00426,0.0
453.31717788252206,-0.003672,-0.0118680047547889,0.00426,0.0
453.4177516606745,-0.0036719999999999,-0.0118838379031523,0.00426,0.0
453.51830660375924,-0.0036719999999999,-0.0118238383488461,0.00426,0.0
453.6205588487086,-0.0036719999999999,-0.0118263794152489,0.00426,0.0
453.7211285737452,-0.003672,-0.0118287341852497,0.00426,0.0
453.82169591459603,-0.0036719999999999,-0.0118295887359448,0.00426,0.0
453.9219332841334,-0.0036719999999999,-0.0118323468392935,0.00426,0.0
454.0225022939143,-0.0036719999999999,-0.01183481876194,0.00426,0.0
454.12306319746347,-0.0036719999999999,-0.0118370771544832,0.00426,0.0
454.2135685590205,-0.0036719999999999,-0.011838304501734,0.00426,0.0
454.3141232636866,-0.0036719999999999,-0.0118398075862048,0.00426,0.0
454.41469847235055,-0.0036719999999999,-0.0118424192705205,0.00426,0.0
454.51527320417733,-0.0036719999999999,-0.0118451494043176,0.00426,0.0
454.61586104902597,-0.003672,-0.0118463141026867,0.00426,0.0
454.71653639349313,-0.003672,-0.0118487165343936,0.00426,0.0
454.8158017304835,-0.003672,-0.011852134912294,0.00426,0.0
454.91636978659005,-0.003672,-0.0118523857014349,0.00426,0.0
455.01692496809335,-0.0032285731835416,-0.0131924765959177,0.00426,0.0
455.11748825582833,-0.0025668594207263,-0.0151919197713267,0.00426,0.0
455.2180620339808,-0.0018690490427755,-0.0173004422159055,0.00426,0.0
455.31862246069284,-0.0011660979961223,-0.0194244582771501,0.00426,0.0
455.41920482191415,-0.0004564694488749,-0.0215684752651891,0.00426,0.0
455.51972352537484,0.0002509980450828,-0.0237060125478214,0.00426,0.0
455.62030254873605,0.0009652086037152,-0.0258640730651148,0.00426,0.0
455.72087608846994,0.0016790031243204,-0.028020848407528,0.00426,0.0
455.8216241506037,0.0023776892583848,-0.0301319319559953,0.00426,0.0
455.9128442910609,0.0029823364407131,-0.031958941284705,0.00426,0.0
456.0133646634516,0.0033959999999999,-0.0332087691932409,0.00426,0.0
456.11392747434945,0.0039032642009085,-0.0330956936759262,0.00426,900.0
456.21448265585275,0.0051018411507379,-0.0327702849496911,0.00426,900.0
456.3150488046107,0.0065090734139707,-0.0322868359426703,0.00426,900.0
456.4155937341151,0.0078976622928941,-0.0316790357493553,0.00426,900.0
456.5161517766413,0.0092487085901842,-0.030928738954028,0.00426,900.0
456.6167217400965,0.0105072254099448,-0.0300971618414479,0.00426,900.0
456.71727882894845,0.011652148209298,-0.0291944418946336,0.00426,900.0
456.81889831098886,0.0127905014313967,-0.0281396780567418,0.00426,900.0
456.9194532540736,0.0138052165278566,-0.0270042037047172,0.00426,900.0
457.02001320394845,0.0147036718935533,-0.025823469607818,0.00426,900.0
457.1205872205195,0.0155542285390789,-0.0244874399765272,0.00426,900.0
457.21422826322885,0.0161684582008565,-0.0232858715613351,0.00426,900.0
457.3147884515223,0.0167420267538679,-0.021922282010963,0.00426,900.0
457.41535340818734,0.0171478318468639,-0.0207282180903055,0.00426,900.0
457.5159262326655,0.0174349584797389,-0.01963935134362,0.00426,900.0
457.6164015439448,0.017655152034892,-0.0184967624862074,0.00426,900.0
457.71696864637704,0.0178144851278932,-0.0171264407656613,0.00426,900.0
457.81753741773935,0.0178785844786249,-0.0156012927150538,0.00426,900.0
457.91810976538034,0.0178244681227888,-0.0141204149359648,0.00426,900.0
458.01868187460275,0.0176634592383108,-0.0127371823234298,0.00426,900.0
458.1143239644465,0.0174803252791588,-0.011774377586466,0.00426,900.0
458.21489202055307,0.0172092803008606,-0.0107079705617722,0.00426,900.0
458.3154624608454,0.0167834009456571,-0.0094012381954616,0.00426,900.0
458.4160512593684,0.0162088525020225,-0.0080628532034984,0.00426,900.0
458.516602864593,0.0154929450993845,-0.0067001080711874,0.00426,900.0
458.61714684042306,0.014710305494159,-0.0054584215091093,0.00426,900.0
458.71770535978646,0.0137950498985855,-0.0042476099788071,0.00426,900.0
458.81827770742746,0.0127636003220533,-0.0031052752177443,0.00426,900.0
458.91885005506845,0.0116582238681447,-0.0020736787191229,0.00426,900.0
459.0194626954493,0.0104860863190099,-0.0011400522976033,0.00426,900.0
459.1200235989985,0.009236226055787,-0.0003100044895728,0.00426,900.0
459.2205535081324,0.0078934702138331,0.000426386079405,0.00426,900.0
459.31107555898996,0.0067017106726478,0.0009655288594881,0.00426,900.0
459.41164886030526,0.0052737435795948,0.0014713239124361,0.00426,900.0
459.5158156064448,0.0037907640229142,0.0018626408243356,0.00426,900.0
459.6163452771601,0.0023256449691256,0.0021092016993646,0.00426,900.0
459.71690141233773,0.0007925938881299,0.002236520262964,0.00426,900.0
459.8174332288203,-0.0007655349746489,0.0022376997785495,0.00426,900.0
459.91801129850717,-0.0022682008404978,0.0021141711421797,0.00426,900.0
460.01858030828805,-0.003735724287094,0.0018593374127082,0.00426,900.0
460.1191693452296,-0.0052000045535136,0.0014786370910686,0.00426,900.0
460.2197507527766,-0.0066120556879958,0.0009886799415387,0.00426,900.0
460.32032691511483,-0.0079445808291294,0.0003985992200922,0.00426,900.0
460.4173630383906,-0.0092379393200952,-0.0003032700639195,0.00426,900.0
460.5180662778315,-0.0104894531669926,-0.001127755471405,0.00426,900.0
460.61864840063424,-0.0116626067132923,-0.0020550987103783,0.00426,900.0
460.7192152646479,-0.0127873596485479,-0.0031086602356932,0.00426,900.0
460.81979285749765,-0.0137763181946293,-0.0042109998279184,0.00426,900.0
460.92037998709054,-0.0147071232468467,-0.0054537623954424,0.00426,900.0
461.0109089520869,-0.0154253612723604,-0.0065899398033279,0.00426,900.0
461.1114829686579,-0.0161291417727986,-0.0079075193155111,0.00426,900.0
461.21205054792733,-0.0167236723076635,-0.009291126558878,0.00426,900.0
461.31263195547433,-0.0171921449360601,-0.010729056552645,0.00426,900.0
461.41320978674264,-0.0175427581431595,-0.012259429584886,0.00426,900.0
461.5137642529902,-0.0177908426399607,-0.0137288006338281,0.00426,900.0
461.6143251565394,-0.0178919056628416,-0.0151979422059367,0.00426,900.0
461.71488772901864,-0.0178590149942286,-0.0167583636713261,0.00426,900.0
461.81544720205636,-0.0177093824780833,-0.0181843232733219,0.00426,900.0
461.91601478132577,-0.017415399445725,-0.0197209229608245,0.00426,900.0
462.018131127685,-0.0170218585186633,-0.0211328833690595,0.00426,900.0
462.11871205839486,-0.0164969591629707,-0.0225367948070244,0.00426,900.0
462.21925245794625,-0.0158316143882004,-0.0239318300312745,0.00426,900.0
462.319825520843,-0.0150646695401004,-0.0252674481836279,0.00426,900.0
462.4203954842982,-0.0142190878908711,-0.0264786404556145,0.00426,900.0
462.51112019094796,-0.0133803412024247,-0.0274924590213794,0.00426,900.0
462.61167298826547,-0.0123302024670673,-0.0285894243245287,0.00426,900.0
462.7122632172999,-0.0111604341764025,-0.0296131565177677,0.00426,900.0
462.8128036168513,-0.0099957186845902,-0.0304845642910648,0.00426,900.0
462.9133845475611,-0.0086786631467806,-0.0312845176822701,0.00426,900.0
463.01395546469064,-0.0073033589202899,-0.0319615949407558,0.00426,900.0
463.1145282891688,-0.0059120389445847,-0.0325134147349457,0.00426,900.0
463.21506463560434,-0.0044491935818752,-0.0329479176250715,0.00426,900.0
463.31560694250436,-0.0029630514039388,-0.0332643259260619,0.00426,900.0
463.4161778596339,-0.0015192640158595,-0.0334461182954383,0.00426,900.0
463.53862606558175,0.00030187490314,-0.0335139527835357,0.00426,900.0
463.6190906670985,0.0015059794418689,-0.0334495411013434,0.00426,900.0
463.71966754469247,0.0027766376482463,-0.0333104893814347,0.00426,900.0
463.820242991775,0.0033959999999999,-0.0332087691932409,0.00426,900.0
463.9107633737025,0.0033820200009227,-0.0331912051443053,0.00426,900.0
464.0113276151118,0.00324360255437,-0.0330173016417834,0.00426,900.0
464.1118446496424,-0.0011042937620574,-0.0275524064009726,0.00426,900.0
464.21242343458505,-0.0059902269150417,-0.0214110939257096,0.00426,900.0
464.31300484213205,-0.0082619055675581,-0.018555707433321,0.00426,900.0
464.41357385191293,-0.008623,-0.0181018271058593,0.00426,900.0
464.51412998709054,-0.0087507914764874,-0.0175158305940553,0.00426,900.0
464.61469661268563,-0.0089119571010678,-0.0162368077328689,0.00426,900.0
464.7152556088862,-0.0088888899861569,-0.0147174479985897,0.00426,900.0
464.815818419784,-0.008628523335351,-0.0132764050203328,0.00426,900.0
464.9163886216578,-0.0081356977785742,-0.0119001155360935,0.00426,900.0
465.01806222471566,-0.0073892097360723,-0.0105762043617401,0.00426,900.0
465.1186317113337,-0.0064160623567672,-0.009380194694999,0.00426,900.0
465.21920000585885,-0.0052509346528293,-0.0083550271524882,0.00426,900.0
465.32041441473336,-0.0039720133645833,-0.0076050968053196,0.00426,900.0
465.4109297898707,-0.0027073615083069,-0.0071105092792775,0.00426,900.0
465.5115455296931,-0.0012608251324583,-0.0067801663779856,0.00426,900.0
465.6120785382685,0.0002105623829301,-0.0066904191668654,0.00426,900.0
465.71265255483956,0.0016960399938724,-0.0068592565088817,0.00426,900.0
465.8132175115046,0.00315782686964,-0.0072759439266925,0.00426,900.0
465.91379629644723,0.0045188477562564,-0.0079143200258895,0.00426,900.0
466.0144556668696,0.005729125903376,-0.0087692988570667,0.00426,900.0
466.11523710760446,0.0068204685975822,-0.0098358292597396,0.00426,900.0
466.2157999185023,0.0076857738258537,-0.0110273468864981,0.00426,900.0
466.31636916670175,0.0083973537771458,-0.0124676728430434,0.00426,900.0
466.41692410978646,0.0087714041312489,-0.0138502736430877,0.00426,900.0
466.51749192747445,0.0089407944228989,-0.0153458788811572,0.00426,900.0
466.61802755865426,0.0088679782665585,-0.0168211530757997,0.00426,900.0
466.7186316159663,0.0085336487748191,-0.0182986416209132,0.00426,900.0
466.82166825804086,0.0079510462824169,-0.0197045890936403,0.00426,900.0
466.912178626388,0.0072228448353085,-0.0208837600605515,0.00426,900.0
467.01273476156564,0.006203565377977,-0.0220522616021861,0.00426,900.0
467.1132982877192,0.0050674235419771,-0.0230037969331003,0.00426,900.0
467.2138591912684,0.0037531299239281,-0.0237450301260887,0.00426,900.0
467.3144186643061,0.0023283170092373,-0.0242682921741834,0.00426,900.0
467.41494022878976,0.0008704039912277,-0.0245598604229454,0.00426,900.0
467.51548849615426,-0.0006310528732111,-0.0245633177829893,0.00426,900.0
467.61728488478036,-0.0020746984059936,-0.0243428562499989,0.00426,900.0
467.71787535223336,-0.0035042471544383,-0.0238661414491443,0.00426,900.0
467.8184310105738,-0.0048605167470965,-0.023134686722116,0.00426,900.0
467.9189976361689,-0.0060494036569637,-0.0222024607982086,0.00426,900.0
468.0095177796778,-0.0069670319301784,-0.0212146917960884,0.00426,900.0
468.1100734380183,-0.0078048919452617,-0.0199849437965123,0.00426,900.0
468.2106612828669,-0.0083635449937505,-0.018831435681773,0.00426,900.0
468.3126302865443,-0.008623,-0.0181018271058593,0.00426,900.0
468.4131930974421,-0.0085971527250889,-0.018082010671476,0.00426,900.0
468.51376019987435,-0.0080429902982556,-0.0176571129868867,0.00426,900.0
468.61432110342355,-0.0026213211355473,-0.0134999916858072,0.00426,900.0
468.7225376275477,0.0036631626741318,-0.0086812883340936,0.00426,900.0
468.8130601552424,0.0089861933804448,-0.0045998176810334,0.00426,900.0
468.9136301186976,0.010466610359525,-0.0034646848041031,0.00426,900.0
469.0142034200129,0.010593,-0.0033677701868414,0.00426,900.0
469.1147597936091,0.0105584314818656,-0.0033373801471327,0.00426,900.0
469.21526061567636,0.0098999142038685,-0.00282774301783,0.00426,900.0
469.3158358243403,0.0087384548393943,-0.0020110399180429,0.00426,900.0
469.4164055493769,0.0074383310075305,-0.0012585891374907,0.00426,900.0
469.51698981794686,0.0060503512678337,-0.0006158922213696,0.00426,900.0
469.6175602582392,0.0046507256334477,-0.0001236958592405,0.00426,900.0
469.719186892837,0.0031428705316982,0.0002593647622005,0.00426,900.0
469.8097046521601,0.0017777420115492,0.0004654858404375,0.00426,900.0
469.91025029692025,0.0003092780760868,0.0005571094244876,0.00426,900.0
470.0108297971186,-0.0012207820678543,0.0005127679344914,0.00426,900.0
470.11140262159677,-0.0027083628577519,0.0003268808624323,0.00426,900.0
470.21197282347055,-0.004144966603241,1.24723131732854e-05,0.00426,900.0
470.3145018723902,-0.0055891184598942,-0.0004407492683924,0.00426,900.0
470.4150663522181,-0.0069874067615353,-0.0010374269445807,0.00426,900.0
470.51561962637277,-0.00832898462054,-0.0017575864546516,0.00426,900.0
470.61618982824655,-0.009578014503644,-0.0025847029345034,0.00426,900.0
470.7167616990504,-0.0107399289658931,-0.0035184297528745,0.00426,900.0
470.8175126222071,-0.0118372992104323,-0.0045866621244992,0.00426,900.0
470.9180828240809,-0.0128555834224113,-0.0057796045454194,0.00426,900.0
471.01867615255685,-0.0136726486681235,-0.0069481152014,0.00426,900.0
471.1192492154536,-0.0144450011012456,-0.0083153385482863,0.00426,900.0
471.20976411375375,-0.0149785808367373,-0.0095045398707718,0.00426,900.0
471.31135307821603,-0.0154778710133997,-0.0109051921265402,0.00426,900.0
471.41195928129525,-0.0158329572226422,-0.0122863644255179,0.00426,900.0
471.51253615888925,-0.0160486383367442,-0.0134822524752493,0.00426,900.0
471.61314260038705,-0.016154508894017,-0.0145071168910653,0.00426,900.0
471.7146669534144,-0.0161777732100921,-0.0157471564609843,0.00426,900.0
471.8152631429133,-0.0161209055659632,-0.0171222348777784,0.00426,900.0
471.9158321526942,-0.0160109853408326,-0.0180357157175249,0.00426,900.0
472.01785933050485,-0.0158135218500495,-0.0191038876426177,0.00426,900.0
472.1184345391688,-0.0154201448632855,-0.0205706440182207,0.00426,900.0
472.21692382368417,-0.0149104899722305,-0.021957261325056,0.00426,900.0
472.31748472723336,-0.0142266118028071,-0.02335135325809,0.00426,900.0
472.418024411529,-0.0134450572844026,-0.0246423902227752,0.00426,900.0
472.51859175237985,-0.0125698741785408,-0.0258229840395963,0.00426,900.0
472.6191648152766,-0.0115647195361297,-0.0269427561828383,0.00426,900.0
472.70969568762155,-0.0105568973654967,-0.0278887515021787,0.00426,900.0
472.8102446702418,-0.0093782404684664,-0.0288161922361155,0.00426,900.0
472.9108348992762,-0.0081592712671564,-0.0296046463622427,0.00426,900.0
473.0113922265467,-0.0068298345799751,-0.0303037371043068,0.00426,900.0
473.11285387548776,-0.0054026655829804,-0.0308887197336312,0.00426,900.0
473.2135394719538,-0.0039037829469054,-0.0313457295154497,0.00426,900.0
473.31409894499154,-0.0024126736480008,-0.0316498613187123,0.00426,900.0
473.4146259931025,-0.0009183701362808,-0.0317934546298528,0.00426,900.0
473.5152107385096,0.0005777530103954,-0.0318121082063082,0.00426,900.0
473.6157809403834,0.0020145850238229,-0.0316848372958633,0.00426,900.0
473.70958625349374,0.0033932020750198,-0.031449669807603,0.00426,900.0
473.8101934102473,0.0048887864960921,-0.0310520549030865,0.00426,900.0
473.9107531217036,0.0063327085562637,-0.0305140662321748,0.00426,900.0
474.0113316682276,0.0077012121521142,-0.0298631907864136,0.00426,900.0
474.1118518021998,0.0089801885029154,-0.0290947129633515,0.00426,900.0
474.2123798039851,0.0101930625757399,-0.0282031891247251,0.00426,900.0
474.31314717802377,0.011304305093904,-0.0272231135501642,0.00426,900.0
474.4144192841944,0.0123280556595652,-0.0261326386374411,0.00426,900.0
474.5149937776026,0.013256723077335,-0.02492988711244,0.00426,900.0
474.61556707891793,0.0140879858069073,-0.0236181836469637,0.00426,900.0
474.71613775762887,0.0147421302321635,-0.0223151742533194,0.00426,900.0
474.8166996148524,0.0153009581563766,-0.0208961263212031,0.00426,900.0
474.91727577719064,0.015715568285451,-0.0194717957266701,0.00426,900.0
475.0178075936732,0.0159997927323385,-0.0180255533509599,0.00426,900.0
475.1183978227076,0.0161540112871599,-0.0165158214461375,0.00426,900.0
475.21180378469796,0.016173205302994,-0.0150856933153435,0.00426,900.0
475.3123730328974,0.0160521736195565,-0.0135837581569399,0.00426,900.0
475.412954678863,0.015807592633633,-0.0121511152405939,0.00426,900.0
475.51351820501657,0.0154192225963404,-0.0106817845851968,0.00426,900.0
475.6142705586848,0.014862208875789,-0.0091964562269673,0.00426,900.0
475.7148436215815,0.0142154808103537,-0.0078681592916333,0.00426,900.0
475.81538688215585,0.0134253680311346,-0.0065907846632644,0.00426,900.0
475.91596590551706,0.0125097719331797,-0.0053560850463355,0.00426,900.0
476.01653133901925,0.01153418447459,-0.0042732610595912,0.00426,900.0
476.1170838979182,0.0108420587200923,-0.0035955769020266,0.00426,900.0
476.21765433821054,0.0105929999999999,-0.0033677701868414,0.00426,900.0
476.31817614111276,0.0104027003735202,-0.0036786701805981,0.00426,900.0
476.41872440847726,0.0087272432245958,-0.0064160757402047,0.00426,900.0
476.5192972329554,0.0046678741960367,-0.0130484993789881,0.00426,900.0
476.6097959187922,0.0009388151104347,-0.0191413329123895,0.00426,900.0
476.7103468087611,-0.0028135799909866,-0.0252722507096759,0.00426,900.0
476.8111103681025,-0.0031209841012677,-0.0257745406573611,0.00426,900.0
476.91167985472055,-0.0031529999999999,-0.0258268537643154,0.00426,900.0
477.01777946028085,-0.00339289278854,-0.025742756202632,0.00426,900.0
477.1183546689448,-0.0045472402778305,-0.0252506993424933,0.00426,900.0
477.2188743260798,-0.0058412265257112,-0.0245283014642614,0.00426,900.0
477.31945740255685,-0.0070314570302922,-0.0236272557217893,0.00426,900.0
477.40997182401986,-0.0079963470826737,-0.0226415745549562,0.00426,900.0
477.5105518010554,-0.0089235227082512,-0.0214223301570594,0.00426,900.0
477.61219822439523,-0.009651463301351,-0.0201134639412899,0.00426,900.0
477.7127686646876,-0.0102030846584048,-0.0187157762239054,0.00426,900.0
477.8133350518641,-0.0105290327793371,-0.0172805149501023,0.00426,900.0
477.9139050153193,-0.0106666612766308,-0.0158071076738003,0.00426,900.0
478.01446210417123,-0.0105709088984329,-0.0142564729042803,0.00426,900.0
478.1150280145106,-0.0102588967478441,-0.0127521838648507,0.00426,900.0
478.21558701071115,-0.0097523828433896,-0.0113299352255669,0.00426,900.0
478.31615792784066,-0.0090737139786678,-0.0100579619623719,0.00426,900.0
478.4167183545527,-0.0081588150300692,-0.0088126219602926,0.00426,900.0
478.5141109136042,-0.0071688472324384,-0.0077634226920611,0.00426,900.0
478.6146875527796,-0.0060067781522228,-0.0068447710368539,0.00426,900.0
478.7152589467463,-0.004674161833277,-0.0060732978779135,0.00426,900.0
478.81585227522226,-0.0032850192259673,-0.0054964789701129,0.00426,900.0
478.9164322522578,-0.0018100441583411,-0.0051383204653142,0.00426,900.0
479.0170076993403,-0.0003559915256817,-0.0049718865903775,0.00426,900.0
479.1175376084742,0.0011411880674878,-0.0050170375807391,0.00426,900.0
479.219116082519,0.0026792516389213,-0.0053054906034839,0.00426,900.0
479.3096116689143,0.0039571586647736,-0.0057479738133959,0.00426,900.0
479.4101322797236,0.0052787173875996,-0.0063823689133203,0.00426,900.0
479.51069580587716,0.0065099462587576,-0.0072105215440038,0.00426,900.0
479.6113463548121,0.0076561944680965,-0.0082428742145797,0.00426,900.0
479.7119120267329,0.0086435458738565,-0.0094323532640622,0.00426,900.0
479.8124223855433,0.0094352415033012,-0.0107153346575947,0.00426,900.0
479.9148121980128,0.0100509362701483,-0.0121075886588748,0.00426,900.0
480.01538049253793,0.0104447334189979,-0.0135408234786195,0.00426,900.0
480.1159402039942,0.0106337952903651,-0.0149922809597467,0.00426,900.0
480.2165185120997,0.0106182313338886,-0.0165072198171392,0.00426,900.0
480.31709133657785,0.0104095210499547,-0.0179515245878257,0.00426,900.0
480.42509590658517,0.0099471702111753,-0.0195009648486166,0.00426,900.0
480.51560174497934,0.009352012917747,-0.0207244977717591,0.00426,900.0
480.6161926892695,0.0085167156502093,-0.0220093483752035,0.00426,900.0
480.7167307046351,0.0075249026528612,-0.0231502780430237,0.00426,900.0
480.8173028138575,0.0063869728406297,-0.0241473442612154,0.00426,900.0
480.9180837777552,0.0051433737330967,-0.0249489135408495,0.00426,900.0
481.0186709073481,0.0038067005746817,-0.0255593607602122,0.00426,900.0
481.1192442086634,0.0023341684773532,-0.0260042808288023,0.00426,900.0
481.20975839170785,0.0009257716176599,-0.0262502586977268,0.00426,900.0
481.31168471845956,-0.000589215285087,-0.0262716137652755,0.00426,900.0
481.41220342192025,-0.0020653687850217,-0.0260955801925349,0.00426,900.0
481.51277815374704,-0.0030455338769496,-0.0258534059513106,0.00426,900.0
481.61334692510934,-0.0031529999999999,-0.0258268537643154,0.00426,900.0
481.7138839868006,0.0003005669192559,-0.0281727061784139,0.00426,900.0
481.8122795728144,0.0023682928181916,-0.0295771329968794,0.00426,900.0
481.9128392842707,0.002789,-0.0298628435622575,0.00426,900.0
482.013398995727,0.0031505436236448,-0.029778201412738,0.00426,900.0
482.11396299871774,0.004175012910487,-0.0294980102536569,0.00426,900.0
482.214525571197,0.005601448085074,-0.0289898992193257,0.00426,900.0
482.31508361372323,0.0069281674981051,-0.0283618818660672,0.00426,900.0
482.415662875503,0.0082044485784679,-0.0275720739698447,0.00426,900.0
482.5162399915156,0.0094070989010225,-0.0266624874029406,0.00426,900.0
482.61678992781015,0.0104946615813594,-0.0256155384846818,0.00426,900.0
482.7173741963801,0.011478387874122,-0.0244561256950509,0.00426,900.0
482.81794821295114,0.0123629654145659,-0.0231674143091837,0.00426,900.0
482.90847622427316,0.0130152582249181,-0.0219704304928039,0.00426,900.0
483.00903808149667,0.0135944293648578,-0.0206036153518471,0.00426,900.0
483.1096256879267,0.0140373771128017,-0.0191882690699958,0.00426,900.0
483.2123178151545,0.0143117766487759,-0.017867082703139,0.00426,900.0
483.31324206861825,0.014439543799661,-0.0166824549144743,0.00426,900.0
483.41382895979257,0.0144776961226273,-0.0151645595813377,0.00426,900.0
483.5143953469691,0.0143685223630429,-0.0137212080952185,0.00426,900.0
483.61497031721444,0.0140913462483782,-0.0122226409386626,0.00426,900.0
483.7155672219691,0.0136430914069487,-0.0107330230243657,0.00426,900.0
483.8161574510035,0.0130738638587494,-0.0093996600470289,0.00426,900.0
483.9167514947352,0.0124307758204758,-0.008190490048873,0.00426,900.0
484.01735149893136,0.0118094816997279,-0.007231149795439,0.00426,900.0
484.11793505224557,0.0109706487955858,-0.0061858670500162,0.00426,900.0
484.2096220162806,0.0100543091497849,-0.0052091589934846,0.00426,900.0
484.31033884558053,0.0089207126927233,-0.0042260708567088,0.00426,900.0
484.4108964112696,0.0076770998423618,-0.0033435103624076,0.00426,900.0
484.5114618447718,0.0063833104183745,-0.0026255783802901,0.00426,900.0
484.61294733557077,0.0049667796654696,-0.0020203383418616,0.00426,900.0
484.71351181539865,0.0035104628807612,-0.0015649112361857,0.00426,900.0
484.8132644799647,0.0020458772729783,-0.0012766300325576,0.00426,900.0
484.91459714445443,0.0004998553437994,-0.0011563797483357,0.00426,900.0
485.0151711610255,-0.0009995259150492,-0.001171841690073,0.00426,900.0
485.11574279341073,-0.0024396110543771,-0.0013529180887153,0.00426,900.0
485.21632849249215,-0.0039144308573308,-0.0016943420319582,0.00426,900.0
485.316913953155,-0.0053326765394669,-0.0021672785623684,0.00426,900.0
485.4175320771632,-0.0066954435431846,-0.0027956868878665,0.00426,900.0
485.5181337502894,-0.0080137752318258,-0.0035693766088933,0.00426,900.0
485.60864316496225,-0.0091055997543205,-0.0043687274391828,0.00426,900.0
485.70921074423165,-0.0102167940715808,-0.0053569887164428,0.00426,900.0
485.810890307754,-0.0112245461424689,-0.0064598999347982,0.00426,900.0
485.91147314581247,-0.0121181207842048,-0.0076742112885555,0.00426,900.0
486.0120371488032,-0.01290590515024,-0.0090292251975777,0.00426,900.0
486.112620940536,-0.0135200734903742,-0.0104306091029244,0.00426,900.0
486.2131794598994,-0.0139820089417792,-0.0118668701558179,0.00426,900.0
486.3137060311732,-0.0142976829080681,-0.0133382599066249,0.00426,900.0
486.41245876821847,-0.0144481248303196,-0.0147834613183082,0.00426,900.0
486.51301180395456,-0.0144598244195326,-0.0162868406011275,0.00426,900.0
486.61359654936166,-0.0143158935217994,-0.017802648970215,0.00426,900.0
486.7141729501185,-0.0140187690650665,-0.0192512440776654,0.00426,900.0
486.8147381452021,-0.0135802605312276,-0.0206565070298564,0.00426,900.0
486.9153081086573,-0.012971741942283,-0.0220642436390704,0.00426,900.0
487.0158864167628,-0.012245086992702,-0.0233876125767021,0.00426,900.0
487.1164630559382,-0.0113846739835451,-0.0246044864707504,0.00426,900.0
487.2170182374415,-0.0106487494602668,-0.0254697192810037,0.00426,900.0
487.3175688889918,-0.0097707763396386,-0.0263360658751166,0.00426,900.0
487.4181374219355,-0.0086191712804536,-0.0272683609210461,0.00426,900.0
487.5085896161494,-0.0075176177153178,-0.0280049259159619,0.00426,900.0
487.6091345456538,-0.0061838106506592,-0.0287196482322494,0.00426,900.0
487.70964752706857,-0.0048063135378863,-0.0292884122582857,0.00426,900.0
487.81023322615,-0.0033779188706773,-0.0297046055456221,0.00426,900.0
487.9125875142512,-0.001829979551856,-0.0299990330712078,0.00426,900.0
488.0131310132441,-0.0003525627425513,-0.0301098723541483,0.00426,900.0
488.1137124207911,0.0010991358181513,-0.0300776879912632,0.00426,900.0
488.2142640260157,0.0025950400174789,-0.0298943953085794,0.00426,900.0
488.31482802900643,0.0027876249948773,-0.0298630686249211,0.00426,900.0
488.41539346250863,0.002789,-0.0298628435622575,0.00426,900.0
488.5159686711726,0.0006959815633757,-0.0290798878640129,0.00426,900.0
488.6165529397425,-0.0026187558103825,-0.027839851571492,0.00426,900.0
488.7171276715693,-0.003672,-0.0274458313799666,0.00426,900.0
488.81769238981576,-0.0040910468183419,-0.0272992325371998,0.00426,900.0
488.9081553128657,-0.0050078593104312,-0.026917496573829,0.00426,900.0
489.0087169316706,-0.0063419484170109,-0.0262302351235432,0.00426,900.0
489.10928427252145,-0.0076145150343755,-0.0253684542662118,0.00426,900.0
489.20982204946847,-0.0087542277077068,-0.0243776029879948,0.00426,900.0
489.31040703329415,-0.0097603241971488,-0.0232392561355851,0.00426,900.0
489.42011510404916,-0.0106461800547156,-0.0219300871919843,0.00426,900.0
489.5106259492335,-0.0112464989405399,-0.0207396540978363,0.00426,900.0
489.61117230924935,-0.0117961144563176,-0.0192756936098266,0.00426,900.0
489.71175586256356,-0.0121487360094605,-0.0178324318240379,0.00426,900.0
489.8123274949488,-0.0123191893055795,-0.016348537415484,0.00426,900.0
489.91310464414926,-0.012308309229265,-0.0148145430848273,0.00426,900.0
490.0136812833247,-0.0121246618357309,-0.0133042388030194,0.00426,900.0
490.1142097619471,-0.0117573947121392,-0.011859682600805,0.00426,900.0
490.2147875932154,-0.0112119025569363,-0.0104584270386844,0.00426,900.0
490.31536733183236,-0.010500748573249,-0.0091185938831568,0.00426,900.0
490.41591464552255,-0.0096551393776124,-0.0078932907533185,0.00426,900.0
490.5164772180018,-0.0087033534403223,-0.0068194578206657,0.00426,900.0
490.61705814871164,-0.007538712476891,-0.005825977686642,0.00426,900.0
490.71761428388925,-0.0062748050227421,-0.0049852499903633,0.00426,900.0
490.80810843977304,-0.0050213315664625,-0.0043479286530889,0.00426,900.0
490.91263805898996,-0.0035791109130411,-0.0038083864813672,0.00426,900.0
491.0132163670954,-0.0021464805690405,-0.0034687240363033,0.00426,900.0
491.1137729791102,-0.000633907619745,-0.0033042204546243,0.00426,900.0
491.2143214848933,0.0008739631532281,-0.0033209218770318,0.00426,900.0
491.31488715681405,0.0023348445664299,-0.0035097654967586,0.00426,900.0
491.41541706594796,0.0037712517532372,-0.0038682906732826,0.00426,900.0
491.51597010168405,0.0051854272149032,-0.0044189890231449,0.00426,900.0
491.6165522244868,0.006547845524018,-0.005142866670926,0.00426,900.0
491.71710645231576,0.0078276422422276,-0.006043701737757,0.00426,900.0
491.8176704553065,0.008881770890904,-0.0070310468894906,0.00426,900.0
491.90815125974984,0.0097588493605483,-0.0080538828679567,0.00426,900.0
492.0087047723231,0.0106200682985438,-0.0093285572917337,0.00426,900.0
492.10925923857064,0.0113154200044078,-0.0106846791562071,0.00426,900.0
492.20983277830453,0.0118359863035013,-0.0120939299131501,0.00426,900.0
492.31039105924935,0.0121704109459343,-0.0135256231480518,0.00426,900.0
492.41096126112313,0.012322306620396,-0.0150125511248405,0.00426,900.0
492.51154147657724,0.0123138835459176,-0.016577427716811,0.00426,900.0
492.61221729788156,0.012115092749233,-0.0180556518911247,0.00426,900.0
492.71372520002694,0.0117435831496666,-0.0194578831552461,0.00426,900.0
492.8143137601313,0.0111754216540289,-0.0209248680014402,0.00426,900.0
492.9148870614466,0.0104736847216385,-0.022193688049419,0.00426,900.0
493.0154276994166,0.0095798548508927,-0.0234326235922917,0.00426,900.0
493.11599933180185,0.0085590360880542,-0.0245401556618511,0.00426,900.0
493.21656905683847,0.0073946467707759,-0.0255190177093051,0.00426,900.0
493.3171113637385,0.0061415139246916,-0.026340245011742,0.00426,900.0
493.4176801351008,0.0047824303630568,-0.0270153673736969,0.00426,900.0
493.50821363005014,0.0034894833180105,-0.0274782567468247,0.00426,900.0
493.6087883618769,0.002046219682968,-0.0278152013636395,0.00426,900.0
493.70936357054086,0.0006172401165023,-0.0279678149629568,0.00426,900.0
493.810814967483,-0.000913660249817,-0.0279529262130102,0.00426,900.0
493.91141521009774,-0.0024478211884101,-0.027749061073978,0.00426,900.0
494.0119744447169,-0.0036049501599275,-0.027462651481754,0.00426,900.0
494.11247169050546,-0.0036714243769597,-0.0274460031739068,0.00426,900.0
494.21302830252023,-0.003672,-0.0274458313799666,0.00426,900.0
494.3137425092158,-0.0036719999999999,-0.0274441210947792,0.00426,0.0
494.4143224862513,-0.003672,-0.0274417661249499,0.00426,0.0
494.5156229642329,-0.003672,-0.0274407688799398,0.00426,0.0
494.61619316610665,-0.0036719999999999,-0.0274399504199264,0.00426,0.0
494.7167583611903,-0.0036719999999999,-0.0274383355789415,0.00426,0.0
494.8173168805537,-0.003672,-0.027437105547751,0.00426,0.0
494.9078425076899,-0.0036719999999999,-0.027436842880681,0.00426,0.0
495.008596053451,-0.003672,-0.0274345270544342,0.00426,0.0
495.109172931045,-0.0036719999999999,-0.0274339378342019,0.00426,0.0
495.2097655442652,-0.003672,-0.0274322855777377,0.00426,0.0
495.31121574911447,-0.0036719999999999,-0.0274310366210552,0.00426,0.0
495.4117993024287,-0.0036719999999999,-0.0274298711922164,0.00426,0.0
495.51238667044015,-0.0036719999999999,-0.027428770665017,0.00426,0.0
495.612942090362,-0.0036719999999999,-0.0274263096294651,0.00426,0.0
495.7135056165156,-0.0036719999999999,-0.0274240600395001,0.00426,0.0
495.8140696195063,-0.0036719999999999,-0.0274232991993834,0.00426,0.0
495.9146360066828,-0.0036719999999999,-0.0274225742643729,0.00426,0.0
496.0152040627894,-0.0036719999999999,-0.0274210349048858,0.00426,0.0
496.1158164647517,-0.0036719999999999,-0.0274199501127069,0.00426,0.0
496.216385236114,-0.0036719999999999,-0.0274190286321307,0.00426,0.0
496.3169525769648,-0.0036719999999999,-0.0274177424216791,0.00426,0.0
496.41749822172494,-0.003672,-0.0274155753514001,0.00426,0.0
496.50802051100106,-0.0036719999999999,-0.0274139478354438,0.00426,0.0
496.6085897592005,-0.0036719999999999,-0.0274135910187659,0.00426,0.0
496.70913754972787,-0.0036719999999999,-0.0274115860044317,0.00426,0.0
496.809861054748,-0.003672,-0.0274100006416761,0.00426,0.0
496.91041337522836,-0.0036719999999999,-0.0274100802282764,0.00426,0.0
