3149.558768567136,-0.0065389999999999,0.0115296926154892,0.03621,0.0
3149.6593287554297,-0.006539,0.0115282973410884,0.03621,0.0
3149.7599013414892,-0.006539,0.0115265191007738,0.03621,0.0
3149.8604298201117,-0.006539,0.0115252015283897,0.03621,0.0
3149.9609506693396,-0.006539,0.0115230849206325,0.03621,0.0
3150.061513241819,-0.006539,0.0115217031554755,0.03621,0.0
3150.1620891657385,-0.006539,0.0115196531899482,0.03621,0.0
3150.262658413938,-0.006539,0.0115179291105304,0.03621,0.0
3150.3632236090216,-0.0065389999999999,0.0115163129833315,0.03621,0.0
3150.4637897577795,-0.006539,0.0115142248783654,0.03621,0.0
3150.5603981581244,-0.006539,0.0115120410578833,0.03621,0.0
3150.661066350034,-0.006539,0.0115104997125029,0.03621,0.0
3150.761630353025,-0.006539,0.0115093931927744,0.03621,0.0
3150.8621943560156,-0.0065389999999999,0.0115073805707541,0.03621,0.0
3150.961390074781,-0.006539,0.0115061651196468,0.03621,0.0
3151.061971959165,-0.006539,0.0115041801664683,0.03621,0.0
3151.162539300016,-0.0065389999999999,0.0115024371177526,0.03621,0.0
3151.2630258169684,-0.006539,0.011500340483396,0.03621,0.0
3151.3635657396826,-0.0065389999999999,0.0114988742595866,0.03621,0.0
3151.464135703138,-0.006539,0.0114968864955294,0.03621,0.0
3151.5647156801733,-0.006539,0.011495266592533,0.03621,0.0
3151.6653016176733,-0.006539,0.0114947372764712,0.03621,0.0
3151.766085442594,-0.0065389999999999,0.0114946239826036,0.03621,0.0
3151.866649207166,-0.0063597527426917,0.0112681601296403,0.03621,0.0
3151.9672072496924,-0.005318079409241,0.0099521550328785,0.03621,0.0
3152.059120472959,-0.0033345890356947,0.0074464650017759,0.03621,0.0
3152.1596880522284,-0.0013883870697996,0.0049878395087559,0.03621,0.0
3152.260245856336,0.0007034026675293,0.0023453645949636,0.03621,0.0
3152.360800561002,0.0027158482014458,-0.0001969567269598,0.03621,0.0
3152.469306048444,0.0049888682496613,-0.0030684751562596,0.03621,0.0
3152.5598147478613,0.0068444945258549,-0.0054126185673449,0.03621,0.0
3152.6603382196936,0.0088640811964287,-0.007963923005607,0.03621,0.0
3152.7608857718024,0.0109564664308475,-0.0106072445049248,0.03621,0.0
3152.8614655104193,0.0130482644625425,-0.0132498230106289,0.03621,0.0
3152.9620440569433,0.0146415702609787,-0.0152625880816958,0.03621,0.0
3153.0626218882117,0.015306,-0.0161018028562994,0.03621,0.0
3153.163185414365,0.0153058685881811,-0.0160661406713187,0.03621,900.0
3153.263748940519,0.0153023154570694,-0.0151019015330542,0.03621,900.0
3153.3643076983008,0.0151738604869351,-0.0136064458912194,0.03621,900.0
3153.4648995962652,0.0148964908774722,-0.012129311469782,0.03621,900.0
3153.565455016187,0.0144895408252916,-0.0107143583253355,0.03621,900.0
3153.666008290342,0.0139334970961093,-0.009314207038047,0.03621,900.0
3153.7665761080298,0.0132511912429714,-0.0079779673604856,0.03621,900.0
3153.870603140882,0.0124073035380161,-0.0066854510781039,0.03621,900.0
3153.961114224485,0.0115676757752833,-0.0056223191146924,0.03621,900.0
3154.0616725054297,0.0105205786618223,-0.0045193586583015,0.03621,900.0
3154.1622415152106,0.009372643067233,-0.0035245025081868,0.03621,900.0
3154.26281243234,0.0083090604795975,-0.002767853780628,0.03621,900.0
3154.3633874025854,0.007406570139059,-0.0022230824968145,0.03621,900.0
3154.463947590879,0.0060784304475943,-0.0015763591302702,0.03621,900.0
3154.5645094481024,0.0046102004831437,-0.0010301776610994,0.03621,900.0
3154.6650636759314,0.0031475623372661,-0.0006528232524585,0.03621,900.0
3154.765628394178,0.001671052940759,-0.0004193765075604,0.03621,900.0
3154.8661838140997,0.0001438961454447,-0.0003361921928976,0.03621,900.0
3154.9667137232336,-0.0013794663956462,-0.000392848027322,0.03621,900.0
3155.0672820177588,-0.0028443241156569,-0.000603647451715,0.03621,900.0
3155.1577613916907,-0.0041305186792717,-0.0008969133108286,0.03621,900.0
3155.259222802213,-0.0055738876865299,-0.0013747584700949,0.03621,900.0
3155.3599994745764,-0.0069630743348654,-0.0019944730240209,0.03621,900.0
3155.460539635709,-0.008243422180699,-0.0027205146429284,0.03621,900.0
3155.5623422232184,-0.0094874592801356,-0.0036030649669657,0.03621,900.0
3155.6629105177435,-0.0106537546328797,-0.0046329208033673,0.03621,900.0
3155.7634726133856,-0.0117002747441656,-0.0057674532572257,0.03621,900.0
3155.8640394773993,-0.0125773618350471,-0.006915882195638,0.03621,900.0
3155.96460681825,-0.0133768682122442,-0.0082121224063286,0.03621,900.0
3156.0651748743567,-0.0139990117147259,-0.0094592846106665,0.03621,900.0
3156.1657569971594,-0.0144738363316457,-0.0106755937240066,0.03621,900.0
3156.2663558092627,-0.0148665683513498,-0.0120177225026991,0.03621,900.0
3156.3669283953222,-0.0151498540821348,-0.0134717315030372,0.03621,900.0
3156.467503603986,-0.015284817064813,-0.0149277809889071,0.03621,900.0
3156.558013018659,-0.0152944766061873,-0.0163108278622781,0.03621,900.0
3156.6586044397864,-0.0151620607228774,-0.017798946503013,0.03621,900.0
3156.759146269849,-0.0148752858033266,-0.0192871902497818,0.03621,900.0
3156.859696206144,-0.0144457584268884,-0.0206813722951968,0.03621,900.0
3156.9602490034613,-0.01399155909123,-0.0218272833245539,0.03621,900.0
3157.060808953336,-0.0133493913275616,-0.0230951135705058,0.03621,900.0
3157.1645985212836,-0.01255655299391,-0.0243710531769285,0.03621,900.0
3157.265153702787,-0.0116515397926111,-0.0255369738597679,0.03621,900.0
3157.36570721536,-0.0105881792577518,-0.0266660817896279,0.03621,900.0
3157.466225680402,-0.009427162856464,-0.0276808567726989,0.03621,900.0
3157.566788014463,-0.0082135678687315,-0.0285363330482909,0.03621,900.0
3157.667399939588,-0.0068896057032145,-0.0292901311425664,0.03621,900.0
3157.757893380216,-0.0056515469999047,-0.029861362091689,0.03621,900.0
3157.8584015932593,-0.0042853259299145,-0.0303381241802369,0.03621,900.0
3157.958969649366,-0.0028350608806728,-0.0306678425841946,0.03621,900.0
3158.0594816771063,-0.0012781781360951,-0.0308773677398724,0.03621,900.0
3158.1600282755408,0.0002274716872308,-0.0309321014806749,0.03621,900.0
3158.260586794904,0.0017085892312849,-0.0308309646947681,0.03621,900.0
3158.361155327848,0.0032135646805931,-0.0305831364633109,0.03621,900.0
3158.461723145536,0.0046566314417862,-0.0302021280557932,0.03621,900.0
3158.559067782453,0.0060162027165482,-0.0296923621320668,0.03621,900.0
3158.6596394148382,0.0073654343479027,-0.0290388311393262,0.03621,900.0
3158.7601719465765,0.0084531037840323,-0.0283904100492341,0.03621,900.0
3158.8607550230536,0.00932006832818,-0.0277658654719909,0.03621,900.0
3158.96132141023,0.0104827473374085,-0.0267937038423332,0.03621,900.0
3159.062695797971,0.0115385565752824,-0.025694171742416,0.03621,900.0
3159.1643980112585,0.0125229812987314,-0.0244322142393323,0.03621,900.0
3159.265563067487,0.013335522885284,-0.0231387026589193,0.03621,900.0
3159.366132077268,0.0139262719147567,-0.021922933790969,0.03621,900.0
3159.466698226026,0.0144520397703616,-0.0206090382395764,0.03621,900.0
3159.567268904737,0.0148695951290454,-0.0192176736655015,0.03621,900.0
3159.657790717176,0.0151272700268177,-0.0178891138098574,0.03621,900.0
3159.7583332624945,0.0152800659036737,-0.0166411123858731,0.03621,900.0
3159.8588567343268,0.015306,-0.0161018028562994,0.03621,900.0
3159.95941692262,0.0152505816890809,-0.0160740251614171,0.03621,900.0
3160.0599461164984,0.0142822857706695,-0.0155885416601644,0.03621,900.0
3160.16049986749,0.0078871279287017,-0.0123817064112901,0.03621,900.0
3160.261057671598,0.0011218198849791,-0.0089891345703845,0.03621,900.0
3160.3616240587744,-0.0047836022495872,-0.0060279519511831,0.03621,900.0
3160.4621975985083,-0.0056622738002793,-0.0055872556177223,0.03621,900.0
3160.558463391355,-0.0056909999999999,-0.0055728190487328,0.03621,900.0
3160.6590364542517,-0.0055348214842762,-0.0054869021228016,0.03621,900.0
3160.7595997419867,-0.0046018459022753,-0.0050693176259282,0.03621,900.0
3160.8601649370703,-0.0031546463738001,-0.004544943984295,0.03621,900.0
3160.9607387152228,-0.0016831907298141,-0.0042220062146668,0.03621,900.0
3161.061299618772,-0.000184740402146,-0.0041026982284728,0.03621,900.0
3161.1618698206457,0.0013237255572355,-0.0041644636365552,0.03621,900.0
3161.262431201032,0.002795904131179,-0.0044253544085689,0.03621,900.0
3161.363008793882,0.0042049033287613,-0.0048657041138242,0.03621,900.0
3161.4636176195654,0.0055507191688409,-0.0055013499623319,0.03621,900.0
3161.5641682711157,0.0068420547755075,-0.0063393531203156,0.03621,900.0
3161.6647396650824,0.00797456586543,-0.0072996859985738,0.03621,900.0
3161.765309390119,0.0090033347645735,-0.0084343287405434,0.03621,900.0
3161.865889605573,0.0098588181781331,-0.0096546021841823,0.03621,900.0
3161.9664238062414,0.0105508007765629,-0.0109978223117777,0.03621,900.0
3162.060058411649,0.0110452677203461,-0.0123381532980732,0.03621,900.0
3162.16062408357,0.0113865771537294,-0.0137926478389811,0.03621,900.0
3162.261196431211,0.0115228682033386,-0.0152568560690641,0.03621,900.0
3162.361720141462,0.0114821702356612,-0.0167692937480736,0.03621,900.0
3162.4622603025946,0.0112369090834304,-0.01829138334961,0.03621,900.0
3162.5628231134924,0.010805173547654,-0.0197139197687795,0.03621,900.0
3162.6633930769476,0.0101975396840631,-0.0210312752040957,0.03621,900.0
3162.7639728155646,0.0093926053675952,-0.0223159749177203,0.03621,900.0
3162.86454945474,0.0084474369708073,-0.0234867174833215,0.03621,900.0
3162.965085562757,0.0073362200826544,-0.0245182557259613,0.03621,900.0
3163.065652188352,0.0060944338475748,-0.0254022727242103,0.03621,900.0
3163.166214283994,0.0047947992989523,-0.0261171029032133,0.03621,900.0
3163.2667694654974,0.0034062860790796,-0.0266388958923699,0.03621,900.0
3163.367344435743,0.0019099925133285,-0.0269977054748685,0.03621,900.0
3163.4578641024145,0.0005560030334134,-0.0271522485108371,0.03621,900.0
3163.5584216681036,-0.0009037037380379,-0.027135876901366,0.03621,900.0
3163.658954676679,-0.0023663610732718,-0.0269386739969929,0.03621,900.0
3163.7822187510046,-0.0042292901389891,-0.0263664010030914,0.03621,900.0
3163.862676199964,-0.0052822454862067,-0.0258917962806618,0.03621,900.0
3163.963250693372,-0.0065879901356057,-0.0250921092619165,0.03621,900.0
3164.0638368692908,-0.0077268679155841,-0.0241856879473712,0.03621,900.0
3164.164403494886,-0.0087715300542174,-0.0231108512904677,0.03621,900.0
3164.2649682131323,-0.0096808311386257,-0.0218683580252506,0.03621,900.0
3164.3655419912848,-0.0104195987867677,-0.0205723184435161,0.03621,900.0
3164.4661174383673,-0.0109621339380582,-0.0191800344323282,0.03621,900.0
3164.566695508054,-0.0113489508140954,-0.0176898300036669,0.03621,900.0
3164.667258795789,-0.0115170853127693,-0.0162181042944856,0.03621,900.0
3164.7577663031134,-0.0115158887046842,-0.0148106779918026,0.03621,900.0
3164.858322438291,-0.0113333375589936,-0.0133706890030061,0.03621,900.0
3164.9588373270544,-0.0109326822422535,-0.0119395852970081,0.03621,900.0
3165.060610827497,-0.0103234970276026,-0.0104812153506983,0.03621,900.0
3165.161173399976,-0.0095804819555036,-0.00921045850969,0.03621,900.0
3165.26174360185,-0.0086753273997138,-0.0080417744588432,0.03621,900.0
3165.362152155927,-0.0075845647495526,-0.0069547281850343,0.03621,900.0
3165.4627214041266,-0.0064327979381372,-0.0060631303884925,0.03621,900.0
3165.563306626371,-0.0057562974149919,-0.0056120230690765,0.03621,900.0
3165.6638904181036,-0.0056909999999999,-0.0055728190487328,0.03621,900.0
3165.7644589510473,-0.0063071055226617,-0.0062181453076909,0.03621,900.0
3165.8650482264075,-0.0091694098444115,-0.0092162411952388,0.03621,900.0
3165.965617474607,-0.0134032481357715,-0.0136510490366699,0.03621,900.0
3166.066198166898,-0.0134869999999999,-0.0137387654782645,0.03621,900.0
3166.1667857733282,-0.0135196423154841,-0.0140084468142996,0.03621,900.0
3166.2572455969366,-0.0135903641778255,-0.0152031552722537,0.03621,900.0
3166.359018143705,-0.0135567020295243,-0.0166714864919432,0.03621,900.0
3166.4595747557196,-0.0133561647447425,-0.0181563986585426,0.03621,900.0
3166.5601392355475,-0.0129838341340621,-0.0196498808147318,0.03621,900.0
3166.6602724161658,-0.0124749999595057,-0.0210346127834655,0.03621,900.0
3166.760823782972,-0.0118209468604429,-0.0223503027722973,0.03621,900.0
3166.8613803949866,-0.0109774895327531,-0.0236537519498827,0.03621,900.0
3166.9618900385412,-0.0100194338336676,-0.0248389321209724,0.03621,900.0
3167.062451180509,-0.0090059000369733,-0.0258374571122704,0.03621,900.0
3167.1867247190985,-0.0074744771640131,-0.0269964645163502,0.03621,900.0
3167.25712591081,-0.0065463447091451,-0.0275518825797634,0.03621,900.0
3167.3577001657995,-0.0052374050398604,-0.0281821482266814,0.03621,900.0
3167.4582741823706,-0.0038026667158157,-0.0286781075886676,0.03621,900.0
3167.559899386457,-0.0023150242495528,-0.029022785135777,0.03621,900.0
3167.6604703035864,-0.0011391904351809,-0.0291940432438594,0.03621,900.0
3167.7610340681586,6.577011494991736e-05,-0.0292235503092765,0.03621,900.0
3167.861605462125,0.0015692761650937,-0.0291328692265465,0.03621,900.0
3167.9621346560034,0.0030563663839845,-0.0288830745876581,0.03621,900.0
3168.0627029505285,0.0044966775903,-0.0284649920554806,0.03621,900.0
3168.1632781591925,0.0058781698687385,-0.0279045870905214,0.03621,900.0
3168.263823565534,0.0072773185566541,-0.0271300066121318,0.03621,900.0
3168.364348944715,0.0085037268838627,-0.026260247176748,0.03621,900.0
3168.464929160169,0.009577514590374,-0.0252900027091496,0.03621,900.0
3168.5654905405554,0.0105663550985523,-0.0241975157648189,0.03621,900.0
3168.6612032022986,0.0114315312231766,-0.0229802729683291,0.03621,900.0
3168.761748131803,0.0121892884912155,-0.021644974961162,0.03621,900.0
3168.8623021212134,0.0127728956830661,-0.0202875251651697,0.03621,900.0
3168.962861117414,0.0131971804279146,-0.0188939924061995,0.03621,900.0
3169.063425358823,0.0134735745422428,-0.01742184430926,0.03621,900.0
3169.163932618192,0.0135918033356172,-0.0158708965744559,0.03621,900.0
3169.2645490732702,0.013542180583003,-0.0143490021521297,0.03621,900.0
3169.3650668230566,0.0133265125066752,-0.0128681199733777,0.03621,900.0
3169.465621289304,0.0129758714394725,-0.0114858563236387,0.03621,900.0
3169.5577664938482,0.0124809606761106,-0.0102003744914481,0.03621,900.0
3169.658324774793,0.0117647321618911,-0.0088095475805455,0.03621,900.0
3169.758945282987,0.0109249554038166,-0.0075324947911536,0.03621,900.0
3169.8594832983526,0.0099666082037281,-0.0063868375863169,0.03621,900.0
3169.9600482550177,0.0089108195174102,-0.0053638939682486,0.03621,900.0
3170.06061368852,0.0077161514160155,-0.0044420194392254,0.03621,900.0
3170.1610406008276,0.0064355791865755,-0.0036514145240424,0.03621,900.0
3170.261613186887,0.0051120661129585,-0.0030300147451502,0.03621,900.0
3170.3621688452276,0.0036829768575595,-0.0025350701301442,0.03621,900.0
3170.462733086637,0.0021903720050416,-0.0021999358596189,0.03621,900.0
3170.5632913675818,0.0006373038596493,-0.0020302770338834,0.03621,900.0
3170.6638112631354,-0.0008337128104594,-0.0020434142648236,0.03621,900.0
3170.764377650312,-0.0017908858931798,-0.0021346276508936,0.03621,900.0
3170.8649387922796,-0.003192196311016,-0.0024104256560922,0.03621,900.0
3170.965469655088,-0.0046380584978717,-0.0028447018907097,0.03621,900.0
3171.0660341349158,-0.0060643956759934,-0.0034644177609814,0.03621,900.0
3171.16656905084,-0.0073432708135966,-0.0042223059558588,0.03621,900.0
3171.2570338812384,-0.0084194863951318,-0.0050005216829963,0.03621,900.0
3171.3576295939,-0.0095806622202033,-0.0059785272168269,0.03621,900.0
3171.4589467611822,-0.0105936820489199,-0.0070984100881557,0.03621,900.0
3171.559474047712,-0.011489367142801,-0.0083335975291995,0.03621,900.0
3171.660047349027,-0.0121959342945731,-0.0095948539451127,0.03621,900.0
3171.760619219831,-0.0128205760266816,-0.0110495727041369,0.03621,900.0
3171.869486626676,-0.0132801796151495,-0.0126183890660159,0.03621,900.0
3171.95999079614,-0.0134529670615919,-0.0135544040505483,0.03621,900.0
3172.060515698484,-0.0134869999999999,-0.0137387654782645,0.03621,900.0
3172.1610887613806,-0.0134821198163555,-0.0137319262014443,0.03621,900.0
3172.2616623011145,-0.0113306140595505,-0.0107468831760711,0.03621,900.0
3172.362226542524,-0.008163343619676,-0.0063525204829829,0.03621,900.0
3172.4627774324927,-0.0065389999999999,-0.0040988216959281,0.03621,900.0
3172.563290175489,-0.0063087968182144,-0.0039808104380292,0.03621,900.0
3172.663856324247,-0.0054106718082203,-0.0035443310641272,0.03621,900.0
3172.7643802729162,-0.0040554830737481,-0.0030169625681792,0.03621,900.0
3172.8649676409277,-0.0025727809122934,-0.0026251094202252,0.03621,900.0
3172.9655283060583,-0.0010975778141653,-0.0024266826594578,0.03621,900.0
3173.066085633329,0.0003687656702857,-0.002400256467754,0.03621,900.0
3173.1565929022345,0.0017709458271588,-0.002524678053391,0.03621,900.0
3173.2571714487585,0.0032489988354195,-0.0027978643466396,0.03621,900.0
3173.3610933390173,0.0046914714189233,-0.0032601048697668,0.03621,900.0
3173.4618044462713,0.0060878806007529,-0.0038866165103416,0.03621,900.0
3173.5623994436774,0.0074066722956795,-0.0046660172613506,0.03621,900.0
3173.6629632082495,0.0086001811400108,-0.0055728443467493,0.03621,900.0
3173.7635260191473,0.009700356446659,-0.0066184562533897,0.03621,900.0
3173.864100750974,0.0106289189660728,-0.0077414269610587,0.03621,900.0
3173.9646621313605,0.0114977732821246,-0.0090462629640733,0.03621,900.0
3174.065201338819,0.0121648697807928,-0.0103836654371671,0.03621,900.0
3174.1657693949255,0.0126798257570274,-0.0117998840947196,0.03621,900.0
3174.2663632002386,0.01301872583273,-0.0132248482229744,0.03621,900.0
3174.356873330167,0.0131776575439618,-0.014547463140055,0.03621,900.0
3174.4574564066443,0.0132241321849386,-0.016071395221875,0.03621,900.0
3174.558031138471,0.0130820110514172,-0.0176052489028094,0.03621,900.0
3174.6586535540137,0.0127727260440038,-0.0190876878809364,0.03621,900.0
3174.7612543669256,0.0122824756267762,-0.020540675276972,0.03621,900.0
3174.862007674268,0.0116622835524056,-0.0218918680360469,0.03621,900.0
3174.9625793066534,0.0109016279408226,-0.0231461955211737,0.03621,900.0
3175.063163336805,0.0099443279070805,-0.0243704379365344,0.03621,900.0
3175.16372829347,0.0089072622986912,-0.0254343382001913,0.03621,900.0
3175.2640386190924,0.0077343544275815,-0.0263857609928112,0.03621,900.0
3175.3646057215246,0.0064619302052444,-0.0271873117183841,0.03621,900.0
3175.465168294004,0.0050903942843422,-0.0278470851298126,0.03621,900.0
3175.5657408800635,0.0036371909865317,-0.0283489323959901,0.03621,900.0
3175.6663244333777,0.0022005382819582,-0.0286760631720186,0.03621,900.0
3175.756838139585,0.0008614682597105,-0.0288317847857335,0.03621,900.0
3175.857403573087,-0.0006538798624152,-0.0288495556539508,0.03621,900.0
3175.9579752054724,-0.002120417205171,-0.0286885305971767,0.03621,900.0
3176.0585170355353,-0.0035847001104692,-0.0283694443085484,0.03621,900.0
3176.1590931978735,-0.005040978813716,-0.0278777896440302,0.03621,900.0
3176.2596593466315,-0.0063807160502946,-0.0272380922864132,0.03621,900.0
3176.3602371778998,-0.0076567772974789,-0.0264406960015406,0.03621,900.0
3176.460800227216,-0.0088237166323428,-0.0254947637701039,0.03621,900.0
3176.5613723364386,-0.0099211033539107,-0.0243857992353167,0.03621,900.0
3176.661942299894,-0.0108379890225555,-0.0232399233015663,0.03621,900.0
3176.760473546079,-0.0116097574474233,-0.021963498312698,0.03621,900.0
3176.861031111768,-0.0122701836249219,-0.0205754981692426,0.03621,900.0
3176.9615765181097,-0.0127454980719837,-0.0191917789649253,0.03621,900.0
3177.062151011518,-0.0130607194211721,-0.0177590537846835,0.03621,900.0
3177.162734087995,-0.0132170689874583,-0.016223862231383,0.03621,900.0
3177.2633102503332,-0.0131997059713739,-0.0146999033640538,0.03621,900.0
3177.3640547361883,-0.0130250222642378,-0.0132263474373899,0.03621,900.0
3177.4650865164313,-0.0126833169738586,-0.0117908823424033,0.03621,900.0
3177.5656529036078,-0.0121379281415954,-0.0103057421155458,0.03621,900.0
3177.666222390226,-0.0114626136211097,-0.008992441718967,0.03621,900.0
3177.7567432489905,-0.0107386423980928,-0.0079009700493104,0.03621,900.0
3177.8573382463965,-0.0097642340941346,-0.006696604693244,0.03621,900.0
3177.9580860701117,-0.0086709676561454,-0.0056298739532962,0.03621,900.0
3178.058651980451,-0.0074981016051578,-0.0047335337342251,0.03621,900.0
3178.15920954614,-0.0066982288292919,-0.0041946302544768,0.03621,900.0
3178.2600370016607,-0.0065389999999999,-0.0040988216959281,0.03621,900.0
3178.360589322141,-0.006539,-0.0040987063662622,0.03621,0.0
3178.4611404505285,-0.0065389999999999,-0.0040980394319408,0.03621,0.0
3178.561713036588,-0.006539,-0.0040968073727177,0.03621,0.0
3178.6622863379034,-0.006539,-0.004095621152452,0.03621,0.0
3178.7646916475805,-0.006539,-0.0040944877790598,0.03621,0.0
3178.865458544782,-0.006539,-0.0040933241139514,0.03621,0.0
3178.957475241712,-0.006539,-0.0040921807947864,0.03621,0.0
3179.058111723951,-0.0065389999999999,-0.0040911601197446,0.03621,0.0
3179.158735570005,-0.0065389999999999,-0.0040900975984221,0.03621,0.0
3179.2592628565344,-0.006539,-0.0040888658418124,0.03621,0.0
3179.359826382688,-0.0065389999999999,-0.0040876615328246,0.03621,0.0
3179.460371073774,-0.006539,-0.0040864852513759,0.03621,0.0
3179.560939845136,-0.006539,-0.0040852851480095,0.03621,0.0
3179.6615007486853,-0.0065389999999999,-0.004084093792174,0.03621,0.0
3179.762054499677,-0.006539,-0.0040830100206558,0.03621,0.0
3179.8625903692755,-0.0065389999999999,-0.004081760245272,0.03621,0.0
3179.963089283994,-0.0065389999999999,-0.0040804769121823,0.03621,0.0
3180.063666161588,-0.006539,-0.0040791189407487,0.03621,0.0
3180.1642683115515,-0.006539,-0.0040781304909,0.03621,0.0
3180.264826115659,-0.006539,-0.0040770646083928,0.03621,0.0
3180.365382727674,-0.006539,-0.0040758458021007,0.03621,0.0
3180.4659364786658,-0.006539,-0.0040746685666432,0.03621,0.0
3180.556437787107,-0.006539,-0.0040736472484515,0.03621,0.0
3180.65697961717,-0.006539,-0.004072519581365,0.03621,0.0
3180.757611807874,-0.0065389999999999,-0.0040712371203085,0.03621,0.0
3180.8588941660437,-0.0065389999999999,-0.0040700961398653,0.03621,0.0
3180.95941692262,-0.006539,-0.0040687972220263,0.03621,0.0
3181.0599833097967,-0.006539,-0.0040678540555664,0.03621,0.0
3181.1653202143225,-0.0065389999999999,-0.0040663874943334,0.03621,0.0
3181.2658982840094,-0.006539,-0.0040653001461276,0.03621,0.0
3181.3564091291937,-0.0065389999999999,-0.0040642375296451,0.03621,0.0
3181.4580929842505,-0.006539,-0.004063550288061,0.03621,0.0
