8448.69920372963,0.013164999999999982,-0.007784796036398228,0.02414,687.4
8448.799103021622,0.013164999999999982,-0.007784796036398228,0.02414,687.4
8448.899101734161,0.013619999999999993,-0.006978876283358838,0.02414,687.4
8448.999190807343,0.014273900000000006,-0.005563442519535271,0.02414,687.4
8449.099139928818,0.014844700000000002,-0.0038574613414577574,0.02414,687.4
8449.199205160141,0.015178700000000003,-0.0023343714134026333,0.02414,687.4
8449.299168348312,0.015178700000000003,-0.0023343714134026333,0.02414,687.4
8449.399116277695,0.015354599999999996,-0.0006648902335215159,0.02414,687.4
8449.499168157578,0.015354299999999987,0.0010138871217390127,0.02414,687.4
8449.599169969559,0.015199699999999983,0.0025652984173102425,0.02414,687.4
8449.699164390564,0.014842999999999995,0.004206262600154956,0.02414,687.4
8449.799167633057,0.014356799999999989,0.005687635274390115,0.02414,687.4
8449.899173498154,0.013672499999999976,0.00722074766348306,0.02414,687.4
8449.999170780182,0.012891,0.008570221725726315,0.02414,687.4
8450.099164485931,0.011818000000000009,0.01001417248658626,0.02414,687.4
8450.199167251587,0.010761099999999996,0.01116053553837986,0.02414,687.4
8450.299156188965,0.009498000000000006,0.012266180275123696,0.02414,687.4
8450.399186849594,0.008223699999999987,0.013164104425523772,0.02414,687.4
8450.499155521393,0.008223699999999987,0.013164104425523772,0.02414,687.4
8450.59917140007,0.00676220000000001,0.013990558174439553,0.02414,687.4
8450.69915342331,0.005214700000000003,0.014642417909942081,0.02414,687.4
8450.799159526825,0.0037226999999999816,0.015094889736964025,0.02414,687.4
8450.899135351181,0.002074300000000001,0.015414484804392593,0.02414,687.4
8450.999159574509,0.0005205999999999961,0.015547773614195293,0.02414,687.4
8451.099187850952,-0.0011577999999999866,0.015506489201753348,0.02414,687.4
8451.19918513298,-0.002562900000000007,0.01533413027773826,0.02414,687.4
8451.299286365509,-0.003702199999999989,0.015094791922203879,0.02414,687.4
8451.399150371552,-0.004740200000000014,0.014800067773434032,0.02414,687.4
8451.499162197113,-0.006047699999999989,0.014310251056628295,0.02414,687.4
8451.599180698395,-0.006047699999999989,0.014310251056628295,0.02414,687.4
8451.69918847084,-0.007556199999999999,0.013573154565465761,0.02414,687.4
8451.79916357994,-0.0088728,0.012737579479522157,0.02414,687.4
8451.899158477783,-0.010188099999999992,0.011693892548194366,0.02414,687.4
8451.999127626419,-0.011384000000000005,0.010515520468169524,0.02414,687.4
8452.099172830582,-0.012376599999999988,0.00931275189320143,0.02414,687.4
8452.199185609818,-0.013290200000000002,0.007904044188741195,0.02414,687.4
8452.299170255661,-0.014057299999999981,0.006410826014279378,0.02414,687.4
8452.399191141129,-0.014619300000000002,0.004956657162861214,0.02414,687.4
8452.499164819717,-0.015051300000000004,0.0033341104924236448,0.02414,687.4
8452.599167585373,-0.01531059999999998,0.0016752594533098672,0.02414,687.4
8452.699508190155,-0.01531059999999998,0.0016752594533098672,0.02414,687.4
8452.799140691757,-0.015382999999999994,-2.400357251519658e-06,0.02414,687.4
8452.899176836014,-0.015283400000000003,-0.0015584212287166506,0.02414,687.4
8452.99917435646,-0.015029799999999996,-0.003096730082264465,0.02414,687.4
8453.099183559418,-0.014548599999999981,-0.004830012897919185,0.02414,687.4
8453.199169158936,-0.01396,-0.006273768029258837,0.02414,687.4
8453.299162387848,-0.013176499999999994,-0.007758416313999844,0.02414,687.4
8453.39918756485,-0.012311100000000005,-0.009055228746206519,0.02414,687.4
8453.499186992645,-0.011229199999999995,-0.010339392368936537,0.02414,687.4
8453.59918808937,-0.010017999999999999,-0.011502210496850844,0.02414,687.4
8453.699192523956,-0.008785000000000001,-0.012456658776354233,0.02414,687.4
8453.799170732498,-0.007249199999999997,-0.01339282894054819,0.02414,687.4
8453.899188518524,-0.005949099999999999,-0.014010011717043185,0.02414,687.4
8453.999151468277,-0.005949099999999999,-0.014010011717043185,0.02414,687.4
8454.09918832779,-0.0047233,-0.014463426250412671,0.02414,687.4
8454.199186325073,-0.003482900000000011,-0.014806006823804847,0.02414,687.4
8454.29918718338,-0.0024837000000000053,-0.015004549840698093,0.02414,687.4
8454.399171113968,-0.0009360999999999953,-0.015182126020336799,0.02414,687.4
8454.499186992645,0.0006230000000000124,-0.015199719432325301,0.02414,687.4
8454.59913778305,0.0022941999999999962,-0.01503857753763848,0.02414,687.4
8454.699187994003,0.0038222000000000117,-0.014728201621997845,0.02414,687.4
8454.799180269241,0.005423499999999998,-0.014223382400388548,0.02414,687.4
8454.89919257164,0.006959300000000002,-0.013544849498207182,0.02414,687.4
8454.999185800552,0.008310399999999996,-0.012764269466553492,0.02414,687.4
8455.099191188812,0.008310399999999996,-0.012764269466553492,0.02414,687.4
8455.199171066284,0.009675399999999987,-0.011789580115359077,0.02414,687.4
8455.299180746078,0.01083300000000001,-0.01074506908361255,0.02414,687.4
8455.399186611176,0.011958400000000008,-0.009499249289436476,0.02414,687.4
8455.499190568924,0.012945299999999979,-0.008141065940374725,0.02414,687.4
8455.599173784256,0.013164999999999982,-0.007784796036398228,0.02414,687.4
8455.699127435684,0.013164999999999982,-0.007784796036398228,0.02414,0.0
8455.79917383194,0.010546699999999978,-0.006731966976873893,0.02414,0.0
8456.299176216125,-0.011330999999999994,0.002065165795186303,0.02414,0.0
8456.39918923378,-0.011330999999999994,0.002065165795186303,0.02414,687.4
8456.499149560928,-0.011200700000000008,0.002734598151508512,0.02414,687.4
8456.599155664444,-0.0107101,0.0043397678306467055,0.02414,687.4
8456.699187517166,-0.010045300000000007,0.005749474473877157,0.02414,687.4
8456.799186468124,-0.00905199999999999,0.007248126324651626,0.02414,687.4
8456.899117946625,-0.0080128,0.008409100622208295,0.02414,687.4
8456.99919629097,-0.006820900000000005,0.009413151341931533,0.02414,687.4
8457.099074363708,-0.005299100000000001,0.010370344575802652,0.02414,687.4
8457.199137210846,-0.003868399999999994,0.01098876350292564,0.02414,687.4
8457.299189090729,-0.0023704999999999837,0.011419995839581323,0.02414,687.4
8457.39917755127,-0.0023704999999999837,0.011419995839581323,0.02414,687.4
8457.499192476273,-0.0005862999999999979,0.011641230918157733,0.02414,687.4
8457.599190235138,0.0009718000000000088,0.011620284872072003,0.02414,687.4
8457.69915175438,0.0026286000000000087,0.011355488709318032,0.02414,687.4
8457.799134492874,0.004118900000000009,0.010899014986131737,0.02414,687.4
8457.899068832397,0.005637200000000009,0.010183884270993877,0.02414,687.4
8457.999148607254,0.006938200000000019,0.009326049964745169,0.02414,687.4
8458.099160909653,0.008282999999999999,0.00813398855413604,0.02414,687.4
8458.199228525162,0.009282000000000012,0.006938043853291439,0.02414,687.4
8458.29920887947,0.010115700000000005,0.005621479943289497,0.02414,687.4
8458.399188518524,0.010799699999999995,0.004089191654615198,0.02414,687.4
8458.499181985855,0.011261400000000005,0.002475529109347615,0.02414,687.4
8458.599202394485,0.011261400000000005,0.002475529109347615,0.02414,687.4
8458.699219703674,0.011467599999999994,0.0008101476403909527,0.02414,687.4
8458.79924416542,0.011452099999999993,-0.0007480105057122016,0.02414,687.4
8458.899177312851,0.011197099999999988,-0.002406253865096311,0.02414,687.4
8458.99919128418,0.010745600000000008,-0.0038980402594099295,0.02414,687.4
8459.099156856537,0.009979400000000013,-0.005524491011251714,0.02414,687.4
8459.199165582657,0.009114799999999978,-0.006821009999177917,0.02414,687.4
8459.299189567566,0.0079129,-0.008156913336765818,0.02414,687.4
8459.39918589592,0.006712799999999977,-0.00915103941021135,0.02414,687.4
8459.499187231064,0.0053914000000000045,-0.009977081108917811,0.02414,687.4
8459.59918665886,0.003967599999999988,-0.01061081677629358,0.02414,687.4
8459.699187517166,0.0023563000000000056,-0.01108131485668213,0.02414,687.4
8459.799149513245,0.0023563000000000056,-0.01108131485668213,0.02414,687.4
8459.89923453331,0.0006916000000000005,-0.011293959254368949,0.02414,687.4
8459.9992249012,-0.0008664999999999923,-0.011284034608091166,0.02414,687.4
8460.099224567413,-0.002526299999999995,-0.01103879429361223,0.02414,687.4
8460.19920539856,-0.0041326,-0.010551841137103099,0.02414,687.4
8460.299196720123,-0.005753400000000006,-0.009773851492539225,0.02414,687.4
8460.40640616417,-0.007142599999999971,-0.00883205202251238,0.02414,687.4
8460.499237537384,-0.008212300000000006,-0.007869955768466864,0.02414,687.4
8460.599171638489,-0.00921920000000001,-0.006680443682705053,0.02414,687.4
8460.699185848236,-0.01018079999999999,-0.005161453465574482,0.02414,687.4
8460.799182653427,-0.0108452,-0.003620260260561413,0.02414,687.4
8460.899195194244,-0.011239700000000005,-0.0022363464511683875,0.02414,687.4
8460.999560117722,-0.011239700000000005,-0.0022363464511683875,0.02414,687.4
8461.099153757095,-0.011462300000000009,-0.0005732000716099014,0.02414,687.4
8461.199188709259,-0.011451399999999987,0.0011047739744007093,0.02414,687.4
8461.299191713333,-0.011330999999999994,0.002065165795186303,0.02414,687.4
8461.399193286896,-0.011330999999999994,0.002065165795186303,0.02414,687.4
8461.499189853668,-0.010653700000000002,0.0019129496080069613,0.02414,0.0
8461.599176168442,-0.0025663000000000075,9.533116070232356e-05,0.02414,0.0
8461.999188184738,0.013194999999999985,-0.0034468045830159458,0.02414,0.0
8462.099190473557,0.013194999999999985,-0.0034468045830159458,0.02414,687.4
8462.199189424515,0.013231699999999999,-0.003308061305731913,0.02414,687.4
8462.299188375473,0.013548300000000013,-0.0017225037072913785,0.02414,687.4
8462.399155378342,0.013640100000000002,-0.0009367266910878941,0.02414,687.4
8462.499191999435,0.01365849999999999,0.0008598271042021682,0.02414,687.4
8462.599179983139,0.013498900000000008,0.0024103164845945407,0.02414,687.4
8462.699184417725,0.013153399999999996,0.0039306198759445285,0.02414,687.4
8462.799179315567,0.012548600000000007,0.005624343503586,0.02414,687.4
8462.899159193039,0.01184499999999998,0.007015457796057868,0.02414,687.4
8462.999053478241,0.010920200000000005,0.008416650781990196,0.02414,687.4
8463.099158287048,0.009906299999999993,0.009600729191439304,0.02414,687.4
8463.199197292328,0.008772100000000019,0.010670306771364865,0.02414,687.4
8463.299179553986,0.008772100000000019,0.010670306771364865,0.02414,687.4
8463.399152994156,0.0073165000000000036,0.011726174229537319,0.02414,687.4
8463.499175786972,0.005958400000000003,0.012491710694144849,0.02414,687.4
8463.599175930023,0.004402800000000012,0.013123406901642785,0.02414,687.4
8463.699378967285,0.002783799999999989,0.013567427444872788,0.02414,687.4
8463.799149990082,0.001122099999999987,0.01380531322909007,0.02414,687.4
8463.899186611176,-0.0004362999999999728,0.013845794332282092,0.02414,687.4
8463.99917960167,-0.001988599999999993,0.013704913780360078,0.02414,687.4
8464.099189281464,-0.0036319999999999963,0.013361823341998348,0.02414,687.4
8464.19919013977,-0.005219200000000007,0.01281560110201823,0.02414,687.4
8464.29915714264,-0.006731299999999996,0.012086054770637622,0.02414,687.4
8464.399152755737,-0.006731299999999996,0.012086054770637622,0.02414,687.4
8464.499192476273,-0.008137399999999989,0.011168791192651566,0.02414,687.4
8464.599185466766,-0.009336999999999984,0.01017303770953741,0.02414,687.4
8464.699189662933,-0.010413499999999992,0.009045406405600202,0.02414,687.4
8464.799183130264,-0.0115532,0.007502075925949068,0.02414,687.4
8464.899194478989,-0.012254100000000004,0.00624531175555635,0.02414,687.4
8464.999187707901,-0.012866899999999987,0.004811991135463829,0.02414,687.4
8465.09918999672,-0.013340999999999992,0.0032017998302223925,0.02414,687.4
8465.19917845726,-0.013627799999999995,0.0014262128721868605,0.02414,687.4
8465.299193382263,-0.013682999999999987,-1.2227188769066422e-05,0.02414,687.4
8465.399210453033,-0.013555999999999999,-0.0016864157593043036,0.02414,687.4
8465.599162578583,-0.013225799999999996,-0.003332380777083692,0.02414,687.4
8465.69923877716,-0.012693500000000024,-0.004924566620127364,0.02414,687.4
8465.79921746254,-0.011973499999999998,-0.006440518438609821,0.02414,687.4
8465.899237155914,-0.011145100000000005,-0.007761161268367504,0.02414,687.4
8465.999217033386,-0.010090799999999997,-0.009067311458290983,0.02414,687.4
8466.099178791046,-0.008974799999999991,-0.01015589343918448,0.02414,687.4
8466.199182033539,-0.007644300000000007,-0.011179989080983464,0.02414,687.4
8466.29915356636,-0.0060877000000000014,-0.012081363680240965,0.02414,687.4
8466.399188756943,-0.004654100000000008,-0.012693447807041243,0.02414,687.4
8466.499164104462,-0.003159200000000001,-0.013135408099224588,0.02414,687.4
8466.599105596542,-0.001506400000000005,-0.013427582923147115,0.02414,687.4
8466.699142217636,5.0400000000005996e-05,-0.013507762611449932,0.02414,687.4
8466.799188375473,5.0400000000005996e-05,-0.013507762611449932,0.02414,687.4
8466.899134159088,0.0017256999999999967,-0.013402732795657173,0.02414,687.4
8466.999189376831,0.0033746999999999944,-0.013087258230321822,0.02414,687.4
8467.099187850952,0.004974200000000026,-0.012577319567849084,0.02414,687.4
8467.199173927307,0.006389999999999993,-0.011924342287647438,0.02414,687.4
8467.299169063568,0.007825899999999997,-0.011054327454554091,0.02414,687.4
8467.399173498154,0.0091368,-0.010005402476433889,0.02414,687.4
8467.499081373215,0.010241200000000006,-0.00890526843959414,0.02414,687.4
8467.599152088165,0.011204199999999984,-0.0076790607261157315,0.02414,687.4
8467.69917345047,0.01208250000000001,-0.006248408036799422,0.02414,687.4
8467.79917216301,0.012818700000000002,-0.00460754166871484,0.02414,687.4
8467.899187326431,0.013189699999999985,-0.003464789254045038,0.02414,687.4
8467.999191999435,0.013189699999999985,-0.003464789254045038,0.02414,687.4
8468.099195241928,0.013194999999999985,-0.0034468045830159458,0.02414,687.4
8468.199157476425,0.013141799999999995,-0.0034351339211408025,0.02414,0.0
8468.299187898636,0.006240800000000005,-0.0019132801437136762,0.02414,0.0
8468.699161291122,-0.013009999999999994,0.002332197047338388,0.02414,0.0
8468.799167633057,-0.013009999999999994,0.002332197047338388,0.02414,687.4
8468.899140119553,-0.0128278,0.003235750503571437,0.02414,687.4
8468.999166965485,-0.012336399999999997,0.00484082236794945,0.02414,687.4
8469.099166154861,-0.012336399999999997,0.00484082236794945,0.02414,687.4
8469.199169158936,-0.011644299999999996,0.006370051466806848,0.02414,687.4
8469.299151659012,-0.010899699999999998,0.007601455644740206,0.02414,687.4
8469.399151563644,-0.009862699999999988,0.008920883115038677,0.02414,687.4
8469.499124288559,-0.008582900000000004,0.010183157985335433,0.02414,687.4
8469.599148988724,-0.007345699999999997,0.01113119444092477,0.02414,687.4
8469.69915652275,-0.006001699999999999,0.011921343821164533,0.02414,687.4
8469.799170255661,-0.004458799999999999,0.012582911782255707,0.02414,687.4
8469.899181127548,-0.002847299999999997,0.01305309562719503,0.02414,687.4
8469.999183893204,-0.001308500000000004,0.013303965247506929,0.02414,687.4
8470.099136352539,0.0003692999999999891,0.013353742526078287,0.02414,687.4
8470.199179172516,0.0020403999999999978,0.013199074828811733,0.02414,687.4
8470.29917550087,0.0020403999999999978,0.013199074828811733,0.02414,687.4
8470.399187803268,0.0036793999999999993,0.01283797892825228,0.02414,687.4
8470.499196767807,0.0051485,0.012316683839353519,0.02414,687.4
8470.599178552628,0.006544800000000003,0.011620780607051268,0.02414,687.4
8470.699197769165,0.007943999999999993,0.0106965886790031,0.02414,687.4
8470.79915547371,0.009221799999999988,0.009608202327629843,0.02414,687.4
8470.899563074112,0.0104152,0.008263512679632087,0.02414,687.4
8470.99913096428,0.011234400000000005,0.007080572606050786,0.02414,687.4
8471.099175453186,0.012022599999999994,0.005598473646157145,0.02414,687.4
8471.199184417725,0.012615299999999996,0.0040280579496178755,0.02414,687.4
8471.299171447754,0.012999399999999994,0.0023940570379941545,0.02414,687.4
8471.39907860756,0.013168099999999988,0.0008449994377500158,0.02414,687.4
8471.49915599823,0.013168099999999988,0.0008449994377500158,0.02414,687.4
8471.599178791046,0.013143399999999986,-0.0009528883229281346,0.02414,687.4
8471.699201345444,0.012924000000000005,-0.0024963166173393794,0.02414,687.4
8471.799110651016,0.01251419999999999,-0.004000674797538115,0.02414,687.4
8471.899160861969,0.011932200000000004,-0.00544668580944474,0.02414,687.4
8471.999191999435,0.011064699999999997,-0.0070224165763676655,0.02414,687.4
8472.09918475151,0.01013520000000001,-0.008274061305896974,0.02414,687.4
8472.199179410934,0.008975999999999984,-0.00948748081280118,0.02414,687.4
8472.29920554161,0.007774700000000009,-0.010480077291338354,0.02414,687.4
8472.399196624756,0.006360600000000008,-0.011383805585922918,0.02414,687.4
8472.49918103218,0.0048426000000000025,-0.012100486687137917,0.02414,687.4
8472.599174261093,0.0048426000000000025,-0.012100486687137917,0.02414,687.4
8472.699075222015,0.003243800000000005,-0.012611759314998812,0.02414,687.4
8472.799049139023,0.001713100000000009,-0.012905582339758671,0.02414,687.4
8472.899138212204,3.88000000000055e-05,-0.013027046440503294,0.02414,687.4
8472.99916934967,-0.0017548999999999898,-0.012899345354196144,0.02414,687.4
8473.099153280258,-0.0031684000000000018,-0.012630665901206664,0.02414,687.4
8473.19918680191,-0.00477039999999998,-0.012129220104863309,0.02414,687.4
8473.299188375473,-0.006397600000000003,-0.011363467219566763,0.02414,687.4
8473.399166822433,-0.0076151,-0.010596834001428891,0.02414,687.4
8473.499188184738,-0.00891829999999999,-0.009539534763108162,0.02414,687.4
8473.599185943604,-0.010003399999999996,-0.008421472287662025,0.02414,687.4
8473.699189424515,-0.011022199999999996,-0.007087335756840337,0.02414,687.4
8473.799185991287,-0.011022199999999996,-0.007087335756840337,0.02414,687.4
8473.89917588234,-0.011847499999999997,-0.005625498139711388,0.02414,687.4
8473.999183893204,-0.012488099999999988,-0.0040738912146198875,0.02414,687.4
8474.099177360535,-0.012907899999999986,-0.0025723758035489236,0.02414,687.4
8474.199163675308,-0.013145999999999991,-0.0009107590188988518,0.02414,687.4
8474.299187660217,-0.013166299999999978,0.0008871287417793194,0.02414,687.4
8474.399188041687,-0.013025599999999998,0.002228130729061837,0.02414,687.4
8474.499193668365,-0.013009999999999994,0.002332197047338388,0.02414,687.4
8474.59918999672,-0.013009999999999994,0.002332197047338388,0.02414,0.0
8474.69915509224,-0.013009999999999994,0.0023331025661949,0.02414,0.0
8479.590324322256,-0.011512000000000008,0.025819000000000057,0.02414,0.0
