5711.432276508405,-0.0105139999999999,0.0059579755037746,0.06035,0.0
5711.5328264447,-0.0105139999999999,0.005957628462397,0.06035,0.0
5711.633410236433,-0.010514,0.0059557938796048,0.06035,0.0
5711.733979961469,-0.0105139999999999,0.0059543721090159,0.06035,0.0
5711.834559938505,-0.0105139999999999,0.0059530182053349,0.06035,0.0
5711.935132524564,-0.0105139999999999,0.005951468344428,0.06035,0.0
5712.035726329877,-0.0105139999999999,0.005950003116026,0.06035,0.0
5712.136298915937,-0.0105139999999999,0.0059484565530952,0.06035,0.0
5712.236826440885,-0.010514,0.0059471156058869,0.06035,0.0
5712.337397596433,-0.010514,0.0059455987872336,0.06035,0.0
5712.4390328141,-0.0105139999999999,0.0059439915592493,0.06035,0.0
5712.539548656538,-0.0105139999999999,0.0059422626997507,0.06035,0.0
5712.6401238652015,-0.0105139999999999,0.0059402694409478,0.06035,0.0
5712.740723630979,-0.0105139999999999,0.0059390798824227,0.06035,0.0
5712.850214740827,-0.0105139999999999,0.0059377456488705,0.06035,0.0
5712.940725347593,-0.0105139999999999,0.0059361569659392,0.06035,0.0
5713.041277191236,-0.010514,0.0059348347737956,0.06035,0.0
5713.131780407026,-0.010514,0.005933295343622,0.06035,0.0
5713.232362529829,-0.0105139999999999,0.0059319888569608,0.06035,0.0
5713.332932016447,-0.010514,0.0059303398210484,0.06035,0.0
5713.433509609296,-0.0105139999999999,0.0059286888448113,0.06035,0.0
5713.534037372663,-0.0105139999999999,0.0058780172916644,0.06035,0.0
5714.397632143095,-0.0089720865221718,-0.0037480397684728,0.06035,0.0
5714.4982946129585,-0.0083919026769837,-0.0073867874590657,0.06035,0.0
5714.598856470182,-0.0078210878783717,-0.0109671053200728,0.06035,0.0
5714.699410459592,-0.0072612552080257,-0.0144781669107513,0.06035,0.0
5714.800005933836,-0.006678194810253,-0.0181347928103045,0.06035,0.0
5714.900542995527,-0.0060973012892088,-0.0217778292813924,0.06035,0.0
5715.001102230146,-0.0055374213165109,-0.0252891040707073,0.06035,0.0
5715.101660749509,-0.0049626982507832,-0.0288939129301075,0.06035,0.0
5715.20315100868,-0.0044362097226257,-0.0321957304106552,0.06035,0.0
5715.303720018461,-0.0042507221792489,-0.033358790999186,0.06035,0.0
5715.404281875684,-0.0042479999999999,-0.0333757805347775,0.06035,0.0
5715.5031473847175,-0.0040291633824442,-0.0334196888784863,0.06035,900.0
5715.603724739149,-0.0031513611393577,-0.0335737232288498,0.06035,900.0
5715.704315921857,-0.0016526265499521,-0.0337801730269454,0.06035,900.0
5715.804884216383,-0.0001793717830016,-0.0338587064142137,0.06035,900.0
5715.905453464582,0.0013181453789325,-0.0338166721130501,0.06035,900.0
5716.006012222364,0.0028479295837445,-0.033641313281925,0.06035,900.0
5716.106598636701,0.004306834571051,-0.0333465454426566,0.06035,900.0
5716.2072007866645,0.0057485217595169,-0.0329311593428327,0.06035,900.0
5716.29770638664,0.0070132807454847,-0.0324494362560884,0.06035,900.0
5716.404889366224,0.0084672333426585,-0.0317616921416301,0.06035,900.0
5716.505451938703,0.0097678184047121,-0.0310090938938074,0.06035,900.0
5716.6060195179725,0.0110016800190119,-0.0301523128319048,0.06035,900.0
5716.706582090452,0.0121597277613344,-0.0292073274110547,0.06035,900.0
5716.807177326276,0.0132270285370877,-0.0281660184762766,0.06035,900.0
5716.897691747739,0.014135180835251,-0.0271356522206396,0.06035,900.0
5716.998268386915,0.015080155568088,-0.0258734748975574,0.06035,900.0
5717.098835489347,0.0158804754829045,-0.0246038723768063,0.06035,900.0
5717.199408313825,0.016559164300946,-0.0232780188005046,0.06035,900.0
5717.300113460615,0.017107860438153,-0.0219160421046398,0.06035,900.0
5717.400693199232,0.0175592987758072,-0.0205047530438392,0.06035,900.0
5717.501261732175,0.0179026323728923,-0.0190255034385562,0.06035,900.0
5717.607529422834,0.0181329108126636,-0.0174526460585861,0.06035,900.0
5717.69803836067,0.0182184009563321,-0.016107370548661,0.06035,900.0
5717.798607132032,0.0181878106355382,-0.0145710655274136,0.06035,900.0
5717.8991751881385,0.0180390739192476,-0.0130562544055036,0.06035,900.0
5717.999784490659,0.0177790421005987,-0.0116188226619425,0.06035,900.0
5718.100345632627,0.0173851828750866,-0.0101332427909695,0.06035,900.0
5718.200899860456,0.0168490108894666,-0.0086603242659622,0.06035,900.0
5718.301466247633,0.0162165042362069,-0.0072897298344776,0.06035,900.0
5718.402026912763,0.0155095391256645,-0.0060401345158103,0.06035,900.0
5718.503374120786,0.0146775394006874,-0.0048085068844414,0.06035,900.0
5718.604294082716,0.0136956883768953,-0.0036038994087859,0.06035,900.0
5718.704857370451,0.0126167841235453,-0.0024845882839565,0.06035,900.0
5718.805434724882,0.0114968273202254,-0.001491355461823,0.06035,900.0
5719.779711744382,-0.002103458995406,0.0024731884552866,0.06035,900.0
5719.880276939466,-0.0036182774509387,0.0022360829670665,0.06035,900.0
5719.9812047692085,-0.0050631372177542,0.0018770605567136,0.06035,900.0
5720.081774017408,-0.0064801264621804,0.0014006133731123,0.06035,900.0
5720.182345172956,-0.007866306149356,0.0008135601588069,0.06035,900.0
5720.282884141996,-0.0092506168816363,8.877541017932034e-05,0.06035,900.0
5720.385898849561,-0.0104937416491869,-0.000714193307075,0.06035,900.0
5720.486477157667,-0.0117200859903447,-0.0016581714021054,0.06035,900.0
5720.58708932121,-0.0128265606164207,-0.0026740769921602,0.06035,900.0
5720.687671444013,-0.0138443115104318,-0.003762864631031,0.06035,900.0
5720.788246652677,-0.0147632019732401,-0.0049480153313608,0.06035,900.0
5720.888815424039,-0.0155979200011465,-0.0062090915911433,0.06035,900.0
5720.989383956983,-0.0163203791806139,-0.0075283675567958,0.06035,900.0
5721.079867145612,-0.0168775644794459,-0.0087642444952601,0.06035,900.0
5721.180428525999,-0.0173932965333969,-0.0101845579964167,0.06035,900.0
5721.280994436338,-0.0177838971473114,-0.0116259238638801,0.06035,900.0
5721.381577035978,-0.0180471887074402,-0.0130816917482874,0.06035,900.0
5721.482140323713,-0.0182028068089035,-0.0145855588727765,0.06035,900.0
5721.582706949308,-0.0182336378288744,-0.0161816423836597,0.06035,900.0
5721.683277151182,-0.0181219320417447,-0.0176426238336637,0.06035,900.0
5721.78393223007,-0.0178908666794427,-0.019122574415271,0.06035,900.0
5721.885873338773,-0.0175147137257372,-0.0206523181837171,0.06035,900.0
5721.987603923872,-0.0170445807238832,-0.0220876157710435,0.06035,900.0
5722.0882137032295,-0.0164588619100199,-0.0234636764082379,0.06035,900.0
5722.1887214394355,-0.0157577776880375,-0.0247776763771777,0.06035,900.0
5722.289282342985,-0.0149516401689403,-0.0260378054600349,0.06035,900.0
5722.379815361097,-0.0141343343951344,-0.0271340309704483,0.06035,900.0
5722.480384847715,-0.0131370587712836,-0.0282651919010884,0.06035,900.0
5722.580932876661,-0.0120848874858121,-0.0292866086784082,0.06035,900.0
5722.681473514631,-0.0109043922057341,-0.0302415105866826,0.06035,900.0
5722.782004615858,-0.009683014507849,-0.0310777110188672,0.06035,900.0
5722.882579347684,-0.0083122188134081,-0.0318574999895716,0.06035,900.0
5722.983098051145,-0.0069637070240175,-0.0324761056716395,0.06035,900.0
5723.083661815717,-0.0055231916333,-0.0329938647350771,0.06035,900.0
5723.184226057127,-0.0045267936746897,-0.0332981680000042,0.06035,900.0
5723.2847995968605,-0.0042479999999999,-0.0333757805347775,0.06035,900.0
5723.385360738828,-0.0042755088805365,-0.0332675857341021,0.06035,900.0
5723.485937139585,-0.0050977333028554,-0.0300316968573379,0.06035,900.0
5723.586512586668,-0.0068925139579391,-0.0229679884916634,0.06035,900.0
5723.685975334241,-0.0083881171164919,-0.0170815089179913,0.06035,900.0
5723.786515256956,-0.008622,-0.0161607911917662,0.06035,900.0
5723.887079259946,-0.008622,-0.0161524114540134,0.06035,900.0
5723.987647077634,-0.008622,-0.0160267073405844,0.06035,900.0
5724.088340780332,-0.0085582047761364,-0.014663392755644,0.06035,900.0
5724.188910505369,-0.0082565862385725,-0.013201676862134,0.06035,900.0
5724.289479991987,-0.0078068783675954,-0.0120048388221973,0.06035,900.0
5724.37999107559,-0.0073758458979374,-0.0111883382516322,0.06035,900.0
5724.480539581373,-0.0067627065334718,-0.0103144279829534,0.06035,900.0
5724.581041357114,-0.0058574860693108,-0.0093488510664687,0.06035,900.0
5724.681611558988,-0.004729293366757,-0.0084449176917351,0.06035,900.0
5724.782170078352,-0.0034979705913935,-0.0077700807900021,0.06035,900.0
5724.882730743482,-0.0021039902578171,-0.007282959779228,0.06035,900.0
5724.9832921238685,-0.0006239009903492,-0.0070417120231699,0.06035,900.0
5725.0838825913215,0.0008764172516135,-0.0070429060883247,0.06035,900.0
5725.1856122227455,0.0023681115504112,-0.0073508709194018,0.06035,900.0
5725.286176940992,0.0037687587098982,-0.0078677918955814,0.06035,900.0
5725.386746904447,0.0046345972486403,-0.0083520025470538,0.06035,900.0
5725.487318775251,0.0055600503410418,-0.0090606092328517,0.06035,900.0
5725.58788134773,0.006463615668369,-0.0099144760994822,0.06035,900.0
5725.688446542814,0.0071586460201506,-0.0108123305497054,0.06035,900.0
5725.789010068967,0.0076521960079872,-0.0116203277120271,0.06035,900.0
5725.889574071958,0.0080414457072305,-0.0123651611695888,0.06035,900.0
5725.980072042539,0.0083258672694792,-0.0132409954330456,0.06035,900.0
5726.081123134687,0.0085723493273114,-0.014694281615549,0.06035,900.0
5726.181693336561,0.0085979181519789,-0.0161787926196116,0.06035,900.0
5726.282256624296,0.0083833498455675,-0.017691684545675,0.06035,900.0
5726.382815620496,0.0081344731015626,-0.0188625061139443,0.06035,900.0
5726.4833102436805,0.0077874411426403,-0.0196786574876409,0.06035,900.0
5726.583870193555,0.0072301037411747,-0.0204040790602895,0.06035,900.0
5726.689085743024,0.0066148856125565,-0.021221107791185,0.06035,900.0
5726.7809612961555,0.0057462928060923,-0.022054194664471,0.06035,900.0
5726.881521007612,0.0048805654798018,-0.0227757663811818,0.06035,900.0
5726.982084533765,0.0040397102769835,-0.0232823207731958,0.06035,900.0
5727.082659504011,0.0026327448493858,-0.0238067622939531,0.06035,900.0
5727.185639640882,0.0011169462053407,-0.0241526955947326,0.06035,900.0
5727.286201021268,-0.0003532940536359,-0.0242376599734386,0.06035,900.0
5727.386763355329,-0.0018183532340487,-0.0240494140543328,0.06035,900.0
5727.487333795621,-0.003302630902172,-0.0236153991922878,0.06035,900.0
5727.587899705961,-0.0045324782566854,-0.0229563955691891,0.06035,900.0
5727.6884756298805,-0.0057241966347644,-0.0220586328947355,0.06035,900.0
5727.789050123289,-0.0067178302523421,-0.0210550834902224,0.06035,900.0
5727.889570257261,-0.0073441078380035,-0.0202051505993775,0.06035,900.0
5727.980089208677,-0.007768875091205,-0.019421957771626,0.06035,900.0
5728.080668947294,-0.0081926782801324,-0.018269321331687,0.06035,900.0
5728.181236049726,-0.0085131278145533,-0.0169572458731841,0.06035,900.0
5728.281807682111,-0.0086219999999999,-0.0161610041446456,0.06035,900.0
5728.382545015409,-0.0086213971273292,-0.0161628123140165,0.06035,900.0
5728.483108541563,-0.0085027856639166,-0.0165498153023893,0.06035,900.0
5728.5859065266395,-0.0068534373755162,-0.021927961977872,0.06035,900.0
5728.686485550001,-0.0044736960253075,-0.0296881593946992,0.06035,900.0
5728.787046930387,-0.0038982902466044,-0.0315643785759744,0.06035,900.0
5728.887622615888,-0.0038499999999999,-0.0317218325158382,0.06035,900.0
5728.9881823273445,-0.0038006021710437,-0.0317317873327368,0.06035,900.0
5729.088747999265,-0.0027993860188672,-0.0319136111353993,0.06035,900.0
5729.18929793556,-0.0013289086881788,-0.0320928844091165,0.06035,900.0
5729.2798068733955,3.8681645990149005e-05,-0.0321488269754438,0.06035,900.0
5729.380373260572,0.0015501468202672,-0.0320801723132735,0.06035,900.0
5729.480960867002,0.00303068003845,-0.0318698407189123,0.06035,900.0
5729.581501504972,0.0045109718203216,-0.0315424563264557,0.06035,900.0
5729.682091018751,0.0059390126848755,-0.0310613182234357,0.06035,900.0
5729.7826702805305,0.0073050428294096,-0.0304622745437182,0.06035,900.0
5729.883231660917,0.0086340763789171,-0.0297335675857231,0.06035,900.0
5729.98382546623,0.0098846499223737,-0.028870892555005,0.06035,900.0
5730.085724613264,0.0110449280482542,-0.0279189056174089,0.06035,900.0
5730.186281225278,0.0121079516722111,-0.0268692899632026,0.06035,900.0
5730.286844036176,0.0130906451886249,-0.0257019084081092,0.06035,900.0
5730.387390634611,0.013950698141518,-0.0244763377006423,0.06035,900.0
5730.487942478254,0.0146850061772149,-0.0231929779827432,0.06035,900.0
5730.589458009794,0.0153212357907813,-0.0218047048742294,0.06035,900.0
5730.679961702421,0.0157881930581857,-0.0205182207390177,0.06035,900.0
5730.780527851179,0.0161678148406041,-0.0191007983692372,0.06035,900.0
5730.8810453625465,0.0164197090518094,-0.017589055376533,0.06035,900.0
5730.982426187589,0.0165303283739314,-0.0160041482242738,0.06035,900.0
5731.083007595136,0.0165003519999276,-0.014561991660202,0.06035,900.0
5731.183770200803,0.0163168545143834,-0.0130196098109118,0.06035,900.0
5731.28432991226,0.0160145361795251,-0.0115644825682661,0.06035,900.0
5731.38483025749,0.0155836905657323,-0.010135313914252,0.06035,900.0
5731.486283800199,0.0150101021232687,-0.0087366788103528,0.06035,900.0
5731.586841365888,0.0143107746792429,-0.0073759634763012,0.06035,900.0
5731.687423250272,0.0134910695420017,-0.0060897798628442,0.06035,900.0
5731.784631750181,0.0126263739653045,-0.0049712017850445,0.06035,900.0
5731.885233661726,0.0116397389661394,-0.0038953225922944,0.06035,900.0
5731.985796949461,0.0105185225024696,-0.0028720674030821,0.06035,900.0
5732.086371442869,0.0093116269871837,-0.0019675069536016,0.06035,900.0
5732.186936399534,0.0079769298376008,-0.0011428515650074,0.06035,900.0
5732.905981323316,-0.0023991168348431,0.0007154837535498,0.06035,900.0
5733.0065744133735,-0.0038726849842358,0.0004297351124497,0.06035,900.0
5733.107074520185,-0.0053050626318114,1.541433724452229e-05,0.06035,900.0
5733.207654258802,-0.0067380562174946,-0.0005437854817607,0.06035,900.0
5733.315934917524,-0.0082456733571856,-0.0013118345687581,0.06035,900.0
5733.406444332197,-0.0093942754933352,-0.0020159525196839,0.06035,900.0
5733.507024070814,-0.0105372724092828,-0.0028845619396454,0.06035,900.0
5733.6075897427345,-0.0117021277017246,-0.00394899256982,0.06035,900.0
5733.708138725355,-0.0126837135791658,-0.0050291999726538,0.06035,900.0
5733.808700820997,-0.0135666874364347,-0.0061947845189813,0.06035,900.0
5733.909260532453,-0.0143609908302927,-0.0074633036679263,0.06035,900.0
5734.009840509489,-0.0150621179198542,-0.0088458654472366,0.06035,900.0
5734.110400936201,-0.0156316857196371,-0.0102949119148095,0.06035,900.0
5734.210956356123,-0.0160602218961366,-0.0117483934596387,0.06035,900.0
5734.311530134275,-0.0163442133979623,-0.0132114946708031,0.06035,900.0
5734.412086269453,-0.0164957433697258,-0.0146951635055747,0.06035,900.0
5734.512648365095,-0.0165149876540002,-0.0161752645526801,0.06035,900.0
5734.613214513853,-0.016409729308775,-0.0176679406782994,0.06035,900.0
5734.727046033933,-0.0161034710235179,-0.0193319263756972,0.06035,900.0
5734.807501337125,-0.0157796720858145,-0.0205565665888608,0.06035,900.0
5734.908083936765,-0.0152698578732594,-0.021959611610455,0.06035,900.0
5735.0087762089515,-0.0146098161085394,-0.0233429759184871,0.06035,900.0
5735.109364530637,-0.0138555573942753,-0.0246311059249852,0.06035,900.0
5735.20994164665,-0.0129855032471602,-0.0258475607473792,0.06035,900.0
5735.312158128812,-0.0119933232161438,-0.0269884142972539,0.06035,900.0
5735.412722131803,-0.0109085877933773,-0.0280348173024694,0.06035,900.0
5735.513292333677,-0.0097108932760043,-0.0289963780344055,0.06035,900.0
5735.615105173185,-0.0084355538169546,-0.0298326353999572,0.06035,900.0
5735.715661069944,-0.0071407448234048,-0.0305359215031886,0.06035,900.0
5735.806191227033,-0.0058927980781609,-0.0310805194418967,0.06035,900.0
5735.906756183698,-0.0044288771922187,-0.0315587637786437,0.06035,900.0
5736.007334253385,-0.0039256913504691,-0.0317007400688254,0.06035,900.0
5736.107917329862,-0.0038499999999999,-0.0317218325158382,0.06035,900.0
5736.208438417509,-0.0041084038252296,-0.030856214165523,0.06035,900.0
5736.3090193482185,-0.0057606536943594,-0.0253210285401535,0.06035,900.0
5736.409564039304,-0.0079759853903473,-0.0178993903831502,0.06035,900.0
5736.510097524717,-0.009329026990727,-0.0133664375320087,0.06035,900.0
5736.6105721207405,-0.0097049999999999,-0.0121067959316262,0.06035,900.0
5736.715939542844,-0.0097049999999999,-0.0120865608396192,0.06035,900.0
5736.80644180496,-0.0096262398817324,-0.0118487198880787,0.06035,900.0
5736.906996748045,-0.0092619476503187,-0.0109435915306662,0.06035,900.0
5737.007560751035,-0.0087745860562957,-0.0100905154704962,0.06035,900.0
5737.108106395795,-0.0080752588792891,-0.009169012372951,0.06035,900.0
5737.208682319715,-0.0070652237656968,-0.0081201954570682,0.06035,900.0
5737.309244415357,-0.0058930627141765,-0.007183152926139,0.06035,900.0
5737.409807941511,-0.0046482981171894,-0.0064322703152029,0.06035,900.0
5737.5105514736915,-0.0033175746767934,-0.0058658527187786,0.06035,900.0
5737.611079952314,-0.0018899180467693,-0.0055062027225449,0.06035,900.0
5737.711627266004,-0.0004283935821215,-0.0053437102136757,0.06035,900.0
5737.812192937925,0.0010654842901356,-0.0053824966753538,0.06035,900.0
5737.9127519341255,0.0025504755808898,-0.0056281211244367,0.06035,900.0
5738.013274452283,0.0039413376068361,-0.0060876052049489,0.06035,900.0
5738.11384083946,0.005360446062907,-0.006687859399783,0.06035,900.0
5738.215828678205,0.0065006650679781,-0.0072184629410932,0.06035,900.0
5738.306325218275,0.0067483044065921,-0.0077546360714051,0.06035,900.0
5738.406875631406,0.0077363218078302,-0.0087526716653553,0.06035,900.0
5738.50743748863,0.0084134896232292,-0.0095172685038078,0.06035,900.0
5738.6080072136665,0.0089250480638141,-0.0100225775940767,0.06035,900.0
5738.708583852842,0.0093748538238787,-0.0104659844576357,0.06035,900.0
5738.8098843308235,0.0097124482851388,-0.0114004393058503,0.06035,900.0
5738.9104356976295,0.0099766783539916,-0.0128208837767112,0.06035,900.0
5739.011059543684,0.0102117749967915,-0.014304431593948,0.06035,900.0
5739.11163594444,0.0102952952406024,-0.0158092717088398,0.06035,900.0
5739.212197563245,0.0101774927029174,-0.0173573252665477,0.06035,900.0
5739.312754890516,0.0099062339348771,-0.0188155768607743,0.06035,900.0
5739.413367530897,0.0096322444737716,-0.0202886269935345,0.06035,900.0
5739.514009258344,0.0092287171555519,-0.0207447647223653,0.06035,900.0
5739.614584943845,0.0088194869482762,-0.0214403367208842,0.06035,900.0
5739.715110323026,0.0083924580861224,-0.0218772666262868,0.06035,900.0
5739.815678140714,0.0074524524469925,-0.022780464771848,0.06035,900.0
5739.906160852506,0.0067858404907121,-0.0235320016266498,0.06035,900.0
5740.013696930006,0.0060272566901405,-0.0241890453394006,0.06035,900.0
5740.115001699522,0.0049329025032735,-0.0247506735916022,0.06035,900.0
5740.21557619293,0.0035335910039594,-0.0252961825401016,0.06035,900.0
5740.306086322858,0.0022651973452163,-0.0256889265797799,0.06035,900.0
5740.406643650129,0.0008202866580378,-0.0259187353788383,0.06035,900.0
5740.507315179899,-0.0007590808662943,-0.0259216146046037,0.06035,900.0
5740.607884428098,-0.0021825393736394,-0.0257083506015044,0.06035,900.0
5740.708825132444,-0.0036656771428905,-0.0252851548983485,0.06035,900.0
5740.809351942136,-0.0048778086345235,-0.0247342819394481,0.06035,900.0
5740.909941217496,-0.0061328865308997,-0.0239079480260699,0.06035,900.0
5741.010513803556,-0.0072509119902072,-0.0229396655880712,0.06035,900.0
5741.111084243848,-0.0082313687062597,-0.0219218444236888,0.06035,900.0
5741.211694023206,-0.0089356604237774,-0.0209857401697993,0.06035,900.0
5741.312259695127,-0.0093655483387818,-0.0201202304387557,0.06035,900.0
5741.412792942121,-0.0097462438651112,-0.0190866203283182,0.06035,900.0
5741.506488105848,-0.010057520075692,-0.0178707864478377,0.06035,900.0
5741.607059261396,-0.0102950225243301,-0.0164206070081057,0.06035,900.0
5741.707618019178,-0.0103123956502041,-0.014918121991053,0.06035,900.0
5741.808192751005,-0.0100771415879654,-0.0134378950565567,0.06035,900.0
5741.9087567539955,-0.0097554076567231,-0.0122749035941468,0.06035,900.0
5742.009333393171,-0.0097051705677239,-0.0121067959316262,0.06035,900.0
5742.109875461652,-0.0097024605191535,-0.0121141590228651,0.06035,900.0
5742.210442802503,-0.0083407090131791,-0.0160267143565898,0.06035,900.0
5742.310976049497,-0.0060715413313117,-0.0225463732949439,0.06035,900.0
5742.411528131559,-0.0042261305256403,-0.0278484266594356,0.06035,900.0
5742.512091180875,-0.0034539999999999,-0.0300667669521999,0.06035,900.0
5742.612635395124,-0.0032970935933107,-0.0300978710559331,0.06035,900.0
5742.713394662931,-0.0021693795736113,-0.0303046316529228,0.06035,900.0
5742.813135644987,-0.0005839197834725,-0.030450531042679,0.06035,900.0
5742.9146614285255,0.0008373398761712,-0.0304449342782114,0.06035,900.0
5743.015227577283,0.0023260760962453,-0.0302711933894526,0.06035,900.0
5743.105708143308,0.0037071705983058,-0.0299757770433656,0.06035,900.0
5743.2062616558815,0.0051569124491956,-0.0295192418300424,0.06035,900.0
5743.306833765104,0.0065300863936374,-0.028931000862507,0.06035,900.0
5743.405633470609,0.0078324401211871,-0.0282038284682828,0.06035,900.0
5743.506210348203,0.0090810610708896,-0.0273355913036866,0.06035,900.0
5743.606764099195,0.0102032083564023,-0.0263560358541964,0.06035,900.0
5743.70733740051,0.0112121064449008,-0.02525249099323,0.06035,900.0
5743.807934305265,0.0121948282828486,-0.0240701529962068,0.06035,900.0
5743.908471843793,0.0129920470983419,-0.0228007764787114,0.06035,900.0
5744.0092237206245,0.0136403356273939,-0.0214607758076776,0.06035,900.0
5744.110981247022,0.0141794814306974,-0.0199968046886278,0.06035,900.0
5744.211551687315,0.0145240303466658,-0.01860684122557,0.06035,900.0
5744.312127849653,0.0147480197335828,-0.0171256209712204,0.06035,900.0
5744.412654659345,0.0148170954673162,-0.0156061195648942,0.06035,900.0
5744.513215562894,0.0147425935838539,-0.0141065455317076,0.06035,900.0
5744.613778850629,0.0144985876046514,-0.0125872558909131,0.06035,900.0
5744.714315197065,0.0141135672241946,-0.0111106776696953,0.06035,900.0
5744.8057520600105,0.013647544788166,-0.0098472813660339,0.06035,900.0
5744.906310340955,0.0129823557048359,-0.0084663342189945,0.06035,900.0
5745.006878397062,0.0122280811389399,-0.0072338036840518,0.06035,900.0
5745.107430240705,0.011317256290981,-0.0060350297148821,0.06035,900.0
5745.207993051603,0.0102369283856093,-0.0048977029896191,0.06035,900.0
5745.308560392454,0.0091401455860047,-0.0039541805306636,0.06035,900.0
5745.409132263258,0.0078994669226462,-0.0030903305318017,0.06035,900.0
5745.509702226713,0.0065404299404294,-0.0023310144567074,0.06035,900.0
5745.610282203748,0.005198846387503,-0.0017522801594997,0.06035,900.0
5745.710842153623,0.0037875222807331,-0.0013044040244479,0.06035,900.0
5745.812362215116,0.0022577348283278,-0.0009843041771856,0.06035,900.0
5745.912953636243,0.0007230302740301,-0.0008296195060765,0.06035,900.0
5746.013663789823,-0.0007670483126426,-0.0008232475386722,0.06035,900.0
5746.114230892255,-0.002199513227693,-0.0009667841758686,0.06035,900.0
5746.21479417999,-0.0036888359329755,-0.0012649645328395,0.06035,900.0
5746.313392660215,-0.0051645222575549,-0.0017200743445091,0.06035,900.0
5746.415050050809,-0.0065505730315613,-0.0023140041922385,0.06035,900.0
5746.505563757017,-0.0077578654127895,-0.0029975660057455,0.06035,900.0
5746.606130144193,-0.0089610534430762,-0.0038204521855239,0.06035,900.0
5746.706716081693,-0.0100897066343597,-0.0047785882137153,0.06035,900.0
5746.807293436124,-0.0111307533459248,-0.0058454013481701,0.06035,900.0
5746.907861015394,-0.0120604975816148,-0.0070271594532095,0.06035,900.0
5747.0084233494545,-0.0128800267900848,-0.0082954566146458,0.06035,900.0
5747.109000942304,-0.0135512238173344,-0.0096264472609501,0.06035,900.0
5747.209588310316,-0.0140883950442628,-0.0110290924955555,0.06035,900.0
5747.310159942701,-0.0144917190104346,-0.012493373714669,0.06035,900.0
5747.410743019178,-0.0147459401839532,-0.0139736188568945,0.06035,900.0
5747.511297247007,-0.0148306614675067,-0.0154858192432726,0.06035,900.0
5747.611876508787,-0.0147658049938051,-0.0170397487297958,0.06035,900.0
5747.712438842847,-0.0145387547671021,-0.0185339165084618,0.06035,900.0
5747.813202640607,-0.014174536738463,-0.0199609745503644,0.06035,900.0
5747.913766882017,-0.0136717273067914,-0.0213488697417342,0.06035,900.0
5748.014312765195,-0.0130127278804413,-0.022715067356828,0.06035,900.0
5748.105729362562,-0.0123023294398262,-0.0238888385674274,0.06035,900.0
5748.206299802854,-0.0114121065213411,-0.0250862150821366,0.06035,900.0
5748.306864044263,-0.0103787495919077,-0.0262109197325702,0.06035,900.0
5748.407387992933,-0.009227803436043,-0.0272316592289273,0.06035,900.0
5748.50796272476,-0.0080564039057895,-0.0280818579674684,0.06035,900.0
5748.608543178632,-0.006731720583271,-0.0288471567532596,0.06035,900.0
5748.7090695114875,-0.0052960347016559,-0.0294777612319639,0.06035,900.0
5748.809600851133,-0.0038707094670788,-0.0299438185830855,0.06035,900.0
5748.910158655241,-0.0035003261816118,-0.0300538672494968,0.06035,900.0
5749.010722658231,-0.0034539999999999,-0.0300667669521999,0.06035,900.0
5749.111303112104,-0.0040364698358722,-0.0283841985472246,0.06035,900.0
5749.211852571561,-0.0058415057025639,-0.0231696508311429,0.06035,900.0
5749.312417528226,-0.0084478283038,-0.0156400743049463,0.06035,900.0
5749.4129710408,-0.0101467176919242,-0.0107319405248921,0.06035,900.0
5749.513520977094,-0.010514,-0.0096707585571984,0.06035,900.0
5749.605536243513,-0.0105139999999999,-0.009661206006083,0.06035,900.0
5749.7061908455635,-0.0104824940972388,-0.009548210824467,0.06035,900.0
5749.806700727537,-0.0099832116368588,-0.0087453045765727,0.06035,900.0
5749.907256862714,-0.0090212400301073,-0.0076786140444169,0.06035,900.0
5750.007846376493,-0.0079407067021235,-0.0066251452068129,0.06035,900.0
5750.108365318372,-0.0067285672744407,-0.0056891539236922,0.06035,900.0
5750.208932659223,-0.0055333124380787,-0.0048730950633876,0.06035,900.0
5750.309490463331,-0.0042690450463876,-0.004332634253414,0.06035,900.0
5750.4100580426,-0.0028371976144278,-0.0039553774015942,0.06035,900.0
5750.510627767637,-0.0013048400487905,-0.0036896488283988,0.06035,900.0
5750.611178657606,0.0001908077306865,-0.0036128398466663,0.06035,900.0
5750.711743375852,0.0016473263504769,-0.0037279338755643,0.06035,900.0
5750.812258264616,0.0031309345176726,-0.0040298532167393,0.06035,900.0
5750.912768861845,0.0045873466688499,-0.0045144585754929,0.06035,900.0
5751.013495704725,0.0059610937598541,-0.0050955781049252,0.06035,900.0
5751.114074251249,0.0073460860075043,-0.0056815543334319,0.06035,900.0
5751.214656374052,0.0080825025311606,-0.0062538026709288,0.06035,900.0
5751.315206787183,0.0085782992461305,-0.0070624665468211,0.06035,900.0
5756.259283802106,-0.0105139999999999,-0.0096653352433819,0.06035,0.0
5756.35984732826,-0.0105139999999999,-0.0096642068443416,0.06035,0.0
5756.460368892744,-0.0105139999999999,-0.0096631610455961,0.06035,0.0
5756.562071106031,-0.0105139999999999,-0.009662344097835,0.06035,0.0
5756.662655851438,-0.0105139999999999,-0.0096612778975388,0.06035,0.0
5756.763384601667,-0.0105139999999999,-0.0096601201989898,0.06035,0.0
5756.863925716474,-0.010514,-0.0096591409798189,0.06035,0.0
5756.964483520582,-0.0105139999999999,-0.0096581572164605,0.06035,0.0
5757.065054437711,-0.0105139999999999,-0.0096570799514466,0.06035,0.0
5757.165620586469,-0.0105139999999999,-0.0096560378523068,0.06035,0.0
5757.266167423322,-0.0105139999999999,-0.0096548828541623,0.06035,0.0
5757.36673357208,-0.0105139999999999,-0.0096540288052405,0.06035,0.0
5757.467302105024,-0.0105139999999999,-0.0096529762417764,0.06035,0.0
5757.567884704664,-0.0105139999999999,-0.0096521076432098,0.06035,0.0
5757.668450376585,-0.0105139999999999,-0.0096508602199062,0.06035,0.0
5757.7690284462715,-0.0105139999999999,-0.0096493384815636,0.06035,0.0
5757.85954024513,-0.010514,-0.009648273817208,0.06035,0.0
5757.960126659467,-0.0105139999999999,-0.0096476097380294,0.06035,0.0
5758.060668727949,-0.0105139999999999,-0.0096466507502175,0.06035,0.0
5758.161240360334,-0.0105139999999999,-0.0096453329374495,0.06035,0.0
5758.261816522672,-0.010514,-0.0096443951880991,0.06035,0.0
5758.362401983335,-0.010514,-0.0096436210470212,0.06035,0.0
5758.462989351347,-0.0105139999999999,-0.009642348960384,0.06035,0.0
5758.563553592756,-0.010514,-0.0096410619358353,0.06035,0.0
5758.664955637052,-0.010514,-0.0096400282353566,0.06035,0.0
5758.765624782636,-0.0105139999999999,-0.0096390287858651,0.06035,0.0
5758.8662009449745,-0.0105139999999999,-0.0096378395200485,0.06035,0.0
5758.966724178388,-0.010514,-0.0096367591508869,0.06035,0.0
5759.06731655319,-0.0105139999999999,-0.0096358484153409,0.06035,0.0
5759.168161651685,-0.0105139999999999,-0.0096354572186796,0.06035,0.0
