4689.1734199718685,0.012011,0.0043793578821382,0.05183,0.0
4689.273991604254,0.012011,0.0043779161765778,0.05183,0.0
4689.37451436083,0.0120109999999999,0.0043765964050838,0.05183,0.0
4689.475034256384,0.012011,0.0043751184982703,0.05183,0.0
4689.575591345236,0.012011,0.0043733545893259,0.05183,0.0
4689.676165361807,0.012011,0.0043718890944357,0.05183,0.0
4689.769592543051,0.0120109999999999,0.0043702060705257,0.05183,0.0
4689.870151539251,0.012011,0.0043687157736123,0.05183,0.0
4689.970735569403,0.012011,0.0043670157211703,0.05183,0.0
4690.071476717398,0.012011,0.0043024096170084,0.05183,0.0
4690.1721420482845,0.012011,0.004305496822929,0.05183,0.0
4690.272718449041,0.0120109999999999,0.0043621200602165,0.05183,0.0
4690.373239536688,0.0120109999999999,0.0043606161273288,0.05183,0.0
4690.473777790472,0.012011,0.0043590271745367,0.05183,0.0
4690.572198172018,0.012011,0.0043574820250317,0.05183,0.0
4690.67271830599,0.012011,0.0043560677242887,0.05183,0.0
4690.773278255865,0.0120109999999999,0.004354352686146,0.05183,0.0
4690.874089260504,0.012011,0.0043526919293889,0.05183,0.0
4690.974719782278,0.012011,0.004351004957557,0.05183,0.0
4691.0752799705715,0.012011,0.0043495351709894,0.05183,0.0
4691.175849218771,0.0120109999999999,0.0043479870927088,0.05183,0.0
4691.276407261297,0.0120109999999999,0.0043463783064075,0.05183,0.0
4691.377059240744,0.012011,0.0043451717195688,0.05183,0.0
4691.4776327804775,0.012011,0.0043446547643009,0.05183,0.0
4691.578207512304,0.0120126133446901,0.0043394375031553,0.05183,0.0
4691.6695635513515,0.0121038674295964,0.0040506616107094,0.05183,0.0
4691.770108004019,0.0124650306502401,0.0029079538988195,0.05183,0.0
4691.870676775381,0.012920797917293,0.00146568699542,0.05183,0.0
4691.97188713114,0.0133741640139988,3.136909112484709e-05,0.05183,0.0
4692.072453041479,0.0137954033680852,-0.0013013408020702,0.05183,0.0
4692.17302538912,0.0142559834954281,-0.0027585351386688,0.05183,0.0
4692.272621174261,0.0146866682004007,-0.004121118365554,0.05183,0.0
4692.373327989981,0.0151374918917559,-0.0055474596629435,0.05183,0.0
4692.473888655111,0.0155749079613801,-0.0069315513315592,0.05183,0.0
4692.5744495586605,0.0160065125843909,-0.0082971582157881,0.05183,0.0
4692.675007839605,0.0162942206228827,-0.0092072928668957,0.05183,0.0
4692.775545854971,0.016345,-0.0093678312280214,0.05183,0.0
4692.876129885122,0.0162820461276137,-0.0092199120876208,0.05183,900.0
4692.976691742346,0.0158732649019581,-0.0082853276053327,0.05183,900.0
4693.077291031286,0.0151863220570515,-0.0069379178568848,0.05183,900.0
4693.177858610556,0.0147695894112507,-0.0062511928869953,0.05183,900.0
4693.268389006063,0.0140071333918974,-0.0051672277310012,0.05183,900.0
4693.368937273428,0.0130353551360557,-0.0039846919657511,0.05183,900.0
4693.469658871099,0.0120019202505062,-0.0029222024731426,0.05183,900.0
4693.570250769064,0.010863676317971,-0.0019377538080314,0.05183,900.0
4693.671931047842,0.0096293825300268,-0.0010379158797628,0.05183,900.0
4693.772494812414,0.008360566582734,-0.0002789717256815,0.05183,900.0
4693.873048086569,0.0070117638741401,0.0003848339741786,0.05183,900.0
4693.973613281652,0.0055869061656611,0.000941291533336,0.05183,900.0
4694.0741782383175,0.0041669891968616,0.0013587357957218,0.05183,900.0
4694.1747114853115,0.0026844030976555,0.0016588241209994,0.05183,900.0
4694.275261660025,0.0011881777019415,0.0018226751754022,0.05183,900.0
4694.375831146643,-0.0003182952194154,0.0018547140999844,0.05183,900.0
4694.476403732702,-0.0018146757557655,0.0017625990119999,0.05183,900.0
4694.576930303976,-0.0032965599725884,0.0015389867961773,0.05183,900.0
4694.677490969107,-0.0047554084149975,0.0011931444347139,0.05183,900.0
4694.767992277548,-0.0060712192641181,0.000759774325264,0.05183,900.0
4694.868539352819,-0.0075051725259408,0.0001565363810498,0.05183,900.0
4694.969096203253,-0.0088353436156828,-0.0005452594872832,0.05183,900.0
4695.069687147543,-0.0100624129522254,-0.0013288442249393,0.05183,900.0
4695.171633978292,-0.0112877117443112,-0.0022755456546414,0.05183,900.0
4695.272429724142,-0.0124400404115775,-0.0033346642701969,0.05183,900.0
4695.372989674017,-0.0134598634697653,-0.004444632845536,0.05183,900.0
4695.473539133474,-0.014314853110763,-0.0055801296922469,0.05183,900.0
4695.574117203161,-0.0151090427162918,-0.0068364590168722,0.05183,900.0
4695.674687881872,-0.0158106574011881,-0.0081683479940748,0.05183,900.0
4695.775244255468,-0.0164089730453061,-0.0096024778957397,0.05183,900.0
4695.87580635111,-0.016873848613693,-0.0110815372352614,0.05183,900.0
4695.976327438757,-0.0171951534663772,-0.0125137760036468,0.05183,900.0
4696.076839943335,-0.0173964231176314,-0.0139905332220556,0.05183,900.0
4696.177422066137,-0.0174835199169792,-0.0155411908886483,0.05183,900.0
4696.267937679693,-0.0174380570837293,-0.0168858239269245,0.05183,900.0
4696.368577976629,-0.0172740133569834,-0.0183275637606857,0.05183,900.0
4696.4691541389675,-0.0169725426820561,-0.019880627184234,0.05183,900.0
4696.569742460653,-0.0165577214019572,-0.0212756852785646,0.05183,900.0
4696.670315285131,-0.0159877995127354,-0.022705269019364,0.05183,900.0
4696.770841379568,-0.0153410081232235,-0.0240094297604349,0.05183,900.0
4696.870138903067,-0.0145451698220357,-0.0253249791992108,0.05183,900.0
4696.970714111731,-0.0136436128824326,-0.0265533151946643,0.05183,900.0
4697.071275253698,-0.0126808951882744,-0.0276579977077476,0.05183,900.0
4697.171847362921,-0.0115967677924318,-0.0287032459484092,0.05183,900.0
4697.27241828005,-0.0104260333763709,-0.0296612959927506,0.05183,900.0
4697.372988958761,-0.0092185524663282,-0.0304836175515277,0.05183,900.0
4697.473498602316,-0.0078812775090325,-0.0312355197190313,0.05183,900.0
4697.574935455725,-0.0064728716130095,-0.031874272556353,0.05183,900.0
4697.6754982666225,-0.005087416216445,-0.0323727454342014,0.05183,900.0
4697.7760644153805,-0.0036370065779771,-0.0327418614553455,0.05183,900.0
4697.876579304144,-0.002157916038547,-0.032983798361987,0.05183,900.0
4697.977143068716,-0.0006654140356655,-0.0331015264334398,0.05183,900.0
4698.077710886404,0.0009118914998651,-0.0330836236414467,0.05183,900.0
4698.168210764334,0.0022729455720164,-0.0329613783468749,0.05183,900.0
4698.268775005743,0.0037361279621882,-0.0327024596134349,0.05183,900.0
4698.371562500402,0.0052133304991694,-0.0323136058482875,0.05183,900.0
4698.472149153158,0.0066187362332208,-0.0318061337263518,0.05183,900.0
4698.572747250006,0.0079813852042308,-0.0311863091857107,0.05183,900.0
4698.673295755789,0.0092796495684582,-0.0304491233392486,0.05183,900.0
4698.773854275152,0.0105363631027268,-0.0295941627639005,0.05183,900.0
4698.874423284933,0.0116970390759699,-0.0286394872414517,0.05183,900.0
4698.97499634783,0.012763895600623,-0.0275911549088161,0.05183,900.0
4699.075685043737,0.0137490055532923,-0.0264367182118093,0.05183,900.0
4699.176208992407,0.0146056521800133,-0.0252347515202543,0.05183,900.0
4699.276776094839,0.0151899658932186,-0.0242976267844074,0.05183,900.0
4699.377349157736,0.0157884582501341,-0.0231197542735617,0.05183,900.0
4699.46786667864,0.016318092081225,-0.0218865829898404,0.05183,900.0
4699.568513174459,0.0167557851237479,-0.020620920234305,0.05183,900.0
4699.66908051531,0.0170411838353111,-0.0195540732190757,0.05183,900.0
4699.769659300253,0.0172510308856273,-0.0184717122387385,0.05183,900.0
4699.870225449011,0.0174166662641181,-0.0171877711469872,0.05183,900.0
4699.9707832531185,0.0174992989980305,-0.0157091837871378,0.05183,900.0
4700.071354647085,0.0174337967870976,-0.0141921584716153,0.05183,900.0
4700.171930571005,0.0172516232112599,-0.0127749489455257,0.05183,900.0
4700.272499819204,0.0170624098407627,-0.0117801422797484,0.05183,900.0
4700.373068590567,0.0167903146020336,-0.010735486654571,0.05183,900.0
4700.4736330703945,0.0164845754860766,-0.0097763450044921,0.05183,900.0
4700.574205656454,0.016345,-0.0093678312280214,0.05183,900.0
4700.67476369898,0.0163198392930555,-0.0093780249682244,0.05183,900.0
4700.775326986715,0.0138682552500321,-0.0103702641537472,0.05183,900.0
4700.875890989706,0.0095664634720658,-0.0121113150854304,0.05183,900.0
4700.976431150839,0.008814,-0.0124158341233204,0.05183,900.0
4701.067873020575,0.0088173531653616,-0.0124263715124211,0.05183,900.0
4701.168441076681,0.0088779947946854,-0.0126169390433816,0.05183,900.0
4701.268993873999,0.0092158563257993,-0.0139838732036937,0.05183,900.0
4701.369582434103,0.0093457087369578,-0.0155650028437155,0.05183,900.0
4701.470155020163,0.0092403780163808,-0.0170370097144664,0.05183,900.0
4701.570705194876,0.0088801773633799,-0.0185239907679514,0.05183,900.0
4701.671282310888,0.0082979391901342,-0.0199108514346019,0.05183,900.0
4701.771843929693,0.0075151786705033,-0.0211779373885972,0.05183,900.0
4701.87240697901,0.0065138326428982,-0.0223192737401027,0.05183,900.0
4701.972959776327,0.0053759233647389,-0.0232682495318956,0.05183,900.0
4702.073469181463,0.0041401713835035,-0.0240107168898319,0.05183,900.0
4702.1740198330135,0.0026852842496755,-0.0245931874516497,0.05183,900.0
4702.274575252935,0.0012535156029122,-0.0249074276699767,0.05183,900.0
4702.375135679647,-0.0002382237532739,-0.0249989700383012,0.05183,900.0
4702.47571947138,-0.001723290158964,-0.0248347368703062,0.05183,900.0
4702.576298971579,-0.0032401090136499,-0.0244068365431442,0.05183,900.0
4702.676873941824,-0.0045577433143358,-0.0238009131791317,0.05183,900.0
4702.777439375326,-0.0058075817445226,-0.0229470503631535,0.05183,900.0
4702.867939253256,-0.0067953781646222,-0.0220339811167616,0.05183,900.0
4702.969810982153,-0.0077332777663011,-0.0208737355955609,0.05183,900.0
4703.070317764685,-0.0084637191696446,-0.0195772786899666,0.05183,900.0
4703.170887251303,-0.0089977934727326,-0.0181735090138105,0.05183,900.0
4703.271453400061,-0.0092965823144654,-0.0166972481296065,0.05183,900.0
4703.372022886679,-0.0093492751249471,-0.0151849059891565,0.05183,900.0
4703.4725601867885,-0.0091673065802154,-0.0136803385253212,0.05183,900.0
4703.573124905035,-0.0087305792878324,-0.0122458328600964,0.05183,900.0
4703.673694630072,-0.0080396687060971,-0.0108242411125759,0.05183,900.0
4703.774266262457,-0.007150791270809,-0.0096094427390443,0.05183,900.0
4703.8748223976345,-0.0061292388962213,-0.0085670649876582,0.05183,900.0
4703.975393076345,-0.0048933436277794,-0.007671041375199,0.05183,900.0
4704.075959463522,-0.0035335234229439,-0.0069849093659943,0.05183,900.0
4704.176544685766,-0.0021447236107936,-0.0065339478568036,0.05183,900.0
4704.277115841314,-0.0006780664992832,-0.0063137208392669,0.05183,900.0
4704.377698679373,0.0008779637516475,-0.0063264489543862,0.05183,900.0
4704.468210955069,0.0022245616526613,-0.0065317720502971,0.05183,900.0
4704.568783541128,0.0036234585557834,-0.006998119197394,0.05183,900.0
4704.669347544119,0.004985987758806,-0.0076875380682277,0.05183,900.0
4704.769997854635,0.0061632376583606,-0.0085782324402472,0.05183,900.0
4704.870560665533,0.0071768846734403,-0.0096326920202202,0.05183,900.0
4704.972639341757,0.0080480507147225,-0.0108677383269575,0.05183,900.0
4705.073224564001,0.0086296859496456,-0.0120117400314754,0.05183,900.0
4705.173795004293,0.0088133963263898,-0.012414389393142,0.05183,900.0
4705.274355669424,0.0088139999999999,-0.0124158341233203,0.05183,900.0
4705.374916572973,0.0109060236249345,-0.0128920655840848,0.05183,900.0
4705.475471992895,0.0145716423830595,-0.0137264580105047,0.05183,900.0
4705.5760469631405,0.0157069999999999,-0.0139848180397113,0.05183,900.0
4705.676613111898,0.0156959921104808,-0.0138948704117594,0.05183,900.0
4705.77719380419,0.0156113236738624,-0.0132103863333309,0.05183,900.0
4705.867714901373,0.0153353408637872,-0.0118883989380426,0.05183,900.0
4705.9682920173855,0.0148892023600189,-0.0103970910063941,0.05183,900.0
4706.0701077179165,0.0144444450919802,-0.0092441160464386,0.05183,900.0
4706.170878668234,0.0138061364309001,-0.0079949225853393,0.05183,900.0
4706.271448154852,0.0130172914249143,-0.0067203195524413,0.05183,900.0
4706.371984739706,0.0121155499744905,-0.0055266003653445,0.05183,900.0
4706.472530622885,0.0111063043895089,-0.0044214741916003,0.05183,900.0
4706.573074837133,0.0100071976606037,-0.0034269268824291,0.05183,900.0
4706.674170990393,0.0088006012431291,-0.0025266940259485,0.05183,900.0
4706.774743099615,0.0075157270853514,-0.0017465508425269,0.05183,900.0
4706.8752970890255,0.00610313478763,-0.0010640409481461,0.05183,900.0
4706.975819845602,0.0046973474831571,-0.0005465500170577,0.05183,900.0
4707.076375027105,0.0032575847271548,-0.0001768635964262,0.05183,900.0
4707.176928778097,0.0017734016286782,5.565770423951802e-05,0.05183,900.0
4707.267646809027,0.0004351801830966,0.0001448509435368,0.05183,900.0
4707.368203897879,-0.0010746996401002,0.0001063645855494,0.05183,900.0
4707.468796511099,-0.0025771587374985,-6.135676547067495e-05,0.05183,900.0
4707.569400329992,-0.0040392434112247,-0.0003754134491102,0.05183,900.0
4707.670005579397,-0.0054701660661433,-0.0008317535964663,0.05183,900.0
4707.770564098761,-0.0068621950251546,-0.0014198368693478,0.05183,900.0
4707.871149321005,-0.0081902598990027,-0.0021360665747235,0.05183,900.0
4707.971717138693,-0.0094633794487776,-0.0029862112405762,0.05183,900.0
4708.072392006323,-0.0106274936268615,-0.0039433777090754,0.05183,900.0
4708.172962446615,-0.0116622208258065,-0.0049857583032178,0.05183,900.0
4708.273999710485,-0.0126605180540817,-0.006196077830041,0.05183,900.0
4708.374551792547,-0.0134930512141473,-0.0074413374170892,0.05183,900.0
4708.475128670141,-0.014182073079571,-0.0087196286350158,0.05183,900.0
4708.575699587271,-0.0146964698531791,-0.0098695071897007,0.05183,900.0
4708.676234741613,-0.0151227974555312,-0.0111276386303953,0.05183,900.0
4708.776796360418,-0.0154798268278064,-0.0126067604580485,0.05183,900.0
4708.86730768244,-0.0156798291869355,-0.0138263564089104,0.05183,900.0
4708.967871208593,-0.015768412101155,-0.0149369269915612,0.05183,900.0
4709.068383713171,-0.0157817702222091,-0.0162380268479884,0.05183,900.0
4709.1689455703945,-0.0157198756367548,-0.0171716375046867,0.05183,900.0
4709.269508619711,-0.0154987737002629,-0.0186673713296239,0.05183,900.0
4709.3700375751705,-0.0151197793412198,-0.0201599261196597,0.05183,900.0
4709.4706099228115,-0.0147514749607106,-0.0212464663454284,0.05183,900.0
4709.571131248877,-0.0141738564553033,-0.0225589800895103,0.05183,900.0
4709.671695251867,-0.0134641887107337,-0.0238525647151084,0.05183,900.0
4709.77226569216,-0.012621302524048,-0.0250927519964831,0.05183,900.0
4709.872827787802,-0.0116622247196131,-0.0262575517109475,0.05183,900.0
4709.973409433767,-0.0106066914999604,-0.0273052476549734,0.05183,900.0
4710.073998709127,-0.0094406274870816,-0.0282696552750346,0.05183,900.0
4710.174570341513,-0.0081757938133577,-0.0291282259805715,0.05183,900.0
4710.275142450735,-0.006872193298973,-0.0298370765560075,0.05183,900.0
4710.375699539587,-0.0054239116950948,-0.0304629868823732,0.05183,900.0
4710.476268549368,-0.0039768317047303,-0.0309152656563096,0.05183,900.0
4710.57684232752,-0.0025749800653273,-0.0312097967043479,0.05183,900.0
4710.668600817129,-0.0011524278113185,-0.031365555713571,0.05183,900.0
4710.769166012213,0.0002997179376887,-0.0314054637618896,0.05183,900.0
4710.869743366644,0.0017693947384665,-0.0313077397096893,0.05183,900.0
4710.971299906179,0.0032905298740238,-0.0310580458756411,0.05183,900.0
4711.071918507025,0.0047514266843703,-0.0306728218905239,0.05183,900.0
4711.172497291967,0.0061821140695996,-0.0301462575305056,0.05183,900.0
4711.273061294958,0.007573240211626,-0.0294777962987449,0.05183,900.0
4711.373647709295,0.0088171205200498,-0.0287179033141441,0.05183,900.0
4711.474216242239,0.0100256404986554,-0.0278281813999712,0.05183,900.0
4711.5749876693935,0.0111324068611547,-0.0268307505790278,0.05183,900.0
4711.675557632849,0.0121459318945204,-0.025719195784227,0.05183,900.0
4711.7761895851345,0.0130520023419419,-0.0245124750405903,0.05183,900.0
4711.876784105703,0.0138220513794934,-0.0232426991487107,0.05183,900.0
4711.967289228842,0.0143570317358578,-0.022174963226125,0.05183,900.0
4712.067820330069,0.014870455577692,-0.020906864344481,0.05183,900.0
4712.1684000686855,0.0152912137942737,-0.0195001265290095,0.05183,900.0
4712.270515938208,0.0155828242700347,-0.0181054557011716,0.05183,900.0
4712.371075411245,0.0157301798119431,-0.0168700200396357,0.05183,900.0
4712.471645613119,0.0157771739353524,-0.0155828246528371,0.05183,900.0
4712.572209377691,0.015735880365834,-0.0142557116732513,0.05183,900.0
4712.6727764801235,0.0157069999999999,-0.0139848180397113,0.05183,900.0
4712.773321171209,0.0138454369373359,-0.0132279281888495,0.05183,900.0
4712.8738866047115,0.0110559716790566,-0.0120936399912481,0.05183,900.0
4712.974444885656,0.010412,-0.0118317779197558,0.05183,900.0
4713.074963350698,0.0105766366913386,-0.012370714689325,0.05183,900.0
4713.175520677969,0.0108558878488935,-0.0135816139430402,0.05183,900.0
4713.276082058355,0.0110339315166189,-0.0150669266793249,0.05183,900.0
4713.367745418951,0.0110234994763957,-0.0164097941941652,0.05183,900.0
4713.468324442312,0.0108139763342744,-0.0179078106848426,0.05183,900.0
4713.568852682516,0.0104033824900289,-0.0193886773345036,0.05183,900.0
4713.66942622225,0.0098225224543071,-0.0207475703939995,0.05183,900.0
4713.770271559164,0.0090214865835895,-0.022032980173617,0.05183,900.0
4713.870828171179,0.0080351082384957,-0.0232254897575595,0.05183,900.0
4713.971391220495,0.006914553225602,-0.024255243476619,0.05183,900.0
4714.071946878836,0.0056721138867286,-0.0251061253496173,0.05183,900.0
4714.172471304342,0.0043668206424495,-0.0257787223636375,0.05183,900.0
4714.2730157570095,0.0029772320818033,-0.026265141316777,0.05183,900.0
4714.373604317114,0.0015162517251216,-0.0265714317780656,0.05183,900.0
4714.474154491827,3.209526268889429e-05,-0.0266716070583986,0.05183,900.0
4714.575676699087,-0.0014641975109803,-0.0265830107158676,0.05183,900.0
4714.66614915888,-0.0028036631905791,-0.0263260955690248,0.05183,900.0
4714.773043651983,-0.0043400492009392,-0.0258011989161128,0.05183,900.0
4714.8736067013,-0.0056601353005563,-0.025148807915897,0.05183,900.0
4714.974187155172,-0.0069014538755195,-0.0242785951073288,0.05183,900.0
4715.074749489233,-0.0080496323947449,-0.0232059484437204,0.05183,900.0
4715.175354023382,-0.0089997939517703,-0.0220473644745206,0.05183,900.0
4715.275929232046,-0.0097832653849258,-0.0207735306366778,0.05183,900.0
4715.366440554068,-0.010323123004276,-0.0195736005971254,0.05183,900.0
4715.4670050338955,-0.0107561687291762,-0.018130348413314,0.05183,900.0
4715.567571897909,-0.0110018634340236,-0.0165990231397712,0.05183,900.0
4715.668807287619,-0.0110349447360708,-0.0150917898875312,0.05183,900.0
4715.769368668005,-0.0108765286200312,-0.013637627196446,0.05183,900.0
4715.869916696951,-0.0104882811432568,-0.0121357208082406,0.05183,900.0
4715.970412512228,-0.0099297322191398,-0.0107230918723694,0.05183,900.0
4716.070996303961,-0.0091693819866834,-0.0094326306853481,0.05183,900.0
4716.1724133686275,-0.0082390724423252,-0.0082449182395808,0.05183,900.0
4716.273656864569,-0.0071438494573369,-0.0071861416016168,0.05183,900.0
4716.3742242054195,-0.005928510820065,-0.0063017051657778,0.05183,900.0
4716.4747932152,-0.0046302494676027,-0.0055954501235099,0.05183,900.0
4716.575354357168,-0.0032422448683965,-0.0050703543380055,0.05183,900.0
4716.675930042669,-0.0017923487429076,-0.004726894494568,0.05183,900.0
4716.766444702551,-0.0004282188339601,-0.0045964172702323,0.05183,900.0
4716.86696531336,0.0011172184635425,-0.0046308521408874,0.05183,900.0
4716.9687683777065,0.002607747416298,-0.0048825897368748,0.05183,900.0
4717.069349308416,0.0040648027853565,-0.0053399130133448,0.05183,900.0
4717.1699266628475,0.0054112921333661,-0.0059727446750911,0.05183,900.0
4717.270487804815,0.0066843552984641,-0.0068053941257242,0.05183,900.0
4717.371052284643,0.0077977365980523,-0.0077804931666705,0.05183,900.0
4717.4716046051235,0.0087872269724328,-0.0089162331235723,0.05183,900.0
4717.572185774252,0.0096174139663816,-0.0101839369015367,0.05183,900.0
4717.675429363653,0.0102088868744575,-0.011370418428991,0.05183,900.0
4717.776003380224,0.0104112237104545,-0.0118299254598217,0.05183,900.0
4717.866542835638,0.010412,-0.0118317779197557,0.05183,900.0
4717.9671092228145,0.009862414797013,-0.0101421235058523,0.05183,900.0
4718.067792673513,0.0085241483829589,-0.0060276984432722,0.05183,900.0
4718.168341894552,0.0078349999999999,-0.003908836715305,0.05183,900.0
4718.268909473822,0.0070131274699431,-0.003401923383969,0.05183,900.0
4718.369471092627,0.0057022099109478,-0.0027495089242653,0.05183,900.0
4718.470030804083,0.0042575848064707,-0.0022090638797373,0.05183,900.0
4718.57056858103,0.0028204142125314,-0.0018354236430494,0.05183,900.0
4718.671129961416,0.0013666556957398,-0.0016225487227768,0.05183,900.0
4718.7716896728725,-0.0001262618313232,-0.0015532219676164,0.05183,900.0
4718.872236986563,-0.0016490433845921,-0.0016529412175042,0.05183,900.0
4718.972743292257,-0.0031369021379672,-0.0019090428811606,0.05183,900.0
4719.073310156271,-0.0045696980765853,-0.0023126261563644,0.05183,900.0
4719.165886898443,-0.005881966461454,-0.0028266428546187,0.05183,900.0
4719.266612072393,-0.0071885202163243,-0.0035090984862098,0.05183,900.0
4719.367466230795,-0.00845264004689,-0.0043504220327098,0.05183,900.0
4719.467987080023,-0.0095920230759368,-0.0053109325443065,0.05183,900.0
4719.568552275106,-0.0106874293338997,-0.0064654370403181,0.05183,900.0
4719.669124384329,-0.0115875568063717,-0.0076338508158865,0.05183,900.0
4719.769640465185,-0.0123552969482263,-0.0088856182993508,0.05183,900.0
4719.870201130316,-0.0129971231899019,-0.0102353236040222,0.05183,900.0
4719.970768948004,-0.0134260828864377,-0.0113661002218359,0.05183,900.0
4720.0713374809475,-0.0137131439463249,-0.012463828454258,0.05183,900.0
4720.171908874914,-0.0139557499932397,-0.0137228250493612,0.05183,900.0
4720.272482653067,-0.0140505515967221,-0.0148282006866295,0.05183,900.0
4720.373050947592,-0.0140699618011861,-0.0163821255612327,0.05183,900.0
4720.47366573374,-0.0139400853399913,-0.0176621676282594,0.05183,900.0
4720.574262400076,-0.0137351122869924,-0.0187744301793638,0.05183,900.0
4720.6678483680935,-0.0135104658888474,-0.0196215008211258,0.05183,900.0
4720.768442888662,-0.0130623627385534,-0.0208853608400646,0.05183,900.0
4720.8690021232815,-0.0125130998338517,-0.0220874237863365,0.05183,900.0
4720.9695716098995,-0.0118304897886544,-0.0232545893437393,0.05183,900.0
4721.0701306061,-0.0109914544616922,-0.0244205664546308,0.05183,900.0
4721.170693893835,-0.0099860028368186,-0.0255437733847707,0.05183,900.0
4721.27125718157,-0.0088761174781245,-0.0265524163642347,0.05183,900.0
4721.371742268011,-0.0076871088501078,-0.0274246652386986,0.05183,900.0
4721.472311993048,-0.0063648918188239,-0.0281902907339743,0.05183,900.0
4721.572893877432,-0.005017252680492,-0.028787649511257,0.05183,900.0
4721.673463840887,-0.0035501390075832,-0.0292650859089351,0.05183,900.0
4721.775054474279,-0.0020403255873871,-0.0295795629640092,0.05183,900.0
4721.865521212027,-0.0007265372388997,-0.0296896221854969,0.05183,900.0
4721.966101427481,0.0007738631109323,-0.0296870994923525,0.05183,900.0
4722.068846006796,0.0023328620727197,-0.029509405990845,0.05183,900.0
4722.1694066719265,0.0037949496023154,-0.0291818582400125,0.05183,900.0
4722.269961615011,0.0051811411855202,-0.028717421648276,0.05183,900.0
4722.370524902746,0.0065349042140382,-0.0280926667223764,0.05183,900.0
4722.471093197271,0.007837234309962,-0.0273218871237293,0.05183,900.0
4722.5716569618435,0.0090310856022028,-0.026433772022447,0.05183,900.0
4722.672219057486,0.0101687174926638,-0.0253682971271484,0.05183,900.0
4722.772765894339,0.0111454961487742,-0.0242480101363918,0.05183,900.0
4722.873329420492,0.0119741079315092,-0.0230600904102744,0.05183,900.0
4722.975070496008,0.0127368654382797,-0.0216682486882639,0.05183,900.0
4723.06560518305,0.013190350490908,-0.0205539435586134,0.05183,900.0
4723.166206379339,0.0135428422867329,-0.019497056318195,0.05183,900.0
4723.267905970022,0.0138487658867699,-0.0181250509319927,0.05183,900.0
4723.368504543707,0.0140333457751936,-0.0166416241141995,0.05183,900.0
4723.469070692465,0.0140602040018217,-0.0151524649132173,0.05183,900.0
4723.569631596014,0.0139370183503201,-0.0136661377037688,0.05183,900.0
4723.670197267935,0.0136965359176738,-0.0123336147731412,0.05183,900.0
4723.770727892324,0.0134086067703602,-0.0112907404457934,0.05183,900.0
4723.869841833517,0.0130774808897042,-0.0103820875445675,0.05183,900.0
4723.970406074926,0.0124538041157487,-0.009044268561647,0.05183,900.0
4724.070992250845,0.0116684392354749,-0.0077219892602297,0.05183,900.0
4724.17155386965,0.010958315145281,-0.0067723551346416,0.05183,900.0
4724.272133369848,0.0102165186541592,-0.0059315759558148,0.05183,900.0
4724.372701664373,0.009136318961725,-0.0049195171508461,0.05183,900.0
4724.473270197317,0.0082109107346107,-0.0041843387878409,0.05183,900.0
4724.5738542274685,0.0078349999999999,-0.003908836715305,0.05183,900.0
4724.674432297155,0.0078378213427101,-0.0039138812551586,0.05183,900.0
4724.775018473074,0.00908801708575,-0.0061114094064486,0.05183,900.0
4724.865520735189,0.0111727338563571,-0.0097756011295006,0.05183,900.0
4724.966090937063,0.012011,-0.0112488392608902,0.05183,900.0
4725.068661709234,0.0120156538523439,-0.0112635355846706,0.05183,900.0
4725.169235487387,0.0120555498035431,-0.0113904785817109,0.05183,900.0
4725.269951839849,0.0124356902640317,-0.0127141468705716,0.05183,900.0
4725.372151155874,0.0126932833122829,-0.0142875943328973,0.05183,900.0
4725.472723026678,0.0127521783284375,-0.0157965762806048,0.05183,900.0
4725.573285837576,0.0126493849708162,-0.0172325973825787,0.05183,900.0
4725.673814554617,0.012356395642731,-0.0187380801951706,0.05183,900.0
4725.774383564398,0.0118971757966176,-0.0202149612613703,0.05183,900.0
4725.8749640182705,0.0112848548575088,-0.0215660453821929,0.05183,900.0
4725.965493221685,0.0105995743450343,-0.0227171821234062,0.05183,900.0
4726.066060085699,0.0096935086818624,-0.023923400011783,0.05183,900.0
4726.168184776709,0.0086783922675538,-0.0249803815990853,0.05183,900.0
4726.268743772909,0.0074790138005071,-0.0259801268242173,0.05183,900.0
4726.369317551062,0.006194188421758,-0.0267954467740687,0.05183,900.0
4726.470109959051,0.0048983127347291,-0.0274146535181446,0.05183,900.0
4726.570690651342,0.0034467212577748,-0.0279070736184394,0.05183,900.0
4726.671252985403,0.0019910198148144,-0.0282308331472189,0.05183,900.0
4726.771803875372,0.0004977904927374,-0.0283740418853993,0.05183,900.0
4726.869580526754,-0.0009762981307467,-0.0283490190984111,0.05183,900.0
4726.970146675512,-0.0024721654876529,-0.0281377456261675,0.05183,900.0
4727.070713062689,-0.0039521141850447,-0.0277495806551667,0.05183,900.0
4727.171910067007,-0.0053723213334797,-0.0271948369482407,0.05183,900.0
4727.272462864325,-0.0066565231351248,-0.026508469093638,0.05183,900.0
4727.370978374884,-0.0079110480531398,-0.0256477982091473,0.05183,900.0
4727.471478243277,-0.0090288836039192,-0.024681460176439,0.05183,900.0
4727.573289890692,-0.010046558221677,-0.0235333272839804,0.05183,900.0
4727.673861284658,-0.0109124884212435,-0.0222613800923916,0.05183,900.0
4727.774427194998,-0.0115910499812687,-0.0209534334397742,0.05183,900.0
4727.875006218359,-0.0121325494452991,-0.0195471241079375,0.05183,900.0
4727.965479393408,-0.0124759299427313,-0.018258144146693,0.05183,900.0
4728.0660524563045,-0.0126986535817626,-0.0167962473557594,0.05183,900.0
4728.166606445715,-0.0127403013879354,-0.0152547514962217,0.05183,900.0
4728.267166872427,-0.0126085098935778,-0.0137060976939416,0.05183,900.0
4728.367697973654,-0.0122967100882102,-0.0122481240922391,0.05183,900.0
4728.468267460272,-0.0118120915476778,-0.0108086274143831,0.05183,900.0
4728.568837423727,-0.0111900681776146,-0.0094992905722159,0.05183,900.0
4728.669407148764,-0.010396924841903,-0.0082193464821342,0.05183,900.0
4728.765100498602,-0.0094972633720552,-0.0071106556377316,0.05183,900.0
4728.865628977224,-0.0084251255153167,-0.0060550028538655,0.05183,900.0
4728.966197748587,-0.0072429559938082,-0.0051298764120542,0.05183,900.0
4729.0667712883205,-0.0059550006972165,-0.0043530171185496,0.05183,900.0
4729.167347689077,-0.0045973931331109,-0.0037302364008983,0.05183,900.0
4729.267923851416,-0.0031746068692802,-0.0032802106405427,0.05183,900.0
4729.3684838012905,-0.001675818295817,-0.0029914375206445,0.05183,900.0
4729.469049473211,-0.0001571909512104,-0.0028794993111162,0.05183,900.0
4729.569618482992,0.0013068567054354,-0.0029337631262058,0.05183,900.0
4729.670169849798,0.002835428121958,-0.0031845211658709,0.05183,900.0
4729.770735044882,0.0042391221725892,-0.0035687690237881,0.05183,900.0
4729.871284981176,0.0056237582764129,-0.0041476171821536,0.05183,900.0
4729.97179820101,0.00700426829715,-0.0049592864970202,0.05183,900.0
4730.07235886614,0.0081927216072371,-0.0058474288198652,0.05183,900.0
4730.172932882711,0.0092551913039268,-0.0068507128874687,0.05183,900.0
4730.267071266577,0.0101843801082987,-0.007965091844426,0.05183,900.0
4730.3676278785915,0.0110150648219909,-0.0091923930100551,0.05183,900.0
4730.468188782141,0.0116528218557015,-0.0104389847526809,0.05183,900.0
4730.568743486807,0.0119938999457954,-0.0112075865827233,0.05183,900.0
4730.669307728216,0.012011,-0.0112488392608902,0.05183,900.0
4730.769858618185,0.012011,-0.0112486288136583,0.05183,0.0
4730.8704204754085,0.012011,-0.0112476308891956,0.05183,0.0
4730.970987816259,0.012011,-0.0112459081933861,0.05183,0.0
4731.071535606787,0.012011,-0.0112449166198556,0.05183,0.0
4731.1720938877315,0.012011,-0.0112444291730838,0.05183,0.0
4731.272672911093,0.0120109999999999,-0.0112430874082185,0.05183,0.0
4731.373201151297,0.0120109999999999,-0.0112417594951009,0.05183,0.0
4731.4737746910305,0.0120109999999999,-0.0112409210793739,0.05183,0.0
4731.574288387701,0.0120109999999999,-0.0112399324507213,0.05183,0.0
4731.6748757557125,0.012011,-0.0112386790405492,0.05183,0.0
4731.766522188589,0.012011,-0.0112377448230733,0.05183,0.0
4731.867103596136,0.0120109999999999,-0.0112368949725556,0.05183,0.0
4731.967673082754,0.012011,-0.0112356219630759,0.05183,0.0
4732.069264669821,0.0120109999999999,-0.0112345828311081,0.05183,0.0
4732.169790764257,0.012011,-0.0112337349273592,0.05183,0.0
4732.270360489294,0.0120109999999999,-0.0112324379664347,0.05183,0.0
4732.370933790609,0.012011,-0.011231536247633,0.05183,0.0
4732.4715292648525,0.0120109999999999,-0.0112302317820751,0.05183,0.0
4732.572103281424,0.012011,-0.0112292208254484,0.05183,0.0
4732.672660608694,0.012011,-0.0112277315991128,0.05183,0.0
4732.773237009451,0.012011,-0.0112263928322958,0.05183,0.0
4732.873802681372,0.0120109999999999,-0.011225539131652,0.05183,0.0
4732.974360247061,0.012011,-0.0112246269170609,0.05183,0.0
4733.07493450205,0.012011,-0.0112234376495425,0.05183,0.0
4733.165406008169,0.012011,-0.0112224572542212,0.05183,0.0
4733.265953083441,0.012011,-0.0112214797822992,0.05183,0.0
4733.36646868746,0.0120109999999999,-0.0112198481397594,0.05183,0.0
4733.467115898535,0.012011,-0.0112186401115505,0.05183,0.0
4733.570408602163,0.012011,-0.0112179682556188,0.05183,0.0
4733.670968552038,0.012011,-0.011216886635552,0.05183,0.0
4733.771533270285,0.012011,-0.0112154728154445,0.05183,0.0
4733.872097034857,0.0120109999999999,-0.0112143826004489,0.05183,0.0
4733.97268583338,0.012011,-0.0112136297273426,0.05183,0.0
4734.073268194601,0.0120109999999999,-0.0112133251155424,0.05183,0.0
