119.00315740724304,0.0043779999999999,0.0113020147094642,0.00142,0.0
119.10374096055725,0.0043779999999999,0.011300918570736,0.00142,0.0
119.2042863668988,0.0043779999999999,0.0112985260215819,0.00142,0.0
119.30485013147094,0.004378,0.0112968873422051,0.00142,0.0
119.40588739534118,0.004378,0.0112942446640183,0.00142,0.0
119.50645115991333,0.004378,0.0112920746646196,0.00142,0.0
119.60708096643188,0.0043779999999999,0.0112904333056629,0.00142,0.0
119.70763543267944,0.0043779999999999,0.0112867955122551,0.00142,0.0
119.80821254869201,0.0043779999999999,0.011284774988529,0.00142,0.0
119.90874341150024,0.0043779999999999,0.0112828168991335,0.00142,0.0
120.00932005067565,0.0043779999999999,0.0112807040924527,0.00142,0.0
120.1098792852948,0.0043779999999999,0.0112779370190029,0.00142,0.0
120.21044257302978,0.0043779999999999,0.011275072111791,0.00142,0.0
120.3110122980664,0.0043779999999999,0.0112733966970358,0.00142,0.0
120.41174963136413,0.004378,0.0112716150848043,0.00142,0.0
120.50226476808288,0.0043779999999999,0.0112686913052632,0.00142,0.0
120.60290744920471,0.0043779999999999,0.0112667757102025,0.00142,0.0
120.70347836633422,0.004378,0.0112666004249804,0.00142,0.0
120.80403473993042,0.0043779999999999,0.0112665861357176,0.00142,0.0
120.90459755082824,0.0043760187294253,0.0112631982418149,0.00142,0.0
121.00515940805175,0.0034258706122587,0.0096440025530798,0.00142,0.0
121.10574296136596,0.001717952657524,0.0067333474023347,0.00142,0.0
121.20631054063537,-0.0001897272598979,0.00348232597512,0.00142,0.0
121.30683186670043,-0.0020884160130094,0.0002465919371156,0.00142,0.0
121.40804055352905,-0.0039445425011495,-0.0029166153883016,0.00142,0.0
121.50857380052307,-0.0058171124922475,-0.0061077868176479,0.00142,0.0
121.60913255830505,-0.0077481909078926,-0.0093987700629656,0.00142,0.0
121.70970967431762,-0.0096326481162406,-0.0126102851532767,0.00142,0.0
121.81029060502746,-0.0115017498635027,-0.015795547117461,0.00142,0.0
121.91085293908813,-0.0133596064145694,-0.0189617441668551,0.00142,0.0
122.0114107431958,-0.0152753714138815,-0.0222264786090709,0.00142,0.0
122.11196282525756,-0.016077890596865,-0.0235941919119841,0.00142,0.0
122.20246604104736,-0.0162049999999999,-0.0238108283973345,0.00142,0.0
122.30303600450256,-0.0160193145312618,-0.0241491787892923,0.00142,900.0
122.40356710572937,-0.0154607630727345,-0.0250927092600866,0.00142,900.0
122.50413158555725,-0.0146228295892526,-0.0263518359061858,0.00142,900.0
122.6047203840802,-0.0136976679079967,-0.0275156551081137,0.00142,900.0
122.7052629293988,-0.0126210273595759,-0.028653264956543,0.00142,900.0
122.80583313127258,-0.011532729341821,-0.0296312324183643,0.00142,900.0
122.90640309472778,-0.0103913719910746,-0.0305057769584108,0.00142,900.0
123.00697329660156,-0.0095686735625582,-0.031043971845187,0.00142,900.0
123.10906770845153,-0.0083032069480143,-0.0317590556911453,0.00142,900.0
123.20965269227722,-0.0069110306456957,-0.0324018809807357,0.00142,900.0
123.31024840493896,-0.0055075048238844,-0.0329035615924394,0.00142,900.0
123.41083005090454,-0.0040460823156285,-0.0332978390208649,0.00142,900.0
123.50134590287902,-0.0027200550193111,-0.0335535301050432,0.00142,900.0
123.6018886866162,-0.0012422074530776,-0.0337176603810353,0.00142,900.0
123.7024610342572,0.0002939287727609,-0.0337578358034947,0.00142,900.0
123.80434373040893,0.0018959335732939,-0.0336630166033064,0.00142,900.0
123.90486314912536,0.0033645579097471,-0.0334520100214064,0.00142,900.0
124.00542715211608,0.0047643081548197,-0.0331378359149799,0.00142,900.0
124.10598710199096,0.0062704500593531,-0.0326617639586146,0.00142,900.0
124.20655110498168,0.0076574844557139,-0.0320659715710363,0.00142,900.0
124.3071129622052,0.0089790699027724,-0.0313870168038555,0.00142,900.0
124.40769532342651,0.0102851098546202,-0.0305662712427733,0.00142,900.0
124.50828030725219,0.0114709565454205,-0.029670873589382,0.00142,900.0
124.60885337014892,0.0125949491730029,-0.0286652806331764,0.00142,900.0
124.70943716188171,0.0136496965817491,-0.0275578196423035,0.00142,900.0
124.81079152246215,0.0145918589821912,-0.0263866256787821,0.00142,900.0
124.90133884568908,0.0153521966748182,-0.0252856741687149,0.00142,900.0
125.00195148606994,0.0161166190715164,-0.0239496319241703,0.00142,900.0
125.1025231184552,0.0167401168972772,-0.0226053061367751,0.00142,900.0
125.20306590219238,0.0172671832916277,-0.02120476979302,0.00142,900.0
125.30358055253723,0.0175094229552052,-0.0203805081494832,0.00142,900.0
125.4040925802777,0.0178406152751631,-0.0188863974374094,0.00142,900.0
125.50465205331543,0.0180408132088685,-0.0174630336113999,0.00142,900.0
125.60521462579467,0.0181332074084192,-0.0159527142923712,0.00142,900.0
125.70574453492858,0.0180891415784714,-0.0144522051210542,0.00142,900.0
125.80631187577941,0.017930917755317,-0.0129736230420296,0.00142,900.0
125.90687373300293,0.0176532978995934,-0.0115136472880221,0.00142,900.0
126.0074508490155,0.0173304938674278,-0.0102657424699835,0.00142,900.0
126.10803249498107,0.0169465555511114,-0.0091844411288723,0.00142,900.0
126.20858338494995,0.0163568574536173,-0.0077889785985775,0.00142,900.0
126.30914667268493,0.0156358399617316,-0.0064327786055675,0.00142,900.0
126.40972283502319,0.0148288207144926,-0.0051830369173287,0.00142,900.0
126.5102904142926,0.0139027542582955,-0.0039704668229683,0.00142,900.0
126.6108637156079,0.0129254307554444,-0.00289465143845,0.00142,900.0
126.70279267450073,0.0119446820435048,-0.0019827382320423,0.00142,900.0
126.80336359163024,0.0107342587825637,-0.0010198923353018,0.00142,900.0
126.90411189218261,0.009451674095198,-0.0001620409351277,0.00142,900.0
127.00467827935913,0.0081535829698328,0.0005672651284168,0.00142,900.0
127.10525372644165,0.0068037976721058,0.0011787236605453,0.00142,900.0
127.20583251138427,0.0053922209292312,0.0016839963932491,0.00142,900.0
127.306414634187,0.0039249805868963,0.0020708141595662,0.00142,900.0
127.40698316713073,0.0024039179021282,0.0023463088267523,0.00142,900.0
127.5075581373761,0.0009403907172867,0.0024944061793746,0.00142,900.0
127.60813191552856,-0.0006174019264301,0.0025082533622918,0.00142,900.0
127.70869997163513,-0.0020901328795654,0.0023817795169096,0.00142,900.0
127.80926898141601,-0.0035277753186082,0.0021632839771862,0.00142,900.0
127.90983870645263,-0.0050241225289777,0.0017963384099126,0.00142,900.0
128.01041343827941,-0.006442453324716,0.0013244225205853,0.00142,900.0
128.1109791102002,-0.0078132739194195,0.000724810909184,0.00142,900.0
128.201495915849,-0.0090316616678988,9.116248375913918e-05,0.00142,900.0
128.3020601572583,-0.0101495128579586,-0.0005927665126165,0.00142,900.0
128.40280535836914,-0.0110238744981027,-0.0012362274205326,0.00142,900.0
128.50337317605712,-0.0121864619052893,-0.002196850843438,0.00142,900.0
128.6039343180249,-0.013267276676717,-0.0032448605790049,0.00142,900.0
128.70492890496948,-0.0142138336085756,-0.0043469323803356,0.00142,900.0
128.80544665475585,-0.0150946979092497,-0.0055620972220043,0.00142,900.0
128.9060125650952,-0.0158998060637787,-0.0069063056282379,0.00142,900.0
129.00659540315368,-0.0165845864455298,-0.0082847806652481,0.00142,900.0
129.1071229281018,-0.0171377195480435,-0.0096956290562881,0.00142,900.0
129.20768550058105,-0.0175508157792208,-0.0110838980151848,0.00142,900.0
129.30826500077941,-0.0178591729439662,-0.0125350867877455,0.00142,900.0
129.40883663316467,-0.0180380696357476,-0.0137413812496229,0.00142,900.0
129.5094085039685,-0.0181125449203805,-0.0149300952646122,0.00142,900.0
129.60997298379638,-0.018118429354863,-0.0164077310632352,0.00142,900.0
129.71055677552917,-0.0180315571300973,-0.0176421574034785,0.00142,900.0
129.80106905122497,-0.0178963825728792,-0.0185834407196423,0.00142,900.0
129.90164163728454,-0.0175928523175013,-0.020098440514756,0.00142,900.0
130.00221136232116,-0.0171420958015272,-0.0215686523090497,0.00142,900.0
130.10279372354248,-0.0165851366064582,-0.0229577172159545,0.00142,900.0
130.2033770384381,-0.016275948758492,-0.0236577610374895,0.00142,900.0
130.30395677705505,-0.0162049999999999,-0.0238108283973345,0.00142,900.0
130.4045160116742,-0.0156062968382969,-0.02355393551266,0.00142,900.0
130.50507929940918,-0.0115788609885382,-0.0218257888814188,0.00142,900.0
130.60565450807312,-0.0077505004904859,-0.0201830439079992,0.00142,900.0
130.70622327943542,-0.007503,-0.0200768194636636,0.00142,900.0
130.80695632119873,-0.0075289996335388,-0.0200285493874111,0.00142,900.0
130.90749838968017,-0.0077389483751809,-0.0195844110951833,0.00142,900.0
131.00805619378784,-0.0083398233489668,-0.0181769707852225,0.00142,900.0
131.10861924310424,-0.0086372240387331,-0.0167754445060222,0.00142,900.0
131.20920041223266,-0.0087026527135965,-0.015214506623889,0.00142,900.0
131.3109245600293,-0.0084738435579933,-0.0136749021961625,0.00142,900.0
131.40145590921142,-0.0080772262828721,-0.0124103873019781,0.00142,900.0
131.50201419015625,-0.0073974211636103,-0.0110833143780042,0.00142,900.0
131.60257127900817,-0.0064874115957171,-0.0098633595720212,0.00142,900.0
131.70313838144043,-0.005407631068202,-0.0088314065748447,0.00142,900.0
131.80370453019836,-0.0041690355614522,-0.0080135230568562,0.00142,900.0
131.90426996370056,-0.0027998694197648,-0.0073985321235133,0.00142,900.0
132.0048370661328,-0.001391975350894,-0.0070487538417807,0.00142,900.0
132.10540869851806,0.0001206984111325,-0.0069229100358198,0.00142,900.0
132.20598700662353,0.0015879255216989,-0.0070668616850138,0.00142,900.0
132.3065550627301,0.0030763187526421,-0.0074725435124154,0.00142,900.0
132.4071181120465,0.0044692325263019,-0.00815688047369,0.00142,900.0
132.50781610627868,0.0056507526205216,-0.0090258312800672,0.00142,900.0
132.6083698572705,0.0067045681936313,-0.0101036122808345,0.00142,900.0
132.7173445524762,0.0076315863268921,-0.0114691928943286,0.00142,900.0
132.80944231172302,0.0081795176602353,-0.0127177528242895,0.00142,900.0
132.91095569749572,0.0085596660734414,-0.0141848805624949,0.00142,900.0
133.00144103189209,0.0086893582522075,-0.0155245954074857,0.00142,900.0
133.1020222010205,0.0085906046706259,-0.0169857080970925,0.00142,900.0
133.20258453508117,0.0082077894281765,-0.0185074495140806,0.00142,900.0
133.30313280244567,0.0076289001776279,-0.0198369342395131,0.00142,900.0
133.40369060655334,0.0067940739029836,-0.0210857274770809,0.00142,900.0
133.50424578805664,0.0057171774514003,-0.0222052465135683,0.00142,900.0
133.60480836053588,0.0045044094984268,-0.0230637546340275,0.00142,900.0
133.70537999292114,0.0032031950777165,-0.0237136346333263,0.00142,900.0
133.80593231340148,0.0017281352482632,-0.024133909326465,0.00142,900.0
133.90648797174194,0.0002027883175902,-0.0243130137021883,0.00142,900.0
134.00705698152282,-0.001281008439543,-0.0242186559583459,0.00142,900.0
134.10760715623596,-0.0027392214416371,-0.0238645328773081,0.00142,900.0
134.21086171289184,-0.0041546815227109,-0.0232572289113497,0.00142,900.0
134.30136230607727,-0.0052686850359248,-0.0225386136065541,0.00142,900.0
134.40186741967895,-0.0064003003488444,-0.0215220691010261,0.00142,900.0
134.50243547578552,-0.0073031038811074,-0.0203952978498867,0.00142,900.0
134.60303023477294,-0.0074915244014212,-0.020095102610613,0.00142,900.0
134.7019591631482,-0.007503,-0.0200768194636636,0.00142,900.0
134.80259588380554,-0.0065597532761727,-0.021650042360065,0.00142,900.0
134.9031594099591,-0.0031893584525934,-0.0272711788117338,0.00142,900.0
135.00372341294982,-0.0008912953726182,-0.0311037485340795,0.00142,900.0
135.10429170747497,-0.000306,-0.0320798214152037,0.00142,900.0
135.2048590483258,0.0001230194541345,-0.0320726125485345,0.00142,900.0
135.30538514276245,0.00130339916842,-0.0320105959435086,0.00142,900.0
135.40594509263732,0.0028426542335066,-0.0318128691888696,0.00142,900.0
135.5065062346051,0.0043351618409425,-0.0314863163202091,0.00142,900.0
135.607031613786,0.0056925982615754,-0.0310606028229145,0.00142,900.0
135.70760253091552,0.0071206405561023,-0.0304478515994,0.00142,900.0
135.80817225595214,0.0084259155049336,-0.0297481980590079,0.00142,900.0
135.90873315950134,0.0097151796388957,-0.028886103046142,0.00142,900.0
136.00930169244506,0.010865517390943,-0.0279500992631945,0.00142,900.0
136.10294726510742,0.0118720279852531,-0.0269884967043895,0.00142,900.0
136.20350506921508,0.0128718379356326,-0.0258341510226064,0.00142,900.0
136.3040736021588,0.0137565432014664,-0.0245988099053393,0.00142,900.0
136.40464308877685,0.0145266702621884,-0.0233180024081398,0.00142,900.0
136.5051920713971,0.0151622068500911,-0.0219496020503194,0.00142,900.0
136.60576131959655,0.0156949395521781,-0.0205043419865154,0.00142,900.0
136.70632007737854,0.0160767498401527,-0.0190764685594107,0.00142,900.0
136.8068869413922,0.0163269023458146,-0.0175863586376898,0.00142,900.0
136.90745309015014,0.016433981073406,-0.0160521605912823,0.00142,900.0
137.00802305360534,0.0164063461352721,-0.0145370582482994,0.00142,900.0
137.1085913481305,0.0162291317989133,-0.0130685950533052,0.00142,900.0
137.20917394777038,0.0159205691052092,-0.0115725799708571,0.00142,900.0
137.3097412886212,0.0154919688133131,-0.0101577614028337,0.00142,900.0
137.4103274645398,0.0149388489391381,-0.0087979583421362,0.00142,900.0
137.50084379335144,0.0143204003377909,-0.0075813188310238,0.00142,900.0
137.60471418519714,0.0134993857605962,-0.0062574062962571,0.00142,900.0
137.70527508874633,0.0126089365945069,-0.0050957222617907,0.00142,900.0
137.8058455290387,0.0115800064083403,-0.0039686687316236,0.00142,900.0
137.90641739984252,0.0104572948416969,-0.0029389602766705,0.00142,900.0
138.00698140283325,0.0092365088439445,-0.0020252225997617,0.00142,900.0
138.104966908891,0.0079684348968262,-0.0012470471278068,0.00142,900.0
138.20550730844238,0.006628709077994,-0.0005864138859667,0.00142,900.0
138.30606177468994,0.0052071166734661,-4.604856243482433e-05,0.00142,900.0
138.40662029405334,0.003787333302505,0.0003624977518393,0.00142,900.0
138.50712993760803,0.0023088532568897,0.0006348310848937,0.00142,900.0
138.60769251008728,0.0008165777465556,0.000774729197758,0.00142,900.0
138.70825937410095,-0.0006655663548753,0.0007882978461899,0.00142,900.0
138.80881455560424,-0.0021724707791039,0.0006558888765527,0.00142,900.0
138.90931156297424,-0.0036912775466531,0.0003792543607182,0.00142,900.0
139.00987342019775,-0.0051589718929037,-2.274995108163605e-05,0.00142,900.0
139.11044076104858,-0.0065494193082581,-0.0005496429518138,0.00142,900.0
139.20094636102417,-0.0078063751747159,-0.001162489785472,0.00142,900.0
139.3015146555493,-0.009084497555375,-0.001924094662235,0.00142,900.0
139.402095109422,-0.0102624974551708,-0.0027933744992741,0.00142,900.0
139.50265887399414,-0.0113843432610527,-0.0037847302154089,0.00142,900.0
139.62375548501709,-0.0126648925980362,-0.0051557849080013,0.00142,900.0
139.70420721193054,-0.0133750998093262,-0.0060916678342911,0.00142,900.0
139.80595567842224,-0.0141848788647266,-0.0073459144678693,0.00142,900.0
139.9065330328534,-0.0148841017580106,-0.0086737406565333,0.00142,900.0
140.0071039499829,-0.0154582788946451,-0.0100682334540738,0.00142,900.0
140.10765627046325,-0.0159218935052489,-0.011562268109886,0.00142,900.0
140.2082326712201,-0.0162354300517784,-0.0130395689079413,0.00142,900.0
140.30880740304687,-0.0164016004499934,-0.0145315308584678,0.00142,900.0
140.40937522073486,-0.0164420408850257,-0.0160637796068833,0.00142,900.0
140.50993970056274,-0.0163320805996446,-0.017523800617246,0.00142,900.0
140.6105227770398,-0.0160763226303707,-0.0190332818185922,0.00142,900.0
140.70102718492248,-0.0157416342196534,-0.0203342108139051,0.00142,900.0
140.80155852456787,-0.0152414126134456,-0.0217556313881845,0.00142,900.0
140.90211585183837,-0.0146223687478417,-0.0231139356882883,0.00142,900.0
141.00269177575805,-0.0138859058758057,-0.0244053894194666,0.00142,900.0
141.1081531347821,-0.0129700728100085,-0.0257108044636933,0.00142,900.0
141.20871832986572,-0.0119932732066298,-0.0268607130546855,0.00142,900.0
141.30918434282043,-0.0109273829286734,-0.0279080999151352,0.00142,900.0
141.40976193567016,-0.0097936384927303,-0.0288292538868408,0.00142,900.0
141.51029518266418,-0.0084831204403759,-0.0297177976203643,0.00142,900.0
141.60781362672546,-0.0072283428897013,-0.0303931042883956,0.00142,900.0
141.70836976190307,-0.0058386789720823,-0.0309863646569206,0.00142,900.0
141.8089244665692,-0.0044186695601764,-0.0314585060320859,0.00142,900.0
141.90946510453918,-0.0029566333223795,-0.0317897283453873,0.00142,900.0
142.01003220697143,-0.0014520224167897,-0.0319895687202358,0.00142,900.0
142.10053709169128,-0.000568022899328,-0.0320658688384445,0.00142,900.0
142.20108321328857,-0.000306,-0.0320798214152037,0.00142,900.0
142.3016004862378,-0.0006272382911614,-0.0316661274866654,0.00142,900.0
142.40215685983398,-0.0024000715746365,-0.0293829712386891,0.00142,900.0
142.50271728654602,-0.0066898667025428,-0.0238581395363182,0.00142,900.0
142.60325291772583,-0.009,-0.0208828370314632,0.00142,900.0
142.70382908006408,-0.0094311827953347,-0.0200477867757245,0.00142,900.0
142.8043988051007,-0.0099086029761173,-0.0187792452166455,0.00142,900.0
142.90872934480407,-0.0102622334318977,-0.0172152890152831,0.00142,900.0
143.00929239412048,-0.0103946073104802,-0.0157309869295625,0.00142,900.0
143.0997920336316,-0.0103212635188824,-0.0144145632219645,0.00142,900.0
143.20034793039062,-0.0100396330156179,-0.0129367436564613,0.00142,900.0
143.30089786668518,-0.0095478787292139,-0.0115265883037002,0.00142,900.0
143.40152671952941,-0.0088777281749088,-0.0102009081897839,0.00142,900.0
143.50210192819335,-0.0079849184061788,-0.0089359340453213,0.00142,900.0
143.60267093797424,-0.0069008872250194,-0.0078286376947477,0.00142,900.0
143.70324161668518,-0.0057245103076302,-0.0069346143351229,0.00142,900.0
143.8038215937207,-0.0044291977063491,-0.0062108946848504,0.00142,900.0
143.90438154359558,-0.0029889254615371,-0.0056695999974521,0.00142,900.0
144.00494030137756,-0.001560658046404,-0.005354339264746,0.00142,900.0
144.10550883432128,-7.618297937735108e-05,-0.0052433052268691,0.00142,900.0
144.2060900034497,0.0014705682291451,-0.0053414033676316,0.00142,900.0
144.30665496011474,0.0029743659425499,-0.005671785230795,0.00142,900.0
144.40562441964843,0.0043567598972474,-0.0061961194151649,0.00142,900.0
144.50618174691894,0.0056529824471992,-0.0069073305248335,0.00142,900.0
144.6068127455304,0.0068263640728677,-0.0077824096459957,0.00142,900.0
144.70736292024353,0.0079101565855022,-0.0088568888692648,0.00142,900.0
144.80794313569763,0.0087667888948764,-0.0100156051165898,0.00142,900.0
144.91023781915405,0.0095216597378053,-0.011419655701745,0.00142,900.0
145.00074413438537,0.0099888396910187,-0.0127252810884573,0.00142,900.0
145.10147646089294,0.0102968057818906,-0.0141757135458066,0.00142,900.0
145.20200327058532,0.0103853860169692,-0.0156733416702198,0.00142,900.0
145.30255344529846,0.0102654478835792,-0.01719286522897,0.00142,900.0
145.4030909838269,0.0099498077928284,-0.0186718622623924,0.00142,900.0
145.50360372682312,0.0094178882651889,-0.0200317386845944,0.00142,900.0
145.60415747781494,0.0087116892608219,-0.021320202042023,0.00142,900.0
145.70474913736084,0.007809992457367,-0.0225656688049669,0.00142,900.0
145.8053047957013,0.0067250150764009,-0.0235798930975013,0.00142,900.0
145.90602377076843,0.0055204311184888,-0.0244619523461934,0.00142,900.0
146.0065405668805,0.0041436595843176,-0.0251835342002502,0.00142,900.0
146.10709694047668,0.0027165542850585,-0.025670805358881,0.00142,900.0
146.20767644067504,0.0012503489307812,-0.0259611269792985,0.00142,900.0
146.3082299532483,-0.000253713835265,-0.0260268816333804,0.00142,900.0
146.40880158563354,-0.0017602109812956,-0.0258667496106147,0.00142,900.0
146.50936535020568,-0.0032341867871418,-0.0255025768979801,0.00142,900.0
146.60001733918884,-0.0044776129637178,-0.0250157668764774,0.00142,900.0
146.70058062692382,-0.0057655962480557,-0.0242738791136146,0.00142,900.0
146.80166223664978,-0.0069915617277353,-0.0233229127158384,0.00142,900.0
146.90217521806457,-0.0080155103941119,-0.0222618090781676,0.00142,900.0
147.00273302217224,-0.0088245059835672,-0.0211817901724444,0.00142,900.0
147.10329273362854,-0.0089999999999999,-0.0208828370314632,0.00142,900.0
147.20387962480285,-0.0075560905307453,-0.0222801721117894,0.00142,900.0
147.3044455351422,-0.0025456114676994,-0.0271289869764405,0.00142,900.0
147.4050178827832,0.0001517506793393,-0.0297392615664771,0.00142,900.0
147.50557473321655,0.0007939999999999,-0.0303607585862715,0.00142,900.0
147.60708025117614,0.0008085639260788,-0.0303594405940295,0.00142,900.0
147.70763734002807,0.0014298610279815,-0.0302905747287457,0.00142,900.0
147.8082104029248,0.0028238646810845,-0.030081379105975,0.00142,900.0
147.90876963754394,0.0043447629895511,-0.0297066423208187,0.00142,900.0
148.00634387155273,0.0056977794669932,-0.0292139704349541,0.00142,900.0
148.10690453668334,0.0070327136026085,-0.0285901984378461,0.00142,900.0
148.2074704470227,0.0083703755975359,-0.027765723237977,0.00142,900.0
148.30802753587463,0.0095326304713156,-0.0268669232064881,0.00142,900.0
148.4085989298413,0.0106124274447746,-0.0258483533084337,0.00142,900.0
148.49910810609558,0.0115256397996551,-0.0247925913432471,0.00142,900.0
148.59962919374206,0.0123774323891959,-0.0236060259013258,0.00142,900.0
148.70019152780273,0.0131066129152708,-0.0223393829544794,0.00142,900.0
148.80074194093444,0.0137299290832287,-0.0209408335861795,0.00142,900.0
148.90130689759948,0.0142093751923159,-0.0194817120330019,0.00142,900.0
149.00296571870544,0.0145339008167864,-0.0180074395772746,0.00142,900.0
149.10353139062622,0.0146988811359881,-0.0165280062966015,0.00142,900.0
149.20408752580383,0.0147232450277972,-0.014951159239559,0.00142,900.0
149.30469277520874,0.0145979407493643,-0.0135403421624224,0.00142,900.0
149.40541651864746,0.0142803488021975,-0.0119700798248126,0.00142,900.0
149.5072899164746,0.0138242602619712,-0.0105149976825905,0.00142,900.0
149.60786154885986,0.0132228692742022,-0.009137905658656,0.00142,900.0
149.70841553827026,0.0125359521826923,-0.007876530355841,0.00142,900.0
149.79894736428955,0.0117426374550452,-0.0067477584875638,0.00142,900.0
149.89955356736877,0.0107799161015105,-0.0055962366765247,0.00142,900.0
150.00012233873107,0.009725148093114,-0.0045728128009941,0.00142,900.0
150.10068824907043,0.0085186842890002,-0.0036170085107311,0.00142,900.0
150.20123985429504,0.0072198717823172,-0.0027883345972987,0.00142,900.0
150.30181315561035,0.0058754440235695,-0.0021188634208908,0.00142,900.0
150.40228918214538,0.004452750972831,-0.001579510089209,0.00142,900.0
150.502849847276,0.0030530171481836,-0.0012045604136974,0.00142,900.0
150.6033625902722,0.0015515443923857,-0.0009726593263808,0.00142,900.0
150.7050609888623,4.341271695823545e-05,-0.0008921733763646,0.00142,900.0
150.80558207650878,-0.0015131311304791,-0.0009782050548783,0.00142,900.0
150.90633872171142,-0.0030180601176052,-0.001215565689246,0.00142,900.0
151.0069110693524,-0.0044784610693233,-0.0016000435523383,0.00142,900.0
151.10747292657592,-0.0058715018641971,-0.0021281251670831,0.00142,900.0
151.20803716798522,-0.0072087555391838,-0.0027881309268045,0.00142,900.0
151.30859854837158,-0.0084908581233133,-0.0036013364526995,0.00142,900.0
151.39910367151,-0.0095652528725427,-0.0044243372895978,0.00142,900.0
151.49985340257385,-0.010632219988876,-0.0054323192146493,0.00142,900.0
151.6004169287274,-0.0116692805661288,-0.0066188681933415,0.00142,900.0
151.70095780511596,-0.0124968669463459,-0.007804139607139,0.00142,900.0
151.8015103640149,-0.0132232024153109,-0.0091326479381104,0.00142,900.0
151.90208652635314,-0.0138203842481307,-0.0105183182949211,0.00142,900.0
152.00264146943786,-0.0142592514454526,-0.0119509101359079,0.00142,900.0
152.10315826554992,-0.014563280910432,-0.0134405594098639,0.00142,900.0
152.2037525477002,-0.0147104908298749,-0.0149373709268406,0.00142,900.0
152.30431368966796,-0.014701211003614,-0.0164317176591528,0.00142,900.0
152.4048705401013,-0.0145449532628659,-0.0179297818573531,0.00142,900.0
152.50645974298217,-0.0142361930757543,-0.0194039890341235,0.00142,900.0
152.6070430578778,-0.0137929662313521,-0.0208029126093157,0.00142,900.0
152.7075856031964,-0.0131808718051506,-0.0222096272545202,0.00142,900.0
152.8083186449597,-0.0124464550384717,-0.0235286919719962,0.00142,900.0
152.89884164949157,-0.0116597808242251,-0.0246472326548395,0.00142,900.0
153.00067952295043,-0.0106536403841885,-0.0258050703625936,0.00142,900.0
153.10123661180236,-0.0095510781946486,-0.0268423004678055,0.00142,900.0
153.20176032205322,-0.0083519936595012,-0.0277608453104815,0.00142,900.0
153.30233004708984,-0.0070458790032376,-0.0285609977368936,0.00142,900.0
153.40288952012756,-0.0056984537098647,-0.0292048326257202,0.00142,900.0
153.50357916970947,-0.0042813871566273,-0.0297154416329609,0.00142,900.0
153.60413792749145,-0.0028253568043033,-0.0300846696606892,0.00142,900.0
153.70471695085266,-0.0013739376124323,-0.0302913282918963,0.00142,900.0
153.80529525895813,3.6995872056785895e-05,-0.0303736225833495,0.00142,900.0
153.90585592408874,0.000794,-0.0303607585862715,0.00142,900.0
154.00641921182373,0.0007953258802464,-0.0303511232752403,0.00142,900.0
154.10700681825378,0.0008235489959866,-0.0301460229283974,0.00142,900.0
154.20764544625976,0.0016991369193871,-0.023785558970517,0.00142,900.0
154.30819728990295,0.0027258463490653,-0.016327775325798,0.00142,900.0
154.40875700135925,0.0038001158810816,-0.0085242741675148,0.00142,900.0
154.4994089903424,0.0042793165318289,-0.005043522086504,0.00142,900.0
154.5999720396588,0.0043779999999999,-0.0043268455335269,0.00142,900.0
154.70053437371948,0.0044054532579478,-0.0043384636048753,0.00142,900.0
154.80110266824462,0.0049150843242368,-0.0045766231375333,0.00142,900.0
154.899601012666,0.0061616357750109,-0.0052188431697208,0.00142,900.0
155.00101211686828,0.0073966165833436,-0.0060466666738068,0.00142,900.0
155.10159352441528,0.0085879945045551,-0.0070895964632421,0.00142,900.0
155.2021403612683,0.0095263501056439,-0.0081460036321456,0.00142,900.0
155.30270531793334,0.0103785058400517,-0.0093992979128412,0.00142,900.0
155.40327098985412,0.0110868478558318,-0.0107590919140491,0.00142,900.0
155.50383117814758,0.011608136987426,-0.0121866522385134,0.00142,900.0
155.60439994950988,0.0119389742906136,-0.0136297112560794,0.00142,900.0
155.7049672903607,0.012090441126222,-0.0151558559951356,0.00142,900.0
155.80552867074707,0.0120528636924116,-0.0166736061413846,0.00142,900.0
155.90609410424926,0.0118304056965104,-0.0181312291541666,0.00142,900.0
156.00667527337768,0.0114355881160008,-0.0195600039399532,0.00142,900.0
156.10723093171814,0.0108664987619422,-0.020946304178831,0.00142,900.0
156.20780423303344,0.0100968377112841,-0.0223055305501668,0.00142,900.0
156.30835512300231,0.0091957178970596,-0.0235045407542505,0.00142,900.0
156.40373852868774,0.008245961793304,-0.0245029739748312,0.00142,900.0
156.50428226609924,0.0070394407196412,-0.0254841323065011,0.00142,900.0
156.6048183741162,0.005797821708959,-0.0262625509886475,0.00142,900.0
156.7053506674359,0.004386557400299,-0.0269156374657866,0.00142,900.0
156.80590561052063,0.0029385278682886,-0.0273604326624891,0.00142,900.0
156.90646722932556,0.0014761669990664,-0.0276391362163925,0.00142,900.0
157.00703123231628,-1.7757825953382267e-05,-0.0277201779406013,0.00142,900.0
157.1075702013562,-0.0015075691204148,-0.0276244607680162,0.00142,900.0
157.2081320585797,-0.0029665485688483,-0.0273552828180306,0.00142,900.0
157.30870488305786,-0.0043859453028784,-0.0269021492432659,0.00142,900.0
157.3992154898236,-0.0056362308076622,-0.0263513167409745,0.00142,900.0
157.49977925439575,-0.0069427270769092,-0.0255586128107712,0.00142,900.0
157.60068348069885,-0.0081369037460429,-0.0246071681030728,0.00142,900.0
157.70125034471252,-0.009145253196718,-0.0235710134634126,0.00142,900.0
157.80180624147155,-0.0100765446689784,-0.0223359560938969,0.00142,900.0
157.90129163881042,-0.0108133723809162,-0.0210703887651325,0.00142,900.0
158.00186350961425,-0.0113915965565366,-0.0196955790380052,0.00142,900.0
158.10377648492553,-0.011813965671125,-0.0182302921160848,0.00142,900.0
158.20435169358947,-0.0120383657002323,-0.0167555404027342,0.00142,900.0
158.30488565583923,-0.0120856955318953,-0.0152584800021593,0.00142,900.0
158.40546086450317,-0.0119505746997203,-0.0137575254291917,0.00142,900.0
158.50596621652343,-0.0116321649527526,-0.0122734161737202,0.00142,900.0
158.6065445246289,-0.0111421146548389,-0.0108810435967004,0.00142,900.0
158.70710900445678,-0.0105334494052274,-0.0096359695719243,0.00142,900.0
158.8076401056836,-0.0098280996794619,-0.0085509951532316,0.00142,900.0
158.90821364541748,-0.0089176979587022,-0.0074430416891213,0.00142,900.0
159.00878074784973,-0.0077814927592896,-0.0063583737657915,0.00142,900.0
159.0993299784253,-0.0067225496149082,-0.005569354546952,0.00142,900.0
159.19989493509033,-0.0054365969528502,-0.0048147020988814,0.00142,900.0
159.30047491212585,-0.0040172543567577,-0.0042156388134288,0.00142,900.0
159.40197804589965,-0.0025609570613532,-0.003802986684502,0.00142,900.0
159.50256541391113,-0.00110988177358,-0.0035770677407898,0.00142,900.0
159.60314062257507,0.0003789930734356,-0.0035344949978574,0.00142,900.0
159.70371320863464,0.0019223389632559,-0.0036792628119785,0.00142,900.0
159.80432632585266,0.0034000658782342,-0.0040025066976705,0.00142,900.0
159.90644648690918,0.0043103911550748,-0.0043044225772474,0.00142,900.0
160.00716713090637,0.0043779999999999,-0.0043268455335269,0.00142,900.0
160.10784605165222,0.0043779999999999,-0.0043258343507414,0.00142,0.0
160.1985273661206,0.004378,-0.004324435376871,0.00142,0.0
160.29909017701843,0.0043779999999999,-0.0043231555074013,0.00142,0.0
160.39966204782226,0.0043779999999999,-0.0043218778721865,0.00142,0.0
160.50021174569824,0.004378,-0.0043204018023337,0.00142,0.0
160.60162571092346,0.004378,-0.0043190026060532,0.00142,0.0
160.7021985354016,0.0043779999999999,-0.0043178076629782,0.00142,0.0
160.80275896211364,0.0043779999999999,-0.0043163570444861,0.00142,0.0
160.90332511087158,0.004378,-0.0043152761637478,0.00142,0.0
161.00385764260986,0.0043779999999999,-0.0043135896307327,0.00142,0.0
161.10442689080932,0.0043779999999999,-0.0043122592383212,0.00142,0.0
161.2049148382733,0.0043779999999999,-0.004310872238956,0.00142,0.0
161.30446007867553,0.004378,-0.00430950083512,0.00142,0.0
161.40505078454711,0.0043779999999999,-0.0043077751797946,0.00142,0.0
161.5056176485608,0.0043779999999999,-0.004306387107899,0.00142,0.0
161.6071367563794,0.0043779999999999,-0.0043052321716775,0.00142,0.0
161.70772221704223,0.0043779999999999,-0.0043038139094324,0.00142,0.0
161.8034451307843,0.0043779999999999,-0.00430240075098,0.00142,0.0
161.9040172400067,0.0043779999999999,-0.0043011022578255,0.00142,0.0
162.00454905648925,0.0043779999999999,-0.0042994839523654,0.00142,0.0
162.10511639734008,0.004378,-0.0042979930773417,0.00142,0.0
162.20568254609802,0.0043779999999999,-0.0042968459262211,0.00142,0.0
162.30659225602844,0.0043779999999999,-0.0042953586800963,0.00142,0.0
162.40716698785522,0.0043779999999999,-0.0042937494674841,0.00142,0.0
162.5077338518689,0.0043779999999999,-0.004292512078303,0.00142,0.0
162.59825328012207,0.0043779999999999,-0.0042917725154435,0.00142,0.0
