536.9972256529951,-0.0045339999999999,-0.0115810020466572,0.0049700000000000005,0.0
537.097782741847,-0.0045339999999999,-0.0115811257138468,0.0049700000000000005,0.0
537.1982926238203,-0.004534,-0.011582513288508,0.0049700000000000005,0.0
537.3026408064985,-0.0045339999999999,-0.0115856176601349,0.0049700000000000005,0.0
537.4031993258619,-0.0045339999999999,-0.011587469423837,0.0049700000000000005,0.0
537.5037556994581,-0.0045339999999999,-0.0115895026534335,0.0049700000000000005,0.0
537.6043478358412,-0.0045339999999999,-0.0115919399123291,0.0049700000000000005,0.0
537.7049154151106,-0.004534,-0.0115930468971175,0.0049700000000000005,0.0
537.8054343569898,-0.004534,-0.0115950312447198,0.0049700000000000005,0.0
537.9059897769117,-0.0045339999999999,-0.0115975697498084,0.0049700000000000005,0.0
537.9964865553999,-0.0045339999999999,-0.0115997817460414,0.0049700000000000005,0.0
538.0970519889021,-0.0045339999999999,-0.0116022541621753,0.0049700000000000005,0.0
538.1976062167311,-0.0045339999999999,-0.0116043698792234,0.0049700000000000005,0.0
538.2981683123732,-0.004534,-0.0116065914754496,0.0049700000000000005,0.0
538.3987506735945,-0.0045339999999999,-0.0116081531647554,0.0049700000000000005,0.0
538.4993151534223,-0.0045339999999999,-0.0116110781435992,0.0049700000000000005,0.0
538.5998405326033,-0.0045339999999999,-0.0116123971252432,0.0049700000000000005,0.0
538.7004188407087,-0.004534,-0.0116150675297098,0.0049700000000000005,0.0
538.8009835589552,-0.0045339999999999,-0.0116162620014026,0.0049700000000000005,0.0
538.9015513766432,-0.0045339999999999,-0.0116163638284431,0.0049700000000000005,0.0
539.002135168376,-0.0048285310223143,-0.0121919017969529,0.0049700000000000005,0.0
539.102710853877,-0.0055223465664641,-0.013547731532748,0.0049700000000000005,0.0
539.2032538760328,-0.0063483924704593,-0.0151618979404963,0.0049700000000000005,0.0
539.3038092959547,-0.0071668193128555,-0.0167611260012889,0.0049700000000000005,0.0
539.4046717990065,-0.0080305781032285,-0.018449110428509,0.0049700000000000005,0.0
539.5052274573469,-0.0089094202730359,-0.0201665918192316,0.0049700000000000005,0.0
539.6061157096052,-0.0097427383156581,-0.0217949003598537,0.0049700000000000005,0.0
539.6966368067884,-0.0104635528693676,-0.0232034808428801,0.0049700000000000005,0.0
539.797204862895,-0.01130195572142,-0.0248419285404818,0.0049700000000000005,0.0
539.8977705348158,-0.0121699216519281,-0.0265379695443725,0.0049700000000000005,0.0
539.9985040534162,-0.012733856848127,-0.0276400050656735,0.0049700000000000005,0.0
540.0990821231031,-0.012898,-0.027960790958242,0.0049700000000000005,0.0
540.1996499407911,-0.0126626176659865,-0.0281916923997132,0.0049700000000000005,900.0
540.3002349246168,-0.011968527350675,-0.0288358519256597,0.0049700000000000005,900.0
540.4008172858381,-0.0108377640346674,-0.0297815761266644,0.0049700000000000005,900.0
540.501395355525,-0.0095713225774752,-0.0306719769039127,0.0049700000000000005,900.0
540.6019700873518,-0.0082887565635819,-0.0314143926694762,0.0049700000000000005,900.0
540.7025164473677,-0.0069815549577827,-0.0320388621746028,0.0049700000000000005,900.0
540.8030833113813,-0.0055440423638104,-0.0325837969219154,0.0049700000000000005,900.0
540.9036661494398,-0.0041203799209924,-0.0329757558075849,0.0049700000000000005,900.0
541.0042590010786,-0.0025956334188078,-0.0332621791304499,0.0049700000000000005,900.0
541.1048344481611,-0.0011008638572593,-0.0334199702718733,0.0049700000000000005,900.0
541.2054113257551,0.0004316109377313,-0.0334439211925716,0.0049700000000000005,900.0
541.2959209788465,0.0017672269804649,-0.0333683290228501,0.0049700000000000005,900.0
541.3967415202284,0.0032138570071151,-0.0331542934789896,0.0049700000000000005,900.0
541.4973150599623,0.0046850939409524,-0.0328286547298019,0.0049700000000000005,900.0
541.5991276610517,0.0061459835936265,-0.0323657536705666,0.0049700000000000005,900.0
541.6996981013441,0.0076181608573763,-0.0317494558857686,0.0049700000000000005,900.0
541.8002652037763,0.0089387696005854,-0.0310596393901579,0.0049700000000000005,900.0
541.9008296836042,0.0101432605296273,-0.0302931932416173,0.0049700000000000005,900.0
542.0013827193403,0.011419196908398,-0.0293320158948704,0.0049700000000000005,900.0
542.1019607890272,0.0124922048036085,-0.028344786356931,0.0049700000000000005,900.0
542.2025112021589,0.0134961478447078,-0.0272678670425431,0.0049700000000000005,900.0
542.303073297801,0.0142937507551544,-0.0262766396908526,0.0049700000000000005,900.0
542.4036389697218,0.0150636426742836,-0.0251491202046613,0.0049700000000000005,900.0
542.5042210925245,0.0158247722022913,-0.0238229548904195,0.0049700000000000005,900.0
542.6048067916059,0.0164636102613288,-0.0224501273792472,0.0049700000000000005,900.0
542.6959306109571,0.0169130597532227,-0.0212638342783938,0.0049700000000000005,900.0
542.7965039122724,0.0172627382792794,-0.0200822488549286,0.0049700000000000005,900.0
542.8970750678205,0.0175499857404743,-0.0187786533832404,0.0049700000000000005,900.0
542.9985581744337,0.0177087646777148,-0.017737585005829,0.0049700000000000005,900.0
543.0991233695173,0.0178152705600542,-0.0163101839774544,0.0049700000000000005,900.0
543.1996775973463,0.017807820274652,-0.0148439140199482,0.0049700000000000005,900.0
543.3002203810835,0.0177170999022096,-0.0136142266162556,0.0049700000000000005,900.0
543.4007765162611,0.0175355725871908,-0.012418041889466,0.0049700000000000005,900.0
543.5013474333906,0.0172803505587923,-0.0112522135872978,0.0049700000000000005,900.0
543.6019235957289,0.0169071746635154,-0.0099855589934089,0.0049700000000000005,900.0
543.7024906981611,0.0163763317388318,-0.0086003120175521,0.0049700000000000005,900.0
543.8030723441267,0.0157164886589523,-0.0072309409550729,0.0049700000000000005,900.0
543.9036256182814,0.0149957067395139,-0.0059975001253883,0.0049700000000000005,900.0
544.0041076052809,0.0142504271215136,-0.004912198619732,0.0049700000000000005,900.0
544.1046975958967,0.013418687708664,-0.0038891424019809,0.0049700000000000005,900.0
544.2052813876295,0.0123507360587165,-0.0027583066687865,0.0049700000000000005,900.0
544.2957981932783,0.0113133518053785,-0.0018475053191609,0.0049700000000000005,900.0
544.3963502753401,0.0101174309940683,-0.0009555838611089,0.0049700000000000005,900.0
544.4970697272444,0.0088370221598131,-0.0001511576829147,0.0049700000000000005,900.0
544.597805391612,0.0075148554463568,0.0005339833503783,0.0049700000000000005,900.0
544.6984282839918,0.0061124548703519,0.0011087123107826,0.0049700000000000005,900.0
544.7989879954481,0.0046562312520247,0.001570926960895,0.0049700000000000005,900.0
544.8995562899732,0.0032089773522226,0.0019051067509894,0.0049700000000000005,900.0
545.0001124251509,0.001761245676623,0.0021108320311918,0.0049700000000000005,900.0
545.100772510829,0.0002506743739211,0.002193181338921,0.0049700000000000005,900.0
545.2013439047956,-0.0012794521758848,0.002151986194068,0.0049700000000000005,900.0
545.3018857348585,-0.0027390277133616,0.0019976349462044,0.0049700000000000005,900.0
545.4024516451979,-0.00421095913888,0.0017072004720832,0.0049700000000000005,900.0
545.5030268538618,-0.0057010952781524,0.0012693354873717,0.0049700000000000005,900.0
545.6035994399214,-0.0071284233158017,0.0007071194348251,0.0049700000000000005,900.0
545.7041686881208,-0.008447323399094,7.363935037199912e-05,0.0049700000000000005,900.0
545.8047312606001,-0.0097475931594308,-0.0007068676548343,0.0049700000000000005,900.0
545.9053307879591,-0.0109575626746086,-0.0015785253910452,0.0049700000000000005,900.0
545.9958404410505,-0.011979527133473,-0.0024368388122813,0.0049700000000000005,900.0
546.0963922846937,-0.0130624527370905,-0.0035061866901439,0.0049700000000000005,900.0
546.1969629634046,-0.0140693545834401,-0.0046874782174645,0.0049700000000000005,900.0
546.2977320063734,-0.0149600191542056,-0.005932040843778,0.0049700000000000005,900.0
546.3982743132734,-0.0156908927962359,-0.007167237514439,0.0049700000000000005,900.0
546.4988361704969,-0.0163659635961215,-0.0085383702875061,0.0049700000000000005,900.0
546.59938300735,-0.0168977220418187,-0.009945478426151,0.0049700000000000005,900.0
546.699952493968,-0.0173111988989586,-0.0113826857380306,0.0049700000000000005,900.0
546.8005207884931,-0.0176074610529415,-0.0128704170966141,0.0049700000000000005,900.0
546.9011312831068,-0.0177761239515801,-0.0143482440058915,0.0049700000000000005,900.0
547.0017117369795,-0.0178183358784459,-0.0158915974761739,0.0049700000000000005,900.0
547.1022900450849,-0.0177248983858054,-0.0174236585604408,0.0049700000000000005,900.0
547.2028609622145,-0.0175156338530402,-0.0188961975548453,0.0049700000000000005,900.0
547.3035973418379,-0.0171834618856233,-0.0203521099056041,0.0049700000000000005,900.0
547.4041665900373,-0.016721824473354,-0.021805529705217,0.0049700000000000005,900.0
547.4969316828871,-0.016185103805904,-0.0231051660211142,0.0049700000000000005,900.0
547.5977093089247,-0.0155317352843682,-0.0243897562613803,0.0049700000000000005,900.0
547.6982873786116,-0.0147457677012705,-0.0256642468899136,0.0049700000000000005,900.0
547.7988494742536,-0.0138352901720701,-0.0268873782004396,0.0049700000000000005,900.0
547.8994280207777,-0.0130591101118041,-0.0277794833978756,0.0049700000000000005,900.0
547.9999648440504,-0.0128980267731926,-0.0279607853917823,0.0049700000000000005,900.0
548.1005517352247,-0.012898,-0.027960790958242,0.0049700000000000005,900.0
548.201066147151,-0.0097516374168059,-0.0266711762051542,0.0049700000000000005,900.0
548.3016396868849,-0.0054759254564051,-0.024918674726587,0.0049700000000000005,900.0
548.4021662581587,-0.003317,-0.0240337912899195,0.0049700000000000005,900.0
548.5027133334303,-0.0035812814228919,-0.0239107456716,0.0049700000000000005,900.0
548.6032837737226,-0.004537021139042,-0.0234060713049224,0.0049700000000000005,900.0
548.7038475382948,-0.0058292979378792,-0.0225114748098168,0.0049700000000000005,900.0
548.8046735633039,-0.0069142200934062,-0.0214391428231654,0.0049700000000000005,900.0
548.8951696265364,-0.0076550413515893,-0.0203827081822328,0.0049700000000000005,900.0
548.9957193244123,-0.0083341162523128,-0.0190451856512874,0.0049700000000000005,900.0
549.0962699759626,-0.0087817017979898,-0.017601029045506,0.0049700000000000005,900.0
549.1979266513014,-0.0089861233116571,-0.0160611130677857,0.0049700000000000005,900.0
549.2984780181074,-0.0089304011348168,-0.0145524928023027,0.0049700000000000005,900.0
549.399038683238,-0.0086389248876655,-0.0131073196168463,0.0049700000000000005,900.0
549.4996467936659,-0.0081141973441018,-0.0117088387206392,0.0049700000000000005,900.0
549.6002229560041,-0.0073808797663892,-0.0103917096198025,0.0049700000000000005,900.0
549.7009297717237,-0.0063837515360359,-0.0092830760862753,0.0049700000000000005,900.0
549.8014861453199,-0.0052350945351463,-0.0082879724675655,0.0049700000000000005,900.0
549.9020634997511,-0.0040090059982595,-0.0075393033506566,0.0049700000000000005,900.0
550.0026265490675,-0.0025746743964323,-0.0069691305676435,0.0049700000000000005,900.0
550.1032008040571,-0.0011299218586712,-0.0066770019995895,0.0049700000000000005,900.0
550.2037204611921,0.0003668089646238,-0.0066275226549707,0.0049700000000000005,900.0
550.3042904246473,0.0018739417414599,-0.0068223322096466,0.0049700000000000005,900.0
550.4048596728468,0.0033041967931616,-0.0072613063956612,0.0049700000000000005,900.0
550.4953705180311,0.004511762201821,-0.0078764980256015,0.0049700000000000005,900.0
550.5961684096479,0.0057474405066731,-0.00875129839191,0.0049700000000000005,900.0
550.6981588709974,0.006854087279732,-0.0098064294065765,0.0049700000000000005,900.0
550.798731457057,0.0077577264002064,-0.0110493670203428,0.0049700000000000005,900.0
550.8993052352095,0.0083988084306958,-0.0123567570956623,0.0049700000000000005,900.0
550.9998527873182,0.0088389462767419,-0.0138071300899726,0.0049700000000000005,900.0
551.1004351485395,0.0090192427997883,-0.015314513221066,0.0049700000000000005,900.0
551.2010120261335,0.00894015003949,-0.0168612314219292,0.0049700000000000005,900.0
551.3015905726576,0.0085966234710528,-0.0183305530373324,0.0049700000000000005,900.0
551.402153621974,0.0080238022164719,-0.0197156771793628,0.0049700000000000005,900.0
551.5027221549177,0.0072347077401568,-0.0209872610829989,0.0049700000000000005,900.0
551.6032494414472,0.0062498112559626,-0.0221024494801111,0.0049700000000000005,900.0
551.7049692977095,0.0051158877290313,-0.0230329863074045,0.0049700000000000005,900.0
551.7954982627058,0.0039713795000279,-0.0237015685367518,0.0049700000000000005,900.0
551.8960503447676,0.0025580192785316,-0.0242679592678336,0.0049700000000000005,900.0
551.9966305602217,0.0010875962862981,-0.0245663801129007,0.0049700000000000005,900.0
552.0972000468397,-0.0004291706683467,-0.024638459280966,0.0049700000000000005,900.0
552.1977492678785,-0.0019191322955825,-0.024448539037451,0.0049700000000000005,900.0
552.2996159899855,-0.003225439368214,-0.0240625907283663,0.0049700000000000005,900.0
552.4001811850691,-0.0033128987177972,-0.0240352502016053,0.0049700000000000005,900.0
552.500756393733,-0.003317,-0.0240337912899195,0.0049700000000000005,900.0
552.6013535369062,-0.0010754178769934,-0.0212515133276136,0.0049700000000000005,900.0
552.7019249308729,0.0032381202903986,-0.0158975833077723,0.0049700000000000005,900.0
552.8027137625837,0.0081713463670324,-0.0097744413975341,0.0049700000000000005,900.0
552.9032873023176,0.0112148504291381,-0.0059968525712856,0.0049700000000000005,900.0
553.0038224566603,0.0120809999999999,-0.0049218279117193,0.0049700000000000005,900.0
553.1007002699995,0.0119490706158713,-0.0047828954534277,0.0049700000000000005,900.0
553.2012544978285,0.0112208405466215,-0.0040390273313447,0.0049700000000000005,900.0
553.3018473494673,0.0101366801362297,-0.0030775646752779,0.0049700000000000005,900.0
553.4024254191542,0.0089285663223678,-0.0021921298386736,0.0049700000000000005,900.0
553.5029670107984,0.0075939936241453,-0.0013973660065266,0.0049700000000000005,900.0
553.6035465109968,0.0062251530210028,-0.0007529590604281,0.0049700000000000005,900.0
553.7041357863569,0.0047805418548105,-0.0002296590243169,0.0049700000000000005,900.0
553.7946590293074,0.003486326951415,0.0001071526486222,0.0049700000000000005,900.0
553.8951848853254,0.0020431645884408,0.0003602503423074,0.0049700000000000005,900.0
553.9959284175062,0.0005279316717377,0.000481528381115,0.0049700000000000005,900.0
554.0965288985395,-0.0010011392667202,0.0004617207442435,0.0049700000000000005,900.0
554.1970902789259,-0.0024570578510843,0.0003086854551746,0.0049700000000000005,900.0
554.2976607192182,-0.0039732119080344,2.0486018349093198e-06,0.0049700000000000005,900.0
554.3982216227674,-0.0054385126436816,-0.0004428552267342,0.0049700000000000005,900.0
554.498792539897,-0.0068410301883719,-0.0010106473774002,0.0049700000000000005,900.0
554.5999525893354,-0.0081393746802068,-0.0016952422876872,0.0049700000000000005,900.0
554.7022358287,-0.0094020022913766,-0.0025287154210139,0.0049700000000000005,900.0
554.8027960169935,-0.0105694643707023,-0.0034466243401862,0.0049700000000000005,900.0
554.9033609736586,-0.0116711595695152,-0.0045097799075836,0.0049700000000000005,900.0
555.0039385665083,-0.0126555048840181,-0.0056481255719443,0.0049700000000000005,900.0
555.1045001853132,-0.0135379646231362,-0.006883608411991,0.0049700000000000005,900.0
555.194962631526,-0.0142344368983958,-0.0080687414508363,0.0049700000000000005,900.0
555.2955340254927,-0.0148813285869617,-0.0094234147180266,0.0049700000000000005,900.0
555.3961116183424,-0.0153922512925502,-0.0108354608599731,0.0049700000000000005,900.0
555.4966787207746,-0.0157559856239786,-0.0122816564045902,0.0049700000000000005,900.0
555.5972451079512,-0.0159592404595771,-0.0132750952825053,0.0049700000000000005,900.0
555.6978105414534,-0.0160712740214117,-0.014233599483826,0.0049700000000000005,900.0
555.7983764517927,-0.0161270806807807,-0.0156888292334917,0.0049700000000000005,900.0
555.8989583361769,-0.0160818875289293,-0.01685032166561,0.0049700000000000005,900.0
555.999534021678,-0.0159641272056463,-0.0179212997884304,0.0049700000000000005,900.0
556.1001092303419,-0.0157516071069324,-0.0190813904193199,0.0049700000000000005,900.0
556.200677524867,-0.0153899973685798,-0.0204242193537426,0.0049700000000000005,900.0
556.3012374747419,-0.0148684752943611,-0.021842705004569,0.0049700000000000005,900.0
556.401825081172,-0.0142175225814176,-0.0232192574917519,0.0049700000000000005,900.0
556.5029796469831,-0.0134362222723007,-0.0245354587933614,0.0049700000000000005,900.0
556.6040295470381,-0.0125394581909998,-0.0257640902556496,0.0049700000000000005,900.0
556.6945394385481,-0.011663244750685,-0.0267750632246667,0.0049700000000000005,900.0
556.7950853217268,-0.0106027206445614,-0.0277888793508935,0.0049700000000000005,900.0
556.8956548083448,-0.0094388820183395,-0.0287048653953368,0.0049700000000000005,900.0
556.9962281096601,-0.008152777457138,-0.0295384052209955,0.0049700000000000005,900.0
557.0967980731153,-0.0067627610857413,-0.0302650313169679,0.0049700000000000005,900.0
557.1973615992689,-0.0054151611267046,-0.0308161308048473,0.0049700000000000005,900.0
557.2979256022596,-0.0039705249194334,-0.0312454958900996,0.0049700000000000005,900.0
557.3984657633924,-0.0024995401015098,-0.0315532113158092,0.0049700000000000005,900.0
557.4989708769941,-0.0010005203589297,-0.0317167594523164,0.0049700000000000005,900.0
557.5995413172865,0.0005252903091784,-0.0317413811751319,0.0049700000000000005,900.0
557.7001088965559,0.0019874038434724,-0.0316270545852482,0.0049700000000000005,900.0
557.8006793368482,0.0035152264551414,-0.0313684423326742,0.0049700000000000005,900.0
557.9012535918379,0.0049178804199005,-0.0309947493394923,0.0049700000000000005,900.0
557.9957596171522,0.006302061966466,-0.0304864563120773,0.0049700000000000005,900.0
558.0963302958631,0.0076711660244446,-0.0298192259218555,0.0049700000000000005,900.0
558.1969143260145,0.0089426225029786,-0.0290442909189071,0.0049700000000000005,900.0
558.2974792826795,0.010144809898925,-0.0281637160060439,0.0049700000000000005,900.0
558.3980466235304,0.0112815217852581,-0.0271401347948004,0.0049700000000000005,900.0
558.498607288661,0.012308090135498,-0.0260277621502551,0.0049700000000000005,900.0
558.5991720069075,0.0132280743961761,-0.0248475688169248,0.0049700000000000005,900.0
558.6997431624555,0.0139563433717907,-0.0237028487864981,0.0049700000000000005,900.0
558.8003119338179,0.0145423577645396,-0.0225810911774701,0.0049700000000000005,900.0
558.9008897650862,0.015098072612952,-0.0212930507009713,0.0049700000000000005,900.0
559.0014175284529,0.0155620345045707,-0.0198585183337593,0.0049700000000000005,900.0
559.1019533980513,0.0158946121109214,-0.0183714103597521,0.0049700000000000005,900.0
559.2025257456922,0.01608727928473,-0.0168819738803085,0.0049700000000000005,900.0
559.3030504096174,0.0161270461496964,-0.0153755281268651,0.0049700000000000005,900.0
559.4036163199568,0.0160275132752881,-0.013872811785165,0.0049700000000000005,900.0
559.4980729926252,0.0158016205623475,-0.0124480088606248,0.0049700000000000005,900.0
559.5986448634291,0.0154272356987265,-0.0109717467027986,0.0049700000000000005,900.0
559.6992224562788,0.0149269694726934,-0.0095513585679099,0.0049700000000000005,900.0
559.799751650157,0.0143125258614723,-0.0082029117744561,0.0049700000000000005,900.0
559.9003177989149,0.0135433824506497,-0.0068986286941073,0.0049700000000000005,900.0
560.0008727419996,0.0126898195566989,-0.0056753763808966,0.0049700000000000005,900.0
560.1014214862013,0.0120937570713927,-0.0049368694169074,0.0049700000000000005,900.0
560.2019797671461,0.0120809999999999,-0.0049218279117193,0.0049700000000000005,900.0
560.3025423396253,0.0119706226392585,-0.0050645635643121,0.0049700000000000005,900.0
560.4030622351789,0.0090805345144195,-0.0088019116199141,0.0049700000000000005,900.0
560.5036119330549,0.0043404004091753,-0.0149318389681647,0.0049700000000000005,900.0
560.6041802275801,-0.0004028264184103,-0.0210657101001195,0.0049700000000000005,900.0
560.6946772444868,-0.0030109229511096,-0.0244384306588883,0.0049700000000000005,900.0
560.7951873648786,-0.0039259999999999,-0.0256217796072784,0.0049700000000000005,900.0
560.8957749713087,-0.0043523976569326,-0.0254249911592233,0.0049700000000000005,900.0
560.9963389742994,-0.005438301971799,-0.0248475257501258,0.0049700000000000005,900.0
561.0968901026869,-0.006660772544657,-0.0240192378478056,0.0049700000000000005,900.0
561.1999477255964,-0.0078121282462774,-0.0229669270568438,0.0049700000000000005,900.0
561.3005122054243,-0.0087282820674652,-0.021850026920729,0.0049700000000000005,900.0
561.4010740626478,-0.0095181788186464,-0.0205653733515479,0.0049700000000000005,900.0
561.5016409266615,-0.010128299248619,-0.0191742053168145,0.0049700000000000005,900.0
561.6022259104872,-0.0105132054532712,-0.0176853651411569,0.0049700000000000005,900.0
561.7027801383161,-0.0106951524252485,-0.0162081518437972,0.0049700000000000005,900.0
561.803340088191,-0.0106593762252182,-0.0146608464664885,0.0049700000000000005,900.0
561.903855215373,-0.0104197947049673,-0.0131691467640007,0.0049700000000000005,900.0
561.9943603385115,-0.0100263742152096,-0.0118795612313004,0.0049700000000000005,900.0
562.0949236262464,-0.0094189067925811,-0.0105288440106082,0.0049700000000000005,900.0
562.1955093253279,-0.0086200539286373,-0.0092867609976214,0.0049700000000000005,900.0
562.2960981238508,-0.0076194254256829,-0.0081081377122958,0.0049700000000000005,900.0
562.3966683257246,-0.0064862809424636,-0.007093613190537,0.0049700000000000005,900.0
562.4972337592268,-0.0052554411305466,-0.0062714278962503,0.0049700000000000005,900.0
562.5978089678907,-0.0038838365144725,-0.005634662292455,0.0049700000000000005,900.0
562.7006157744551,-0.0024897925746184,-0.0051983792846697,0.0049700000000000005,900.0
562.8011974204206,-0.0009657270691554,-0.0049642909640994,0.0049700000000000005,900.0
562.9017166007185,0.0005174524852109,-0.0049275355606246,0.0049700000000000005,900.0
563.0022944319868,0.0020302281205067,-0.0051191659249609,0.0049700000000000005,900.0
563.1028415072584,0.0034754606858126,-0.005507507426489,0.0049700000000000005,900.0
563.2033954966688,0.0048292574555588,-0.006086354435008,0.0049700000000000005,900.0
563.303953539195,0.0061096479175305,-0.0068447098916291,0.0049700000000000005,900.0
563.3944729674482,0.0071837974893931,-0.0076773805374453,0.0049700000000000005,900.0
563.4950300563002,0.008236372201906,-0.0087765724722093,0.0049700000000000005,900.0
563.5955699790144,0.0091092433460863,-0.0099760518047128,0.0049700000000000005,900.0
563.6961268294477,0.0098374433604462,-0.0113446393749765,0.0049700000000000005,900.0
563.7966772425794,0.0103457034738568,-0.0128001386735871,0.0049700000000000005,900.0
563.8972123969221,0.0106090855744085,-0.0142260761155531,0.0049700000000000005,900.0
563.997810255351,0.0107081875405841,-0.0157757998973396,0.0049700000000000005,900.0
564.0983773577833,0.0105831696990917,-0.017236759529074,0.0049700000000000005,900.0
564.2035869467878,0.0102377023860604,-0.0187570476488044,0.0049700000000000005,900.0
564.2940915930891,0.0097459374251458,-0.0200543272096881,0.0049700000000000005,900.0
564.3956579077864,0.0090211175381345,-0.0213948423760844,0.0049700000000000005,900.0
564.4962200034284,0.0081258890842127,-0.0225888993885207,0.0049700000000000005,900.0
564.6014639247084,0.0070053259440811,-0.0237307928928446,0.0049700000000000005,900.0
564.7025233615065,0.0058497017314978,-0.0246083858978317,0.0049700000000000005,900.0
564.8030861724043,0.0045389118680212,-0.0253440664761214,0.0049700000000000005,900.0
564.9036449301863,0.0030907407834124,-0.0258944437029286,0.0049700000000000005,900.0
564.9941610205793,0.0017495667609496,-0.0262007615972919,0.0049700000000000005,900.0
565.0947326529646,0.0002617679566265,-0.0263396621171849,0.0049700000000000005,900.0
565.1953059542799,-0.0011923368076784,-0.0262749389102038,0.0049700000000000005,900.0
565.2958692420149,-0.0027137967815552,-0.0259830545689241,0.0049700000000000005,900.0
565.3964353907728,-0.0036398570839478,-0.0257222878173261,0.0049700000000000005,900.0
565.4969939101362,-0.0039259999999999,-0.0256217796072784,0.0049700000000000005,900.0
565.5975655425215,-0.0038548714726415,-0.0253158614112057,0.0049700000000000005,900.0
565.6981309760237,-0.0031618152261839,-0.0223358507476152,0.0049700000000000005,900.0
565.7987002242231,-0.0014966491889685,-0.0151762232081494,0.0049700000000000005,900.0
565.8992661345625,0.0002668750449043,-0.0075934462311025,0.0049700000000000005,900.0
565.9998344290876,0.0017011209896595,-0.0014265215804389,0.0049700000000000005,900.0
566.0944315302992,0.0017297286129224,-0.0013038022233006,0.0049700000000000005,900.0
566.1949793208265,0.0017329999999999,-0.0012897688128557,0.0049700000000000005,900.0
566.295557628932,0.0016308608396603,-0.0012805710381293,0.0049700000000000005,900.0
566.396120916667,0.000554172703603,-0.0012179161371507,0.0049700000000000005,900.0
566.4966753829145,-0.000933085499432,-0.0012431651244913,0.0049700000000000005,900.0
566.5972405779982,-0.0024707245005203,-0.0014263107753191,0.0049700000000000005,900.0
566.6977964747572,-0.0039261139819841,-0.0017556382273016,0.0049700000000000005,900.0
566.7983521330976,-0.0053384529913874,-0.0022415176744691,0.0049700000000000005,900.0
566.8989211428785,-0.0067431500486447,-0.0028803430149107,0.0049700000000000005,900.0
566.9995092261457,-0.0080166561372154,-0.003640822626712,0.0049700000000000005,900.0
567.1000789511824,-0.009200140147307,-0.0045181871172732,0.0049700000000000005,900.0
567.2006629813337,-0.0103480405010197,-0.0055591079167685,0.0049700000000000005,900.0
567.3012520182752,-0.0113588002975544,-0.0067174520824041,0.0049700000000000005,900.0
567.4018336642408,-0.0121812482134745,-0.0078900606780463,0.0049700000000000005,900.0
567.5023936141157,-0.01289939674922,-0.0091955464151331,0.0049700000000000005,900.0
567.5967847216749,-0.0133469366201872,-0.0101497949972833,0.0049700000000000005,900.0
567.6973465788984,-0.0137684754683755,-0.0113536116859469,0.0049700000000000005,900.0
567.7979065287733,-0.0141319116505789,-0.0127785241260261,0.0049700000000000005,900.0
567.8984619486952,-0.0143481788804714,-0.0142752669233061,0.0049700000000000005,900.0
567.9990259516859,-0.0144144896030355,-0.0157845454583268,0.0049700000000000005,900.0
568.0995980609083,-0.0143205903777156,-0.0172853710563702,0.0049700000000000005,900.0
568.2001115191603,-0.0140706504973755,-0.0187967310091586,0.0049700000000000005,900.0
568.3007017481947,-0.0136919167332535,-0.0202109046342294,0.0049700000000000005,900.0
568.4012712348127,-0.013350516023563,-0.0211213467368557,0.0049700000000000005,900.0
568.5018214095259,-0.0127759796729738,-0.022347975317738,0.0049700000000000005,900.0
568.6023959029341,-0.0119649880630849,-0.0236861635768118,0.0049700000000000005,900.0
568.7029618132734,-0.0111117649213393,-0.0248271906878716,0.0049700000000000005,900.0
568.8035348761701,-0.0100895051561747,-0.0259319308660442,0.0049700000000000005,900.0
568.8940469134474,-0.0090329696393351,-0.0268576681685471,0.0049700000000000005,900.0
568.9946295130873,-0.0078020009970913,-0.0277523714838676,0.0049700000000000005,900.0
569.0951918471479,-0.0065098788567136,-0.0284924047593079,0.0049700000000000005,900.0
569.1958755362654,-0.0051243856481664,-0.0291098369904554,0.0049700000000000005,900.0
569.2964092600965,-0.0037169900179625,-0.0295635305072151,0.0049700000000000005,900.0
569.3981498587751,-0.0021921489259482,-0.0298916031748784,0.0049700000000000005,900.0
569.4987040866041,-0.000777997869356,-0.0300404290013676,0.0049700000000000005,900.0
569.5992683280134,0.000751380832858,-0.0300484512727093,0.0049700000000000005,900.0
569.6998282778883,0.0022987892788165,-0.0298735155070306,0.0049700000000000005,900.0
569.8003960955763,0.0037780879284149,-0.0295421522114225,0.0049700000000000005,900.0
569.9009689200544,0.0051606269054024,-0.0290966008291757,0.0049700000000000005,900.0
570.0015286315107,0.0065349758730884,-0.0284768470798146,0.0049700000000000005,900.0
570.1021038401747,0.0078501481370614,-0.0277223636506604,0.0049700000000000005,900.0
570.2026714194441,0.0090565871964242,-0.0268412864678886,0.0049700000000000005,900.0
570.3032373297834,0.0101772742118487,-0.0258365928625643,0.0049700000000000005,900.0
570.4038134921217,0.0112002921389281,-0.0247094638267179,0.0049700000000000005,900.0
570.4942923892164,0.0120132074507883,-0.0236179481223532,0.0049700000000000005,900.0
570.5948518622541,0.0127667039955291,-0.0223578607859168,0.0049700000000000005,900.0
570.6954261172438,0.013391140853896,-0.0210143177011946,0.0049700000000000005,900.0
570.7959879744673,0.0138884199269397,-0.0195480881834578,0.0049700000000000005,900.0
570.8994437564039,0.014221244683005,-0.018037663728856,0.0049700000000000005,900.0
570.999984871211,0.0143899365399306,-0.0165500772158954,0.0049700000000000005,900.0
571.1005529273176,0.0144094296808115,-0.0150342651479356,0.0049700000000000005,900.0
571.2011124003553,0.0142516190297456,-0.0134887941644173,0.0049700000000000005,900.0
571.3016685355329,0.0139485400006878,-0.0119901264047697,0.0049700000000000005,900.0
571.4022356379652,0.0134925300270636,-0.010559579529562,0.0049700000000000005,900.0
571.5027979720259,0.0128960370320618,-0.0091876630762373,0.0049700000000000005,900.0
571.6033550608778,0.0121792646740991,-0.0079056592485013,0.0049700000000000005,900.0
571.7039181101942,0.0113242919008019,-0.0067073301776856,0.0049700000000000005,900.0
571.7943943846846,0.0103852035316853,-0.0056096657739879,0.0049700000000000005,900.0
571.8949757922315,0.0092811579068845,-0.0045859804024854,0.0049700000000000005,900.0
571.995533119502,0.0080910190113011,-0.0036811495179037,0.0049700000000000005,900.0
572.0960909236097,0.0067952958802593,-0.0029158641630152,0.0049700000000000005,900.0
572.1965729106092,0.0054546472236454,-0.0022769638371121,0.0049700000000000005,900.0
572.297129522624,0.0040219156302558,-0.0017851900629274,0.0049700000000000005,900.0
572.3958746302748,0.0026166894581467,-0.0014505524248568,0.0049700000000000005,900.0
572.4964257586622,0.001819423482523,-0.0013010002023083,0.0049700000000000005,900.0
572.5969838011885,0.001733,-0.0012897688128557,0.0049700000000000005,900.0
572.6981567252302,0.0015598476697818,-0.0020058735129825,0.0049700000000000005,900.0
572.7988754618788,0.0005243312459347,-0.0062886253193169,0.0049700000000000005,900.0
572.9010139811659,-0.0013999508645783,-0.0142474391797408,0.0049700000000000005,900.0
573.0015982497358,-0.0031792638423098,-0.0216063528429498,0.0049700000000000005,900.0
573.1021496165419,-0.0045034257144455,-0.0270833294262916,0.0049700000000000005,900.0
573.2027078974867,-0.0045339940218951,-0.0272097640830127,0.0049700000000000005,900.0
573.303276668849,-0.0045339999999999,-0.0272097887158061,0.0049700000000000005,900.0
573.4038537848616,-0.0049081753754134,-0.0270550175842424,0.0049700000000000005,900.0
573.4943682063246,-0.0058846951167112,-0.026554430788585,0.0049700000000000005,900.0
573.594926725688,-0.0071739500849767,-0.0257567148687836,0.0049700000000000005,900.0
573.6955045569563,-0.0083405255746134,-0.0248103651973227,0.0049700000000000005,900.0
573.7962790835523,-0.0093744627697768,-0.0237550058482367,0.0049700000000000005,900.0
573.8968552458906,-0.0102579243564349,-0.0226060249001376,0.0049700000000000005,900.0
573.997418295207,-0.0110338097817204,-0.021315489816376,0.0049700000000000005,900.0
574.0979904044294,-0.0116560396532752,-0.0199205672254202,0.0049700000000000005,900.0
574.198558460536,-0.0121103879576953,-0.0184308440324149,0.0049700000000000005,900.0
574.3032845366621,-0.0123570829376313,-0.0169594854050434,0.0049700000000000005,900.0
574.4038201678419,-0.012425086068077,-0.0154633556294276,0.0049700000000000005,900.0
574.4943400729322,-0.0123074444792634,-0.0140539718780326,0.0049700000000000005,900.0
574.5949064601087,-0.0120240494111835,-0.0125489765648236,0.0049700000000000005,900.0
574.6954678404951,-0.011569416186689,-0.0111412998286715,0.0049700000000000005,900.0
574.7960165846968,-0.0109493459233443,-0.0097808826860399,0.0049700000000000005,900.0
574.8965524542951,-0.0101660467999674,-0.0084963315326405,0.0049700000000000005,900.0
574.9971176493788,-0.0092470261167575,-0.0073435980780381,0.0049700000000000005,900.0
575.0976833212995,-0.00818987199372,-0.0063048240704206,0.0049700000000000005,900.0
575.1982175219679,-0.0070131973390284,-0.0053737591544692,0.0049700000000000005,900.0
575.2987960684919,-0.0056606100407116,-0.0045700880842076,0.0049700000000000005,900.0
575.3993648398542,-0.0043382307018555,-0.003982005478839,0.0049700000000000005,900.0
575.4999293196821,-0.0028528590327814,-0.0035435208441961,0.0049700000000000005,900.0
575.600511919322,-0.001357660770332,-0.0032927236828336,0.0049700000000000005,900.0
575.7010735381269,9.413299713069424e-05,-0.0032155404114936,0.0049700000000000005,900.0
575.7955354560041,0.0015171143670115,-0.0033182632145923,0.0049700000000000005,900.0
575.8960961211347,0.0030276165729104,-0.0036075481245301,0.0049700000000000005,900.0
575.9966646540785,0.0044817221420669,-0.0040486765891966,0.0049700000000000005,900.0
576.0972315180921,0.0058278253725486,-0.0046676191988963,0.0049700000000000005,900.0
576.1978012431288,0.0070911004290355,-0.00543862728154,0.0049700000000000005,900.0
576.2983731139326,0.0082811860585936,-0.0063738937665053,0.0049700000000000005,900.0
576.3996099341535,0.0093527709010754,-0.007453418897257,0.0049700000000000005,900.0
576.5014101374769,0.0103033059507571,-0.0086711829668537,0.0049700000000000005,900.0
576.6019774783277,0.0110716086526749,-0.0099592419379769,0.0049700000000000005,900.0
576.7025159705305,0.0116492991346261,-0.0113917931241884,0.0049700000000000005,900.0
576.8030740130567,0.012089466230309,-0.0128270669709144,0.0049700000000000005,900.0
576.9036461222792,0.01233369091336,-0.0142493669473277,0.0049700000000000005,900.0
576.9941557753706,0.0123995574274116,-0.0155908429874009,0.0049700000000000005,900.0
577.0947426665449,0.0123117377825788,-0.0171018715779236,0.0049700000000000005,900.0
577.1953088153028,0.0120446028706063,-0.0185979142891554,0.0049700000000000005,900.0
577.2958792555952,0.0115865102402112,-0.0200561198562238,0.0049700000000000005,900.0
577.3964561331892,0.0109695901008999,-0.0214345369435311,0.0049700000000000005,900.0
577.5021020281935,0.010154405287841,-0.0227794777736354,0.0049700000000000005,900.0
577.6026815283918,0.0092216538553013,-0.0239483316481232,0.0049700000000000005,900.0
577.7032467234754,0.0081624870078952,-0.0250016736148632,0.0049700000000000005,900.0
577.8038250315809,0.0069420344336398,-0.025945086097172,0.0049700000000000005,900.0
577.8943430293226,0.0058013833944909,-0.0266132459797153,0.0049700000000000005,900.0
577.9949146617079,0.0044710224018331,-0.0272260295454742,0.0049700000000000005,900.0
578.0955098975325,0.0030311728149428,-0.0276678816318441,0.0049700000000000005,900.0
578.1961766589308,0.0015336956013858,-0.0279401313499286,0.0049700000000000005,900.0
578.2970157969618,8.312506742796932e-06,-0.0280326015851155,0.0049700000000000005,900.0
578.3976024497175,-0.0014903090699841,-0.0279475110634489,0.0049700000000000005,900.0
578.4981693137312,-0.0029751534692228,-0.0276687431644204,0.0049700000000000005,900.0
578.5987330783033,-0.0042106493574463,-0.0273233977342836,0.0049700000000000005,900.0
578.6993121016645,-0.0045339999999999,-0.0272097887158062,0.0049700000000000005,900.0
578.7998815882826,-0.0045339999999999,-0.0272097327849212,0.0049700000000000005,900.0
578.900437246623,-0.0045339999999999,-0.0272091187188186,0.0049700000000000005,0.0
578.9994100440168,-0.0045339999999999,-0.02720603082793,0.0049700000000000005,0.0
579.1004933226728,-0.0045339999999999,-0.0272048939587811,0.0049700000000000005,0.0
579.2010659087324,-0.0045339999999999,-0.0272046887035286,0.0049700000000000005,0.0
579.3016015399122,-0.004534,-0.0272028639568936,0.0049700000000000005,0.0
579.4021839011335,-0.0045339999999999,-0.0272013416123493,0.0049700000000000005,0.0
579.5028501856947,-0.004534,-0.0272004174885464,0.0049700000000000005,0.0
579.6034249175215,-0.004534,-0.0271990123262959,0.0049700000000000005,0.0
579.6939572203779,-0.0045339999999999,-0.0271978879002651,0.0049700000000000005,0.0
579.79451764709,-0.0045339999999999,-0.0271971636742657,0.0049700000000000005,0.0
579.8950814116621,-0.0045339999999999,-0.0271952077676311,0.0049700000000000005,0.0
579.996560703578,-0.0045339999999999,-0.0271948585705156,0.0049700000000000005,0.0
580.0977441180372,-0.004534,-0.0271929962209011,0.0049700000000000005,0.0
580.1994108069563,-0.0045339999999999,-0.0271914971367997,0.0049700000000000005,0.0
580.2999936450148,-0.0045339999999999,-0.0271885154949868,0.0049700000000000005,0.0
580.4005755293989,-0.0045339999999999,-0.0271872385433502,0.0049700000000000005,0.0
580.5014294493818,-0.0045339999999999,-0.0271871168498699,0.0049700000000000005,0.0
580.6020060885572,-0.004534,-0.0271856680046672,0.0049700000000000005,0.0
580.7032541144514,-0.0045339999999999,-0.02718450742923,0.0049700000000000005,0.0
580.7949851859236,-0.0045339999999999,-0.0271837080890324,0.0049700000000000005,0.0
580.8955594409132,-0.004534,-0.0271820704068678,0.0049700000000000005,0.0
581.00195158607,-0.0045339999999999,-0.0271804588002174,0.0049700000000000005,0.0
581.102523933711,-0.0045339999999999,-0.0271783086806036,0.0049700000000000005,0.0
581.2030814994001,-0.0045339999999999,-0.0271777491712666,0.0049700000000000005,0.0
581.3012341368818,-0.0045339999999999,-0.027176158083675,0.0049700000000000005,0.0
581.4018067229414,-0.0045339999999999,-0.0271742765375662,0.0049700000000000005,0.0
581.5024060118818,-0.0045339999999999,-0.0271741692641063,0.0049700000000000005,0.0
581.6029588091993,-0.0045339999999999,-0.027174381388482,0.0049700000000000005,0.0
