3045.537232892142,-0.006782,0.0096598080673968,0.03479,0.0
3045.6377999945744,-0.0067819999999999,0.0096587348247068,0.03479,0.0
3045.7383690043553,-0.0067819999999999,0.0096565921698711,0.03479,0.0
3045.8388874693974,-0.006782,0.0096552447716325,0.03479,0.0
3045.9394562407597,-0.0067819999999999,0.009653146983025,0.03479,0.0
3046.0402603312596,-0.0067819999999999,0.0096518350747973,0.03479,0.0
3046.1407795115574,-0.006782,0.0096497587384396,0.03479,0.0
3046.241298930274,-0.0067819999999999,0.0096483555941065,0.03479,0.0
3046.341873423682,-0.0067819999999999,0.0096463865643562,0.03479,0.0
3046.4323942824467,-0.0067819999999999,0.009644418323964,0.03479,0.0
3046.533007876502,-0.0067819999999999,0.0096423859894202,0.03479,0.0
3046.6335911913975,-0.0067819999999999,0.0096408678339534,0.03479,0.0
3046.734112755881,-0.0067819999999999,0.0096395310450107,0.03479,0.0
3046.837495820151,-0.0067819999999999,0.00963761454833,0.03479,0.0
3046.938072220908,-0.006782,0.0096359834643057,0.03479,0.0
3047.0385921164616,-0.0067819999999999,0.0096333385599682,0.03479,0.0
3047.1391503974064,-0.0067819999999999,0.0096314097132313,0.03479,0.0
3047.2397210761173,-0.006782,0.009630602124904,0.03479,0.0
3047.3402877017124,-0.0067819999999999,0.0096281907066328,0.03479,0.0
3047.4408486052616,-0.0067819999999999,0.0096262879460573,0.03479,0.0
3047.532797591315,-0.0067819999999999,0.009625076084682,0.03479,0.0
3047.6333630248173,-0.0067819999999999,0.0096246422566348,0.03479,0.0
3047.733922497855,-0.0067819999999999,0.0096245796965186,0.03479,0.0
3047.8344814940556,-0.0065333934085052,0.0093820360320628,0.03479,0.0
3047.9350562258824,-0.0054667270089299,0.0083414738557854,0.03479,0.0
3048.0356130763157,-0.0033759983278068,0.0063020948806406,0.03479,0.0
3048.1361861392124,-0.0013557265005178,0.0043314613862644,0.03479,0.0
3048.2367539569004,0.0006816281947342,0.0023442109460513,0.03479,0.0
3048.339255826102,0.0027297298061905,0.0003463302725205,0.03479,0.0
3048.4398195906742,0.0048241344815327,-0.0016965703056646,0.03479,0.0
3048.5403843089207,0.0068707375418617,-0.0036929797141074,0.03479,0.0
3048.640949742423,0.0088904434821384,-0.0056630912718955,0.03479,0.0
3048.7417051955326,0.0108735096104867,-0.0075974632161699,0.03479,0.0
3048.832213656531,0.0127289785641642,-0.0094073651646247,0.03479,0.0
3048.932788388358,0.014115819796494,-0.0107601109223946,0.03479,0.0
3049.0333542986973,0.014336,-0.0109748372204007,0.03479,0.0
3049.1339173480137,0.0142974896702362,-0.0108698652516139,0.03479,900.0
3049.234479443656,0.0139796001040994,-0.0100255541247314,0.03479,900.0
3049.335043685065,0.0133487023158089,-0.0086408623429044,0.03479,900.0
3049.4356074496372,0.0125510500072596,-0.0073118041834472,0.03479,900.0
3049.536182181464,0.0116492780151672,-0.0060976329938547,0.03479,900.0
3049.636773125754,0.0106537604587953,-0.0049938649928492,0.03479,900.0
3049.7344446345433,0.0095982549330409,-0.0040416934758646,0.03479,900.0
3049.835009829627,0.0083613570889674,-0.0031278716307417,0.03479,900.0
3049.935584323035,0.0070570917099323,-0.0023370880371324,0.03479,900.0
3050.0361275836094,0.0057266374811549,-0.001713292442226,0.03479,900.0
3050.140533940421,0.0042751479591464,-0.0012036000385881,0.03479,900.0
3050.2410946055516,0.0028120961142647,-0.0008424469164168,0.03479,900.0
3050.331617371665,0.0014165483070533,-0.0006353259254617,0.03479,900.0
3050.432239548789,-7.366325412958008e-05,-0.000565646866063,0.03479,900.0
3050.5327656432255,-0.0015859591541147,-0.0006479918639832,0.03479,900.0
3050.6333663626774,-0.0026457604906837,-0.0008018894439059,0.03479,900.0
3050.7338860198124,-0.0040097979926827,-0.0011190378834333,0.03479,900.0
3050.8344221278294,-0.0053638901912663,-0.001573797546568,0.03479,900.0
3050.934971348868,-0.0067183087449181,-0.0021653011018465,0.03479,900.0
3051.035536543952,-0.0080695161838357,-0.0029296779522582,0.03479,900.0
3051.1360514327152,-0.0092929192386569,-0.0037964142608285,0.03479,900.0
3051.236617104636,-0.0104093891349571,-0.00476067783781,0.03479,900.0
3051.337189452277,-0.011464103607099,-0.0058789191860715,0.03479,900.0
3051.437756077872,-0.0123484938547456,-0.0070153377424034,0.03479,900.0
3051.5383434458836,-0.0131117734980901,-0.0082295290138518,0.03479,900.0
3051.6332576438053,-0.01364046473254,-0.0092421572345993,0.03479,900.0
3051.7338144942387,-0.0142103050675905,-0.010633092625897,0.03479,900.0
3051.8343744441136,-0.0146367375591166,-0.0121150631477293,0.03479,900.0
3051.93493415557,-0.0149118918520328,-0.0135882094169219,0.03479,900.0
3052.035496728049,-0.0150385897452057,-0.0150800207624721,0.03479,900.0
3052.136055485831,-0.015015679329869,-0.0165656216808194,0.03479,900.0
3052.236613766776,-0.0148515833492515,-0.0180359996336213,0.03479,900.0
3052.3371863528355,-0.014527775884352,-0.0195251052433514,0.03479,900.0
3052.437719361411,-0.014055639237639,-0.0210078689254212,0.03479,900.0
3052.5382466479405,-0.0134993275620508,-0.0222880990309976,0.03479,900.0
3052.6388137503727,-0.0129475290950637,-0.0233045952316026,0.03479,900.0
3052.7393613024815,-0.0121412809027524,-0.0245276797292233,0.03479,900.0
3052.8399274512394,-0.0111434179661412,-0.0257707587499511,0.03479,900.0
3052.9404874011143,-0.0101419852457885,-0.0267614102278653,0.03479,900.0
3053.041059987174,-0.0089569347715472,-0.0277317921443054,0.03479,900.0
3053.1347160502537,-0.0077525496624209,-0.028527829238143,0.03479,900.0
3053.23527409278,-0.0064555553188742,-0.0292201993012196,0.03479,900.0
3053.335839526282,-0.0050462525636471,-0.0298002033791829,0.03479,900.0
3053.4363975688084,-0.003620798431367,-0.0302338167754369,0.03479,900.0
3053.536958710776,-0.0024239114295166,-0.0304919983817244,0.03479,900.0
3053.637526528464,-0.0012600238802337,-0.0306248495021761,0.03479,900.0
3053.739564911948,0.0003344557354619,-0.0306728371315227,0.03479,900.0
3053.8401456042393,0.001821925933952,-0.0305769244557533,0.03479,900.0
3053.9407093688114,0.0032383923473244,-0.0303400000640693,0.03479,900.0
3054.0412767096623,0.0047178584092529,-0.0299349159145514,0.03479,900.0
3054.131750599967,0.0060313892766488,-0.0294220109994851,0.03479,900.0
3054.232311026679,0.007321758767798,-0.0287346485574811,0.03479,900.0
3054.332871453391,0.0085950964940427,-0.0279522592746755,0.03479,900.0
3054.433465258704,0.0097859293216895,-0.027056512343749,0.03479,900.0
3054.5342028304203,0.0108877485243116,-0.0260040401414069,0.03479,900.0
3054.63478543006,0.0118917775886894,-0.0248469245137491,0.03479,900.0
3054.7353587313755,0.0127526061805958,-0.0236132779885257,0.03479,900.0
3054.835859315024,0.0134965818296309,-0.0222971060281559,0.03479,900.0
3054.931628243552,0.0140710569715426,-0.020979218587566,0.03479,900.0
3055.032202975379,0.0145366656474867,-0.0195674741979455,0.03479,900.0
3055.132769600974,0.014856022713294,-0.0181536230737799,0.03479,900.0
3055.233303324805,0.0150205885953506,-0.0166498004846409,0.03479,900.0
3055.333934561835,0.0150400248748734,-0.0151103801717766,0.03479,900.0
3055.435948149787,0.014919408530766,-0.0136064296967007,0.03479,900.0
3055.53650500022,0.0146168065878548,-0.0120720995847292,0.03479,900.0
3055.637073533164,0.0143952347651044,-0.0111799248205187,0.03479,900.0
3055.738764063941,0.014336,-0.0109748372204007,0.03479,900.0
3055.8393285437687,0.014021784508602,-0.0109003960581341,0.03479,900.0
3055.9398682280644,0.010730975548062,-0.0101203312405124,0.03479,900.0
3056.0404427214726,0.0034838953595162,-0.008402369264455,0.03479,900.0
3056.141013161765,-0.0032855826752733,-0.0067976849841613,0.03479,900.0
3056.231508986579,-0.0067819999999999,-0.0059688451908443,0.03479,900.0
3056.3332324191197,-0.0061468173261808,-0.0055607206440573,0.03479,900.0
3056.433785216437,-0.0050016622392524,-0.0049562635741877,0.03479,900.0
3056.534341351615,-0.0035642795778445,-0.0044028655020907,0.03479,900.0
3056.6349177523716,-0.0020959409737562,-0.0040392370027078,0.03479,900.0
3056.7254402800663,-0.0007515853095995,-0.0038847674846544,0.03479,900.0
3056.826009528266,0.0007455809857867,-0.0038707298911583,0.03479,900.0
3056.9265813990696,0.0021848775862315,-0.0040562070245076,0.03479,900.0
3057.0271549388035,0.003643366393248,-0.0044201821953542,0.03479,900.0
3057.127734915839,0.0050480462742656,-0.0049633063139631,0.03479,900.0
3057.229633824454,0.006437896028578,-0.0057353587838406,0.03479,900.0
3057.33022047721,0.0076293335838259,-0.0066243797622101,0.03479,900.0
3057.4307696982487,0.00867979217415,-0.0076560296631799,0.03479,900.0
3057.531429068671,0.0096260528908634,-0.0088207162219194,0.03479,900.0
3057.631935851203,0.0104244548622278,-0.0101417245875918,0.03479,900.0
3057.733226315604,0.0110532393205948,-0.0115552141481041,0.03479,900.0
3057.833938138114,0.0114807648072863,-0.0130117534905613,0.03479,900.0
3057.9346125289067,0.011717228200429,-0.0144679323411925,0.03479,900.0
3058.025134818183,0.0117742798822233,-0.0158052007467707,0.03479,900.0
3058.1337559386357,0.0116348318074344,-0.0174663978627017,0.03479,900.0
3058.2256083651646,0.0113442736149248,-0.0188251392369971,0.03479,900.0
3058.3261349364384,0.0108626878284183,-0.0202397457864207,0.03479,900.0
3058.426637189017,0.0102213309706905,-0.0215233366408124,0.03479,900.0
3058.5271957083805,0.0093796751052572,-0.0227749292041552,0.03479,900.0
3058.6277358695133,0.0083648724258218,-0.0239271658880128,0.03479,900.0
3058.7282791300877,0.007232471220861,-0.0249282842068159,0.03479,900.0
3058.8288476630314,0.0060219360333529,-0.0257558284277443,0.03479,900.0
3058.929387824164,0.0046561250403721,-0.0264382636416428,0.03479,900.0
3059.029870764838,0.0032092821347142,-0.0269615294074469,0.03479,900.0
3059.1306042834385,0.0017350770654074,-0.0272707959157138,0.03479,900.0
3059.231174723731,0.0002621303048274,-0.0274063282698865,0.03479,900.0
3059.331699864493,-0.0012091731861935,-0.0273448494477899,0.03479,900.0
3059.4322233363255,-0.0027122650761954,-0.0271026167495056,0.03479,900.0
3059.5330329104527,-0.004127602180454,-0.026676749601452,0.03479,900.0
3059.6258025332554,-0.0054339775635794,-0.0261002129903047,0.03479,900.0
3059.726907031165,-0.0066964696601535,-0.0253314352525483,0.03479,900.0
3059.827492253409,-0.0079028203222924,-0.0243687876826728,0.03479,900.0
3059.92805124961,-0.0089361337063767,-0.0233131432911126,0.03479,900.0
3060.028621689902,-0.0098292263261459,-0.0221138189707255,0.03479,900.0
3060.129208819495,-0.0105861271312469,-0.0207734325719507,0.03479,900.0
3060.2297933264836,-0.0111702844316806,-0.0193788832645623,0.03479,900.0
3060.3303690119847,-0.011547047151121,-0.0179306840711251,0.03479,900.0
3060.430934922324,-0.0117476001861828,-0.016414893642909,0.03479,900.0
3060.531508938895,-0.0117623795587445,-0.0149090251592271,0.03479,900.0
3060.6320703192814,-0.0115857570690578,-0.0134352558268655,0.03479,900.0
3060.7326538725956,-0.0112306837628614,-0.0120096203593461,0.03479,900.0
3060.8332171603306,-0.010650508086949,-0.0105639236873764,0.03479,900.0
3060.93378140174,-0.0099459179885734,-0.0092740479869617,0.03479,900.0
3061.034323231803,-0.009056120739487,-0.0080879246721801,0.03479,900.0
3061.1272819205387,-0.0080817974761479,-0.0070649579994012,0.03479,900.0
3061.228580252753,-0.0071308160859578,-0.0062405491464738,0.03479,900.0
3061.3291411563023,-0.0067820494609804,-0.0059688935709837,0.03479,900.0
3061.4296441241368,-0.0067819999999999,-0.0059688451908443,0.03479,900.0
3061.5302143260105,-0.006782,-0.0059683172928705,0.03479,0.0
3061.630776183234,-0.0067819999999999,-0.005967095591649,0.03479,0.0
3061.7313544913395,-0.0067819999999999,-0.0059658098853267,0.03479,0.0
3061.8319215937718,-0.0067819999999999,-0.0059647797961264,0.03479,0.0
3061.932421939002,-0.0067819999999999,-0.005963757804426,0.03479,0.0
3062.032995955573,-0.006782,-0.0059626486632141,0.03479,0.0
3062.1335673495396,-0.0067819999999999,-0.005961517582479,0.03479,0.0
3062.234120146857,-0.0067819999999999,-0.0059604176806471,0.03479,0.0
3062.334692017661,-0.0067819999999999,-0.005959063508023,0.03479,0.0
3062.42521049224,-0.0067819999999999,-0.0059580516538667,0.03479,0.0
3062.525777117835,-0.0067819999999999,-0.005956837618377,0.03479,0.0
3062.6264674826725,-0.0067819999999999,-0.0059555204702803,0.03479,0.0
3062.727041737662,-0.006782,-0.0059543872081575,0.03479,0.0
3062.832166211234,-0.0067819999999999,-0.0059532645321253,0.03479,0.0
3062.932727114783,-0.0067819999999999,-0.0059522060199878,0.03479,0.0
3063.0333254500492,-0.0067819999999999,-0.0059508247733227,0.03479,0.0
3063.1338937445744,-0.0067819999999999,-0.0059493158125558,0.03479,0.0
3063.234459416495,-0.006782,-0.0059482066462523,0.03479,0.0
3063.33501769744,-0.0067819999999999,-0.0059473053442499,0.03479,0.0
3063.4255261584385,-0.006782,-0.0059461043553937,0.03479,0.0
3063.526175276862,-0.0067819999999999,-0.0059448186374147,0.03479,0.0
3063.6337623759373,-0.0067819999999999,-0.0059439054624514,0.03479,0.0
3063.734531418906,-0.006782,-0.0059428274096419,0.03479,0.0
3063.8350961371525,-0.0067819999999999,-0.0059415603128732,0.03479,0.0
3063.925611989127,-0.006782,-0.0059403752240571,0.03479,0.0
3064.026166216956,-0.0067819999999999,-0.0059389434867202,0.03479,0.0
3064.1267292662724,-0.0067819999999999,-0.005937806126001,0.03479,0.0
3064.2272801562412,-0.0067819999999999,-0.0059368006900897,0.03479,0.0
3064.3306584521397,-0.0067819999999999,-0.0059351959878022,0.03479,0.0
3064.4312324687107,-0.0067819999999999,-0.0059340268103851,0.03479,0.0
3064.5317294760807,-0.0067819999999999,-0.0059334437999789,0.03479,0.0
3064.6322901412113,-0.0067819999999999,-0.005933386449428,0.03479,0.0
