1296.8845041513996,-0.010163,-0.0081161236271046,0.01136,0.0
1296.9850602865772,-0.010163,-0.0081169186866084,0.01136,0.0
1297.0856390715198,-0.010163,-0.0081189488753304,0.01136,0.0
1297.1863494635181,-0.010163,-0.0081211146016171,0.01136,0.0
1297.286920142229,-0.010163,-0.0081232895357693,0.01136,0.0
1297.3874881983356,-0.0101629999999999,-0.0081252262238274,0.01136,0.0
1297.4880634069996,-0.010163,-0.0081272929505502,0.01136,0.0
1297.5785530329304,-0.010163,-0.0081286928046381,0.01136,0.0
1297.6791296721058,-0.010163,-0.0081306628387388,0.01136,0.0
1297.779702496584,-0.0101629999999999,-0.0081330427914028,0.01136,0.0
1297.8802724600391,-0.010163,-0.0081351777406205,0.01136,0.0
1297.9802175283985,-0.010163,-0.0081373936101749,0.01136,0.0
1298.08151633745,-0.010163,-0.008139514525153,0.01136,0.0
1298.1820908308582,-0.010163,-0.0081418196891603,0.01136,0.0
1298.2826319456653,-0.010163,-0.0081431807634262,0.01136,0.0
1298.3831470728474,-0.0101629999999999,-0.0081460204705259,0.01136,0.0
1298.4837086916523,-0.010163,-0.0081473953946766,0.01136,0.0
1298.5842757940845,-0.010163,-0.0081495178289245,0.01136,0.0
1298.6848338366108,-0.010163,-0.0081510237093164,0.01136,0.0
1298.7854059458332,-0.0101629999999999,-0.0081513899139253,0.01136,0.0
1298.8874197722034,-0.0097717004744487,-0.0086087027716216,0.01136,0.0
1298.987995219286,-0.0085331287379282,-0.0100561935298212,0.01136,0.0
1299.078477931078,-0.0068800281594077,-0.0119881101710791,0.01136,0.0
1299.1790433645801,-0.0050032904949406,-0.014181345281926,0.01136,0.0
1299.279618573244,-0.0031940397687599,-0.0162956667641332,0.01136,0.0
1299.381668877657,-0.0012799542119655,-0.0185325762240517,0.01136,0.0
1299.482223105486,0.0005100011064016,-0.0206243376006856,0.01136,0.0
1299.5940986395435,0.0026128468414632,-0.0230818462850985,0.01136,0.0
1299.684620690401,0.004239249036924,-0.0249825549043623,0.01136,0.0
1299.785191369112,0.00608556195351,-0.0271402693763886,0.01136,0.0
1299.8857675314503,0.0079661368186596,-0.0293379452923709,0.01136,0.0
1299.986336064394,0.0087823353251986,-0.0302916965392531,0.01136,0.0
1300.0868452311115,0.00891,-0.0304408427977709,0.01136,0.0
1300.1874378443317,0.0091895549694973,-0.0302597290806816,0.01136,900.0
1300.2785425901966,0.0100079047509931,-0.0297032922674131,0.01136,900.0
1300.379113030489,0.0111751732869441,-0.0288059280718391,0.01136,900.0
1300.4796679735737,0.012250503591555,-0.0278108928810695,0.01136,900.0
1300.5802195787983,0.0133029071538329,-0.026646982412901,0.01136,900.0
1300.680790972765,0.0141094008403171,-0.0255930018498494,0.01136,900.0
1300.7813549757557,0.0148228250458016,-0.0244949820954981,0.01136,900.0
1300.8819127798633,0.0155073245974488,-0.0232114668608228,0.01136,900.0
1300.9824729681568,0.0161048345038428,-0.0218358724702038,0.01136,900.0
1301.0791612387256,0.0165724247905225,-0.0204392226826263,0.01136,900.0
1301.180435729082,0.0169342654876264,-0.018945730863928,0.01136,900.0
1301.2809077025013,0.0171654924672989,-0.0174625832725646,0.01136,900.0
1301.3814829111652,0.017257942071398,-0.0159629029669579,0.01136,900.0
1301.482049775179,0.0172286487382387,-0.0145036858720848,0.01136,900.0
1301.582573962267,0.0170779058984481,-0.0129943399607942,0.01136,900.0
1301.6831272364216,0.0167706369244895,-0.0114831810832658,0.01136,900.0
1301.7836843252735,0.0163539529318643,-0.0100791509657495,0.01136,900.0
1301.8841968298511,0.0157981096828284,-0.0086607589862732,0.01136,900.0
1301.9847741842823,0.0151156861919823,-0.0072809051294782,0.01136,900.0
1302.0853384256916,0.0144235608948889,-0.006138666179275,0.01136,900.0
1302.1859038591938,0.0136398189083407,-0.0050469574994192,0.01136,900.0
1302.2864561796741,0.0126960525982443,-0.0039403586043515,0.01136,900.0
1302.3870151758747,0.0116468958196953,-0.0028853391543628,0.01136,900.0
1302.4802911997394,0.0105864373103602,-0.0019888886246029,0.01136,900.0
1302.5808749914722,0.0093436518274565,-0.0011106086958504,0.01136,900.0
1302.6814397097187,0.0080415483184936,-0.0003462709360627,0.01136,900.0
1302.7820127726154,0.0066522251607745,0.000318662999917,0.01136,900.0
1302.882582497652,0.0052808683526646,0.000818744640757,0.01136,900.0
1302.983156037386,0.0038613445318411,0.0012083143851241,0.01136,900.0
1303.0860048056202,0.0022898722354729,0.0014844152003686,0.01136,900.0
1303.1865697622852,0.0007980017537697,0.0016175738280166,0.01136,900.0
1303.2871437788563,-0.0006709225332942,0.0016283567604136,0.01136,900.0
1303.3776608229236,-0.0020270433344288,0.0015085886387331,0.01136,900.0
1303.4781916857319,-0.0035360764356117,0.0012663738559948,0.01136,900.0
1303.5787621260242,-0.0049893793547596,0.0008999555124485,0.01136,900.0
1303.6795297384815,-0.0063859706233508,0.0004126145443003,0.01136,900.0
1303.7802537203388,-0.0077490264704923,-0.0001985466192642,0.01136,900.0
1303.8817783117847,-0.009122106054096,-0.0009635925549723,0.01136,900.0
1303.982575964983,-0.0103659585621155,-0.0018000172133225,0.01136,900.0
1304.083133053835,-0.0115278904725672,-0.0027571515219339,0.01136,900.0
1304.1837077856617,-0.0126106735410861,-0.0038316814951899,0.01136,900.0
1304.2842689276295,-0.0135652275969928,-0.0049495077763777,0.01136,900.0
1304.384852242525,-0.0144452773334511,-0.0061656255875484,0.01136,900.0
1304.485421252306,-0.015216155279433,-0.0074875840146767,0.01136,900.0
1304.5859957457142,-0.0158752669807106,-0.0088592145429807,0.01136,900.0
1304.686561894472,-0.0164133307265106,-0.0102925150571068,0.01136,900.0
1304.7871256590442,-0.0168274508930383,-0.0117669283219299,0.01136,900.0
1304.877651524599,-0.0170745143137447,-0.0130717075736409,0.01136,900.0
1304.9782067061024,-0.0172269458606643,-0.0145112599411486,0.01136,900.0
1305.0787828684406,-0.0172706647361685,-0.0160838157586285,0.01136,900.0
1305.1801653624134,-0.0171749404670781,-0.017545401793223,0.01136,900.0
1305.2807257891254,-0.0169211233685098,-0.0190787866192281,0.01136,900.0
1305.381454777773,-0.0165548985810078,-0.0205188978370628,0.01136,900.0
1305.4820254564838,-0.0160811344577426,-0.0219141733062484,0.01136,900.0
1305.5825391531544,-0.0154604795827537,-0.0233064534279053,0.01136,900.0
1305.6831184149341,-0.0147179457705261,-0.0246402114699216,0.01136,900.0
1305.7836337805347,-0.013879202440641,-0.0258887367637354,0.01136,900.0
1305.8846147776203,-0.0129247788164246,-0.0270686423063985,0.01136,900.0
1305.9851880789356,-0.01188602668711,-0.0281512851542672,0.01136,900.0
1306.0857637644367,-0.010775371523918,-0.0291152737653614,0.01136,900.0
1306.186353516634,-0.0095486523986235,-0.0300155461779908,0.01136,900.0
1306.286919665392,-0.0082158879139261,-0.0308263689740639,0.01136,900.0
1306.3874748468952,-0.0068411008028278,-0.0314959054401859,0.01136,900.0
1306.477988791521,-0.0056438348499393,-0.0319490875668715,0.01136,900.0
1306.578550410326,-0.0042136681196359,-0.0323702455620175,0.01136,900.0
1306.6791055918293,-0.0027375398371163,-0.032677554112343,0.01136,900.0
1306.7796762705402,-0.001250343828959,-0.0328447098953187,0.01136,900.0
1306.8808239222126,0.000300734420472,-0.0328843588096476,0.01136,900.0
1306.9813895941334,0.0018483735403328,-0.032789536891037,0.01136,900.0
1307.0819373846607,0.003345968177484,-0.0325647208872233,0.01136,900.0
1307.1825166464405,0.0047920484117203,-0.0322165206192469,0.01136,900.0
1307.2830930471973,0.006169300566716,-0.0317553027923878,0.01136,900.0
1307.3836653948383,0.0076084080022842,-0.0311367169783044,0.01136,900.0
1307.4844213247852,0.0087858651515253,-0.0305124151888943,0.01136,900.0
1307.5850065470295,0.00891,-0.0304408427977709,0.01136,900.0
1307.6855805636005,0.0061470699397474,-0.0289559838969694,0.01136,900.0
1307.7861498118,0.000198974664496,-0.0257591957122734,0.01136,900.0
1307.876653504427,-0.0049986606460034,-0.0229657134341985,0.01136,900.0
1307.977215600069,-0.0074988024501247,-0.0216219937929298,0.01136,900.0
1308.077795338686,-0.0075009999999999,-0.0216208015433386,0.01136,900.0
1308.1784530401783,-0.0076297617496084,-0.0214392125158324,0.01136,900.0
1308.2790156126575,-0.0080687743829947,-0.020767960982212,0.01136,900.0
1308.3795891523914,-0.0087813345590456,-0.0194500526120847,0.01136,900.0
1308.4801562548237,-0.0092540374138322,-0.0180667686410852,0.01136,900.0
1308.5807462454395,-0.0095344148357759,-0.0164934403594061,0.01136,900.0
1308.6813164473133,-0.0095641250411174,-0.0150533950075252,0.01136,900.0
1308.7818880796985,-0.0093418598553806,-0.0135337375554275,0.01136,900.0
1308.882463526781,-0.0088890676809098,-0.0121005670970939,0.01136,900.0
1308.9830365896778,-0.0082248284865933,-0.0107673159075735,0.01136,900.0
1309.0836151362018,-0.0073721905766375,-0.0095471005891667,0.01136,900.0
1309.184183430727,-0.00634859942451,-0.0084820376634286,0.01136,900.0
1309.284900736864,-0.0051424590086356,-0.0075794824300325,0.01136,900.0
1309.3854604483204,-0.0038032072832095,-0.0068525693057667,0.01136,900.0
1309.4860566378193,-0.0023781356648299,-0.0063666190207695,0.01136,900.0
1309.577757430132,-0.0010004267607783,-0.0060992280174479,0.01136,900.0
1309.678317856844,0.0004444318059702,-0.0060565889776753,0.01136,900.0
1309.7788830519276,0.0019366912073748,-0.0062386019430109,0.01136,900.0
1309.879453969057,0.0033981511475109,-0.0066846874905013,0.01136,900.0
1309.980023455675,0.0047278871737635,-0.0073078480913368,0.01136,900.0
1310.0805836439686,0.0059939450758331,-0.0081812888894514,0.01136,900.0
1310.1811543226795,0.0071078517787256,-0.0092380706266038,0.01136,900.0
1310.2817147493915,0.0079988307297615,-0.0103932738612531,0.01136,900.0
1310.3822832823353,0.0087081626888478,-0.0116983355136139,0.01136,900.0
1310.4828482390003,0.0092241074596546,-0.013116210092646,0.01136,900.0
1310.5834100962238,0.0094981101444813,-0.014562595930309,0.01136,900.0
1310.6839645624714,0.0095584573141413,-0.0160792563800226,0.01136,900.0
1310.7845335722523,0.0093631569668203,-0.0176054364234954,0.01136,900.0
1310.8851125956135,0.0089580083998121,-0.0190448903105335,0.01136,900.0
1310.9856808901386,0.0082845098406106,-0.0204560089304003,0.01136,900.0
1311.076206994112,0.0075237942538738,-0.0215519684473645,0.01136,900.0
1311.176875662859,0.0065028509800889,-0.0226415298379847,0.01136,900.0
1311.277452540453,0.0053073521878832,-0.0235755510253524,0.01136,900.0
1311.3780108213978,0.0040013052665707,-0.0243090618323785,0.01136,900.0
1311.4785576582508,0.0025962400940247,-0.0248213808201219,0.01136,900.0
1311.5794349432545,0.0011497218236578,-0.0251182855114211,0.01136,900.0
1311.6799991846638,-0.0003347853673094,-0.0251763243203196,0.01136,900.0
1311.780556035097,-0.0018857828231274,-0.025008697814539,0.01136,900.0
1311.8811262369709,-0.0033002137813958,-0.0246166123916908,0.01136,900.0
1311.9816933394031,-0.0047090616626523,-0.0239702554797978,0.01136,900.0
1312.0822637796955,-0.0059253835276526,-0.023175976528872,0.01136,900.0
1312.1827839136677,-0.0070400138277138,-0.0221215391445599,0.01136,900.0
1312.283351492937,-0.0074443970167535,-0.021684053785508,0.01136,900.0
1312.383932900484,-0.007501,-0.0216208015433386,0.01136,900.0
1312.4844940424518,-0.0067793916444784,-0.0219634949337667,0.01136,900.0
1312.585033488329,-0.0019240396302866,-0.0242688557492811,0.01136,900.0
1312.685548615511,0.004637588660015,-0.0273843664748102,0.01136,900.0
1312.7861095190601,0.0078829199533898,-0.0289252435201905,0.01136,900.0
1312.8765936613636,0.008021,-0.0289907528661086,0.01136,900.0
1312.9771338224964,0.0080422163939226,-0.0289770404703853,0.01136,900.0
1313.0776744604664,0.0082930734578839,-0.0288081839876305,0.01136,900.0
1313.1782408476429,0.0094992498576235,-0.0279717404381836,0.01136,900.0
1313.2787945986347,0.0105983774051119,-0.027041618293473,0.01136,900.0
1313.379253459032,0.011654215809033,-0.025950517289753,0.01136,900.0
1313.4799433470325,0.0125953371864403,-0.0247749014366352,0.01136,900.0
1313.5805156946735,0.0134175947758353,-0.0235091867613483,0.01136,900.0
1313.681035590227,0.0141011471328072,-0.0222032128148449,0.01136,900.0
1313.7815676451282,0.0145614932694124,-0.0211331705853744,0.01136,900.0
1313.8821223497944,0.0149351562763565,-0.019933681649177,0.01136,900.0
1313.9826646566944,0.0152848683407473,-0.0184559150456223,0.01136,900.0
1314.0831704855518,0.0154896964969252,-0.0171751435563017,0.01136,900.0
1314.183716607149,0.0155541474887125,-0.0160825086819163,0.01136,900.0
1314.2842803717213,0.0155363238130463,-0.0146003091485989,0.01136,900.0
1314.384859633501,0.0153643875112299,-0.0130818322783219,0.01136,900.0
1314.4854460478382,0.0150329047676419,-0.0115589683132559,0.01136,900.0
1314.5860203028278,0.0145614134363009,-0.0101050503878372,0.01136,900.0
1314.6765230417805,0.0140450239532824,-0.0089265554941036,0.01136,900.0
1314.7770949125843,0.0133168508465632,-0.0075822170737074,0.01136,900.0
1314.8776772738056,0.0124869852628114,-0.0063424752818539,0.01136,900.0
1314.979753327425,0.0115267801651551,-0.0051827241541379,0.01136,900.0
1315.0803073168354,0.01045238199965,-0.0041060418069729,0.01136,900.0
1315.1808994532184,0.0092876587175003,-0.0031420806690399,0.01136,900.0
1315.2814670324879,0.0080283232407,-0.0023056170290062,0.01136,900.0
1315.3820343733387,0.0066652451312746,-0.0015505643793011,0.01136,900.0
1315.4826052904682,0.0053232545648652,-0.0009961126038109,0.01136,900.0
1315.5844982386188,0.0038968775753287,-0.0005484984168837,0.01136,900.0
1315.685072732027,0.0024123041384747,-0.0002408045496882,0.01136,900.0
1315.7856364965992,0.000903841654427,-8.724483774305916e-05,0.01136,900.0
1315.8761494875507,-0.0004905750538585,-7.399823663937696e-05,0.01136,900.0
1315.9767132521229,-0.0020179217212716,-0.0002023508793043,0.01136,900.0
1316.0772715330677,-0.003463309819736,-0.000458726117614,0.01136,900.0
1316.1778445959644,-0.0048941183919164,-0.0008607038099199,0.01136,900.0
1316.2784140825825,-0.0063250559443328,-0.0014124638505214,0.01136,900.0
1316.3789790392475,-0.0076588791396739,-0.0020830697808505,0.01136,900.0
1316.4795594931202,-0.0089278037745558,-0.0028784099315956,0.01136,900.0
1316.58014209276,-0.0101438030728926,-0.0038169401764014,0.01136,900.0
1316.6807027578907,-0.0112067021245124,-0.004807130915801,0.01136,900.0
1316.7812734366016,-0.0122186092002801,-0.0059720607758294,0.01136,900.0
1316.8818419695453,-0.0130776440341864,-0.0071709926606278,0.01136,900.0
1316.982420754488,-0.0137122469152175,-0.0082482868688961,0.01136,900.0
1317.0830069304066,-0.0143090789208342,-0.0095088414455398,0.01136,900.0
1317.1835802317219,-0.0148194741462651,-0.0108868975654136,0.01136,900.0
1317.2844711065845,-0.0152020618692987,-0.0123273860992772,0.01136,900.0
1317.3851929426746,-0.0154502600009524,-0.0138286097547719,0.01136,900.0
1317.4768510580616,-0.0155522483048544,-0.0152358625507558,0.01136,900.0
1317.5774312735157,-0.0155201343664131,-0.0167721748563946,0.01136,900.0
1317.6780777693348,-0.015343112858341,-0.0182559028975986,0.01136,900.0
1317.7785857439594,-0.0150350120964755,-0.0196928661563528,0.01136,900.0
1317.8791564226703,-0.0145646540550278,-0.0211475106494615,0.01136,900.0
1317.9797185183124,-0.0139774764313043,-0.0224985942560933,0.01136,900.0
1318.0802860975818,-0.0132577817616526,-0.0237870454106675,0.01136,900.0
1318.1808460474567,-0.0124079446002064,-0.025017403792292,0.01136,900.0
1318.2813764334278,-0.0114359937919663,-0.0261780704667982,0.01136,900.0
1318.3819454432087,-0.0103576946497636,-0.0272396746564597,0.01136,900.0
1318.4825614214496,-0.0091621535495044,-0.0282034062964006,0.01136,900.0
1318.5831144571857,-0.0078768239864492,-0.0290444972597537,0.01136,900.0
1318.683698487337,-0.0065487423583367,-0.0297478510876286,0.01136,900.0
1318.784272027071,-0.0051899164747367,-0.0303020323430002,0.01136,900.0
1318.8848355532245,-0.0037570249056582,-0.0307310424018586,0.01136,900.0
1318.9853528261738,-0.0022112214225066,-0.0310486593125206,0.01136,900.0
1319.0859556913929,-0.0007127826900166,-0.0311901275765547,0.01136,900.0
1319.1764741659717,0.0005654028097857,-0.0311902077570255,0.01136,900.0
1319.2770295858936,0.0021253707648695,-0.0310467018631376,0.01136,900.0
1319.37865478998,0.003583003377568,-0.030774313718236,0.01136,900.0
1319.4792083025532,0.0050288744188982,-0.0303517169367994,0.01136,900.0
1319.579751801546,0.0064217007881959,-0.029804174182791,0.01136,900.0
1319.6803172350483,0.0075143950776248,-0.0292699728724801,0.01136,900.0
1319.7820018053608,0.008021,-0.0289907528661086,0.01136,900.0
1319.8825684309559,0.0080027686705789,-0.028983950629429,0.01136,900.0
1319.9831255198078,0.0061321784447872,-0.0282838277370977,0.01136,900.0
1320.0837205172138,-0.0002159092826228,-0.0259077519961311,0.01136,900.0
1320.1842964411335,-0.0065394747493816,-0.0235409195394795,0.01136,900.0
1320.2848904848652,-0.008799697406945,-0.0226948993029485,0.01136,900.0
1320.385461163576,-0.0088319999999999,-0.0226828081723134,0.01136,900.0
1320.475968909319,-0.0092984531364046,-0.02202505129034,0.01136,900.0
1320.5765636683063,-0.0099761750277512,-0.0208440231485824,0.01136,900.0
1320.6780942202167,-0.0105939121757616,-0.0194498384646853,0.01136,900.0
1320.7786515474872,-0.0110072665266429,-0.0179707052688169,0.01136,900.0
1320.8799460650043,-0.0112250962075313,-0.016457083966764,0.01136,900.0
1320.9805212736683,-0.0112549884626562,-0.014991633106785,0.01136,900.0
1321.0810883761005,-0.0110589306113811,-0.0134598406262174,0.01136,900.0
1321.18165929323,-0.0106902543649497,-0.0120521635034317,0.01136,900.0
1321.2822244883137,-0.0101377054665627,-0.0106553479750454,0.01136,900.0
1321.3827853918629,-0.0093363606062166,-0.0092871066941718,0.01136,900.0
1321.483480048235,-0.0084411090865575,-0.0081489567371238,0.01136,900.0
1321.5840380907612,-0.0073834031418863,-0.0071105947090411,0.01136,900.0
1321.6845727682667,-0.0061603480765282,-0.0061930682678749,0.01136,900.0
1321.775100064333,-0.004967985663066,-0.005524647700117,0.01136,900.0
1321.8756356955128,-0.0036013523152627,-0.004956411171503,0.01136,900.0
1321.976214718874,-0.0021409011202908,-0.004570924467866,0.01136,900.0
1322.0779450655536,-0.0005797536680121,-0.0043809325935378,0.01136,900.0
1322.1785255194263,0.0009017713701976,-0.0043976288783442,0.01136,900.0
1322.2790921450214,0.0023390388572324,-0.0046014780114761,0.01136,900.0
1322.379677128847,0.0038117499680831,-0.0050008516577846,0.01136,900.0
1322.4802542448597,0.0052063527369412,-0.0056131478072856,0.01136,900.0
1322.581189465578,0.0064472173007381,-0.006373630656465,0.01136,900.0
1322.6817460775928,0.0076166146856891,-0.0073069899926295,0.01136,900.0
1322.7822619200306,0.0086877731497461,-0.0084498395851669,0.01136,900.0
1322.8828209162311,0.0095632296019186,-0.0096797031148574,0.01136,900.0
1322.983388257082,0.0102678382801655,-0.0109984189140776,0.01136,900.0
1323.0839567900257,0.0107993032804625,-0.0124330066284635,0.01136,900.0
1323.1845224619465,0.0111293499358124,-0.0139125700812803,0.01136,900.0
1323.2750483275013,0.0112595999999999,-0.0152341436941084,0.01136,900.0
1323.3756137610035,0.0112204811173743,-0.0166967201732315,0.01136,900.0
1323.4761775255756,0.0109883637241648,-0.0181624372138842,0.01136,900.0
1323.5778940439777,0.0105371597237809,-0.0196832040944145,0.01136,900.0
1323.6784919024067,0.0099229918191197,-0.0209968045521493,0.01136,900.0
1323.7789753199177,0.0090902314358846,-0.0223093705794957,0.01136,900.0
1323.8795388460712,0.0081255771358933,-0.0234511867929306,0.01136,900.0
1323.9801009417133,0.0069920989112345,-0.0244622264570172,0.01136,900.0
1324.0821090460377,0.0057355226836817,-0.0253195515651523,0.01136,900.0
1324.1826666117267,0.0044176544240075,-0.025990744824435,0.01136,900.0
1324.28322346216,0.0030097466450819,-0.0264885466305654,0.01136,900.0
1324.3837269068317,0.0015235906391635,-0.0267844113775333,0.01136,900.0
1324.484249186571,1.014237779124738e-05,-0.0268912275004608,0.01136,900.0
1324.5836387396412,-0.0014819960453392,-0.0268068834544028,0.01136,900.0
1324.684222531374,-0.0029191665322809,-0.0265243296133422,0.01136,900.0
1324.784785819109,-0.0043438236049776,-0.0260434056352223,0.01136,900.0
1324.8752892733173,-0.0055366286981912,-0.0254575102463959,0.01136,900.0
1324.9758427858906,-0.0068013516344504,-0.0246226366942164,0.01136,900.0
1325.0764280081348,-0.0079346913165552,-0.023623589375449,0.01136,900.0
1325.1770630598621,-0.0086347798122987,-0.0229031312157857,0.01136,900.0
1325.2783823729114,-0.0088319999999999,-0.0226828081723134,0.01136,900.0
1325.3789394617634,-0.0086575864601817,-0.0225313890222094,0.01136,900.0
1325.4794991732197,-0.0060172026646889,-0.0202394300115825,0.01136,900.0
1325.580061745699,-0.0003890260155687,-0.0153539485780699,0.01136,900.0
1325.6806171656208,0.0054989840885029,-0.010242868383876,0.01136,900.0
1325.7811558962421,0.0097051375157628,-0.0065917558878784,0.01136,900.0
1325.8816831827717,0.0101739999999999,-0.0061847933747976,0.01136,900.0
1325.9832592726307,0.0101725538944579,-0.0061833228789447,0.01136,900.0
1326.0839765787678,0.0101230689819274,-0.0061330033437916,0.01136,900.0
1326.1845386744099,0.0092021994453246,-0.0052509542709536,0.01136,900.0
1326.2750697851734,0.0081532810845884,-0.0044248895919004,0.01136,900.0
1326.3756292582111,0.0068603601081542,-0.0035904652036156,0.01136,900.0
1326.4761985064106,0.0054869293158269,-0.0029081511474474,0.01136,900.0
1326.5766921759205,0.0040821157981017,-0.0023847834526127,0.01136,900.0
1326.6772261381702,0.0026350110504407,-0.0020235933628877,0.01136,900.0
1326.7777903795795,0.0011323765289599,-0.0018184813770278,0.01136,900.0
1326.8783546209888,-0.0003794738447693,-0.0017705056431368,0.01136,900.0
1326.978920054491,-0.0018278209212502,-0.0018817955319872,0.01136,900.0
1327.0794869185047,-0.003301829230171,-0.0021532576694382,0.01136,900.0
1327.1800587893085,-0.0047282778065941,-0.0025776768878985,0.01136,900.0
1327.2806275606708,-0.0061334948581352,-0.0031901303635946,0.01136,900.0
1327.3812103987293,-0.0074943532490948,-0.003963976788345,0.01136,900.0
1327.4843085527973,-0.0086874829057893,-0.0048253817130433,0.01136,900.0
1327.5757485151844,-0.0097194541836779,-0.0057576365177675,0.01136,900.0
1327.6763206244068,-0.0107476187613655,-0.0068865853777405,0.01136,900.0
1327.77687580591,-0.0116200808833884,-0.0080778577692294,0.01136,900.0
1327.8774352789478,-0.0123625537474466,-0.0093784210699288,0.01136,900.0
1327.9779959440784,-0.0129680609988118,-0.0107379197041374,0.01136,900.0
1328.0785072565632,-0.0133865851450782,-0.0119832321151321,0.01136,900.0
1328.1790722132282,-0.01361828065383,-0.012976158012095,0.01136,900.0
1328.2796719790058,-0.0137881518002803,-0.0140808303213251,0.01136,900.0
1328.3802319288807,-0.013871182942512,-0.0156134612096902,0.01136,900.0
1328.4807954550342,-0.0137873487318396,-0.0170970910421769,0.01136,900.0
1328.5813706636982,-0.0136339438092154,-0.0181789634604184,0.01136,900.0
1328.6819718599872,-0.0134085331145677,-0.0191651578493784,0.01136,900.0
1328.7825351477222,-0.0130173003666697,-0.0203846771958392,0.01136,900.0
1328.8831003428058,-0.0125083683429718,-0.0215992287576519,0.01136,900.0
1328.9751177549915,-0.0119448441298441,-0.0226582297157707,0.01136,900.0
1329.075676274355,-0.0111675607759277,-0.0238356163255803,0.01136,900.0
1329.1778395891743,-0.0102127695877409,-0.0250010002346653,0.01136,900.0
1329.2784050226765,-0.0091410306182602,-0.0260556129476921,0.01136,900.0
1329.378969740923,-0.0079429932943583,-0.0270018571609336,0.01136,900.0
1329.4795084715442,-0.0066404883833767,-0.027817418446439,0.01136,900.0
1329.5800705671863,-0.0053114760633372,-0.0284414173035442,0.01136,900.0
1329.6806417227344,-0.003895712669811,-0.0289336752040434,0.01136,900.0
1329.7812133551197,-0.0023810462116885,-0.0292843578565909,0.01136,900.0
1329.8817978621082,-0.0008815436719736,-0.0294557176896195,0.01136,900.0
1329.9823656797962,0.0005827432198892,-0.0294709581173997,0.01136,900.0
1330.0829370737629,0.0020795359515783,-0.0293310832841772,0.01136,900.0
1330.1835077524738,0.0036036460626663,-0.0290059259250838,0.01136,900.0
1330.2840920210438,0.0050213976066499,-0.0285490914029125,0.01136,900.0
1330.384702754076,0.0063452615194568,-0.0279435790443105,0.01136,900.0
1330.4751754522877,0.0075658881998223,-0.0272528442020969,0.01136,900.0
1330.5757404089527,0.0087634011084269,-0.0263928247801619,0.01136,900.0
1330.6792863131122,0.0099127924435739,-0.0253348305671206,0.01136,900.0
1330.7798538923817,0.0108806716713157,-0.0242342258471947,0.01136,900.0
1330.8804238558369,0.0117393139562935,-0.0230002287227761,0.01136,900.0
1330.9809997797565,0.0124934793697792,-0.0216252673092712,0.01136,900.0
1331.0815716505604,0.0130321212154582,-0.0203482695248639,0.01136,900.0
1331.1821456671314,0.013407396262733,-0.0191579476128486,0.01136,900.0
1331.2827113390522,0.013682064100196,-0.01779916029726,0.01136,900.0
1331.3832970381336,0.0138360188935606,-0.0162764051514895,0.01136,900.0
1331.4838655710773,0.0138279871806443,-0.0147573338326028,0.01136,900.0
1331.5844376802997,0.013658328381185,-0.0132445658775828,0.01136,900.0
1331.67495591646,0.0133877777719013,-0.0119939634565086,0.01136,900.0
1331.7755065680103,0.0129253945423688,-0.0105661643009641,0.01136,900.0
1331.8760612726765,0.0122465698532321,-0.0091213829533327,0.01136,900.0
1331.9766374350147,0.0114900444795049,-0.0078709795034392,0.01136,900.0
1332.0773337603168,0.0105840131102881,-0.0066824003748366,0.01136,900.0
1332.1803310633259,0.0102026521932103,-0.0062152308647259,0.01136,900.0
1332.2808938742237,0.0101739999999999,-0.0061847933747976,0.01136,900.0
1332.3814650297718,0.0090118070399895,-0.0071882956612381,0.01136,900.0
1332.481980633791,0.0050524388656901,-0.0106069935363806,0.01136,900.0
1332.5825572729664,-0.0008717551925703,-0.0157222231356124,0.01136,900.0
1332.6831334353046,-0.00634813986282,-0.0204508449988689,0.01136,900.0
1332.783698153551,-0.0101351664218157,-0.0237207755988701,0.01136,900.0
1332.8842423677997,-0.0101629999999999,-0.0237448148012883,0.01136,900.0
1332.9747534514026,-0.0104533978463185,-0.0233352545523886,0.01136,900.0
1333.0753474951343,-0.0112315195646522,-0.0221163373500825,0.01136,900.0
1333.1759174585895,-0.0118910234097224,-0.0207976054132324,0.01136,900.0
1333.2774427652912,-0.0124118654297668,-0.0193800660648569,0.01136,900.0
1333.3780165434437,-0.0127701797682229,-0.0179017076275784,0.01136,900.0
1333.478588175829,-0.0129440863318602,-0.0163980484521912,0.01136,900.0
1333.5793305159168,-0.0129474118185564,-0.0148899830184201,0.01136,900.0
1333.679897618349,-0.0127748682230319,-0.0133839269225833,0.01136,900.0
1333.7813335180836,-0.0124240866652464,-0.01189457848344,0.01136,900.0
1333.8820050478535,-0.0119145825146596,-0.0104996588220201,0.01136,900.0
1333.9825907469349,-0.0112332164846827,-0.0091273746967,0.01136,900.0
1334.0831611872272,-0.0104378380292232,-0.0079060022102339,0.01136,900.0
1334.183719468172,-0.0094381342379379,-0.0067090934615803,0.01136,900.0
1334.2842746496754,-0.0083702727307434,-0.0057080815507387,0.01136,900.0
1334.3748291254597,-0.0072880573541622,-0.0048927159920279,0.01136,900.0
1334.4753900290088,-0.0059953468928899,-0.0041272548539317,0.01136,900.0
1334.575961661394,-0.0046034784521787,-0.0035075071362077,0.01136,900.0
1334.676534009035,-0.003133494418629,-0.0030505235717438,0.01136,900.0
1334.7771077871876,-0.0016566124386293,-0.0027683075832487,0.01136,900.0
1334.8776751280384,-0.000186813989102,-0.0026634903185276,0.01136,900.0
1334.9782436609821,0.0013279593522548,-0.0027216007478065,0.01136,900.0
1335.0788253069477,0.0028501547995366,-0.002958146450714,0.01136,900.0
1335.179374766405,0.0042124113132857,-0.0033315253148197,0.01136,900.0
1335.2825077295856,0.005726536625226,-0.0039571815890504,0.01136,900.0
1335.3838909388141,0.0069618770060445,-0.0047245929838692,0.01136,900.0
1335.4744179964619,0.0080616902928621,-0.0054862245666551,0.01136,900.0
1335.5749612570362,0.0092020691038703,-0.0064963813857389,0.01136,900.0
1335.6755147696094,0.0101950071349353,-0.0076180375827613,0.01136,900.0
1335.7760389566974,0.01103706667585,-0.008830963755092,0.01136,900.0
1335.876611542757,0.0117549544310695,-0.0101548390216958,0.01136,900.0
1335.9771590948658,0.0123306726417229,-0.0115931469200389,0.01136,900.0
1336.077730727251,0.01272837943173,-0.0130835914266966,0.01136,900.0
1336.1783145189838,0.0129392281491001,-0.0145328597953311,0.01136,900.0
1336.2788632631855,0.0129814191965323,-0.0160252634102192,0.01136,900.0
1336.3828440428333,0.0128357994722579,-0.0175829721786125,0.01136,900.0
1336.4746969461994,0.0125458104457475,-0.0189499483301363,0.01136,900.0
1336.575204920824,0.0120585105991753,-0.0204094850634643,0.01136,900.0
1336.6757601023273,0.0114486016159971,-0.021727563546283,0.01136,900.0
1336.7747393370228,0.0106897262483058,-0.0229711678437684,0.01136,900.0
1336.8753033400135,0.0097740623926806,-0.0241532886701466,0.01136,900.0
1336.9758675814228,0.0087133551288063,-0.0252345002953638,0.01136,900.0
1337.0764349222736,0.0075378715029141,-0.0261860039591112,0.01136,900.0
1337.176960063036,0.0062695086243813,-0.0269818330821134,0.01136,900.0
1337.2775154829578,0.0048588113995727,-0.0276529652511028,0.01136,900.0
1337.3781269312458,0.0034234844566248,-0.0281423417558378,0.01136,900.0
1337.4787934542255,0.001939677646197,-0.0284676919288736,0.01136,900.0
1337.5793538809376,0.0005009435271377,-0.0286049058354609,0.01136,900.0
1337.6799207449512,-0.0010486611504824,-0.0285674623130863,0.01136,900.0
1337.7804833174305,-0.0025428422583085,-0.0283537879430793,0.01136,900.0
1337.8810473204212,-0.0039525261676743,-0.0279869427962859,0.01136,900.0
1337.981606793459,-0.0053568145982414,-0.0274396523782227,0.01136,900.0
1338.0821622133808,-0.0067108455178711,-0.0267159008578354,0.01136,900.0
1338.1827448130207,-0.0079544007548659,-0.0258703248141121,0.01136,900.0
1338.283314776476,-0.0090757245473601,-0.0248809597022026,0.01136,900.0
1338.3749063730793,-0.0098725535821897,-0.0240693282860938,0.01136,900.0
1338.4754286528187,-0.0101629999999999,-0.0237448148012883,0.01136,900.0
1338.5760179281788,-0.010163,-0.0237447696996121,0.01136,900.0
1338.676580500658,-0.0101629999999999,-0.0237443119880842,0.01136,0.0
1338.7771230459766,-0.010163,-0.0237417442628128,0.01136,0.0
1338.8776915789203,-0.0101629999999999,-0.0237401713473349,0.01136,0.0
1338.9782534361439,-0.010163,-0.0237400976772926,0.01136,0.0
1339.0788148165302,-0.010163,-0.0237383906238828,0.01136,0.0
1339.1793771505909,-0.010163,-0.023671371892935,0.01136,0.0
1339.2798982382374,-0.010163,-0.0236803757045933,0.01136,0.0
1339.380703043993,-0.010163,-0.0237347381531263,0.01136,0.0
1339.4812584639149,-0.010163,-0.0237332249942891,0.01136,0.0
1339.5818181753712,-0.010163,-0.0237323235409244,0.01136,0.0
1339.682403636034,-0.010163,-0.0237308751484218,0.01136,0.0
1339.7829666853504,-0.0101629999999999,-0.023729862665514,0.01136,0.0
1339.878181767519,-0.010163,-0.0237283538709463,0.01136,0.0
1339.9789422274189,-0.0101629999999999,-0.0237275810138706,0.01136,0.0
1340.0795000315265,-0.0101629999999999,-0.0237247961865437,0.01136,0.0
1340.1800580740528,-0.010163,-0.0237229659158875,0.01136,0.0
1340.2806289911823,-0.0101629999999999,-0.0237225975427442,0.01136,0.0
1340.3811071634846,-0.0101629999999999,-0.0237215594232657,0.01136,0.0
1340.4816697359638,-0.0101629999999999,-0.0237199591322235,0.01136,0.0
1340.5822485209064,-0.010163,-0.0237188588271247,0.01136,0.0
1340.682833027895,-0.010163,-0.0237178560900287,0.01136,0.0
1340.7834044218616,-0.010163,-0.0237164122627444,0.01136,0.0
1340.883982729967,-0.010163,-0.0237147291591478,0.01136,0.0
1340.9745105028705,-0.0101629999999999,-0.0237132517460539,0.01136,0.0
1341.076000285204,-0.0101629999999999,-0.0237129259537113,0.01136,0.0
1341.1765664339619,-0.010163,-0.0237107703027717,0.01136,0.0
1341.27713592058,-0.010163,-0.0237093429331457,0.01136,0.0
1341.3792644262867,-0.010163,-0.0237091866944607,0.01136,0.0
1341.4798248529987,-0.010163,-0.023709378184134,0.01136,0.0
