2946.5275938074083,-0.0086179999999999,0.0086179746045834,0.03266,0.0
2946.6281711618394,-0.008618,0.0086173751515874,0.03266,0.0
2946.7287354032487,-0.008618,0.0086151572481346,0.03266,0.0
2946.829313234517,-0.008618,0.0086138580761571,0.03266,0.0
2946.929878906438,-0.0086179999999999,0.0086118566599849,0.03266,0.0
2947.0304617444963,-0.008618,0.0086101745847106,0.03266,0.0
2947.13098330898,-0.0086179999999999,0.0086082169732222,0.03266,0.0
2947.2315883199662,-0.008618,0.0086067122916467,0.03266,0.0
2947.3321532766313,-0.0086179999999999,0.0086048992869742,0.03266,0.0
2947.432947830388,-0.0086179999999999,0.0086029759008771,0.03266,0.0
2947.5335244695634,-0.008618,0.0086008075782539,0.03266,0.0
2947.6340870420427,-0.008618,0.0085990590389143,0.03266,0.0
2947.734590009877,-0.008618,0.0085976586691655,0.03266,0.0
2947.835160688588,-0.008618,0.0085957177797813,0.03266,0.0
2947.92567868633,-0.008618,0.0085942652596459,0.03266,0.0
2948.026249841878,-0.008618,0.008591624290622,0.03266,0.0
2948.126820997426,-0.008618,0.008589773366176,0.03266,0.0
2948.2274004976243,-0.0086179999999999,0.0085887235214779,0.03266,0.0
2948.3279907266588,-0.008618,0.0085864851878236,0.03266,0.0
2948.4299974004716,-0.008618,0.0085844243219221,0.03266,0.0
2948.5305594961137,-0.008618,0.0085832320482959,0.03266,0.0
2948.6311420957536,-0.008618,0.008582748837694,0.03266,0.0
2948.731700615117,-0.008618,0.0085825596262946,0.03266,0.0
2948.832263902852,-0.0086530633880995,0.0084298820066824,0.03266,0.0
2948.932837919423,-0.0088407979053921,0.0076122862627548,0.03266,0.0
2949.0333973924608,-0.0092191741677343,0.005964200858444,0.03266,0.0
2949.1339337388963,-0.0096135431279983,0.0042463183865073,0.03266,0.0
2949.2344975034684,-0.0099740804436545,0.0026758672018382,0.03266,0.0
2949.3350386182756,-0.010361556317183,0.0009879852107473,0.03266,0.0
2949.425551609227,-0.0107017621571827,-0.0004939685895323,0.03266,0.0
2949.5261158506364,-0.011076541398616,-0.0021264745845366,0.03266,0.0
2949.6283711950273,-0.0114678937446312,-0.0038309873703516,0.03266,0.0
2949.7289530794114,-0.0118497272368519,-0.0054940855584802,0.03266,0.0
2949.8351687948198,-0.0121947224115197,-0.0069968639397499,0.03266,0.0
2949.9256765405626,-0.0123474482586602,-0.0076622120816764,0.03266,0.0
2950.0277142087907,-0.0123479999999999,-0.0076647644564488,0.03266,0.0
2950.129605011174,-0.0123770431565028,-0.0077113439206843,0.03266,900.0
2950.230171875188,-0.0125666249326618,-0.0080278137201657,0.03266,900.0
2950.327582077214,-0.013248198836093,-0.0092942758537585,0.03266,900.0
2950.428347782323,-0.013841990753704,-0.0107219192945682,0.03266,900.0
2950.5289146463365,-0.0142600489612908,-0.0121398942606379,0.03266,900.0
2950.6294772188157,-0.0145322127450007,-0.0136120997704539,0.03266,900.0
2950.7300254861802,-0.0146660994761661,-0.0151575719659063,0.03266,900.0
2950.830550865361,-0.0146342806355028,-0.016626503612956,0.03266,900.0
2950.931063369939,-0.0144615143269899,-0.0180849990464112,0.03266,900.0
2951.031631664464,-0.0141191412569449,-0.0196013735886926,0.03266,900.0
2951.1321601430864,-0.0136225439822347,-0.0210654413312606,0.03266,900.0
2951.232715801427,-0.0130132388336342,-0.0224079152344059,0.03266,900.0
2951.333322004506,-0.0122701474624278,-0.0236874239056677,0.03266,900.0
2951.4338829080552,-0.0113423064103153,-0.024945706392248,0.03266,900.0
2951.534453586766,-0.0103274250396457,-0.0260733066013088,0.03266,900.0
2951.63502879543,-0.0091880973998258,-0.0270728111867031,0.03266,900.0
2951.7291791002244,-0.0080919220528481,-0.0278717144521315,0.03266,900.0
2951.8297485868425,-0.0067628261957105,-0.0286515818296889,0.03266,900.0
2951.9303085367173,-0.0054059517726197,-0.0292690796667323,0.03266,900.0
2952.0308813611955,-0.0039919479971112,-0.029739473918716,0.03266,900.0
2952.1314680139512,-0.0025148377300025,-0.030078216874361,0.03266,900.0
2952.2320322553605,-0.0010064865734773,-0.0302628378851713,0.03266,900.0
2952.33260651035,0.0004816783845645,-0.0302923176894498,0.03266,900.0
2952.4331678907365,0.0019436850538256,-0.0301751618222013,0.03266,900.0
2952.533742860982,0.0034981792412191,-0.0298831371251489,0.03266,900.0
2952.6343030492753,0.0049283528466446,-0.0294623321880128,0.03266,900.0
2952.7348866025895,0.0063300896076439,-0.0288893245163622,0.03266,900.0
2952.8254158060045,0.0074945610716664,-0.0282451867048448,0.03266,900.0
2952.925979332158,0.0087097538934298,-0.0274359348027877,0.03266,900.0
2953.0265361825914,0.0095255088754348,-0.0267972989088411,0.03266,900.0
2953.1270648996324,0.0104376528194855,-0.025934795916073,0.03266,900.0
2953.2312459508867,0.0114864234800268,-0.0247523619315106,0.03266,900.0
2953.3318194906205,0.0123742471716962,-0.0235058167640109,0.03266,900.0
2953.4323799173326,0.0131268327993791,-0.0221761041713173,0.03266,900.0
2953.5329517881364,0.0137418858997929,-0.0207691329167129,0.03266,900.0
2953.6335258047075,0.0141899365238665,-0.0193766786069758,0.03266,900.0
2953.734125093648,0.0144783391241531,-0.018086641596295,0.03266,900.0
2953.834693388173,0.0146210068897554,-0.0170286310011198,0.03266,900.0
2953.925202802846,0.0146728740150756,-0.016187648160515,0.03266,900.0
2954.0257830183,0.0146574354962561,-0.014791699472255,0.03266,900.0
2954.1263544122667,0.014562764233247,-0.0137225161970405,0.03266,900.0
2954.2280365983934,0.0143926516657048,-0.0127241638616959,0.03266,900.0
2954.328597740361,0.014053815922439,-0.0114315278888335,0.03266,900.0
2954.4291657964677,0.0135321719359393,-0.0099751032807086,0.03266,900.0
2954.52986212177,0.0128796934063723,-0.0086029004656793,0.03266,900.0
2954.6304227869005,0.0121064774864783,-0.0073413051061777,0.03266,900.0
2954.7309877435655,0.0111841065162957,-0.0061348030801426,0.03266,900.0
2954.831571058461,0.0101790852822378,-0.0050475183904404,0.03266,900.0
2954.932627872655,0.0093058558496293,-0.0042658812718146,0.03266,900.0
2955.0331654111833,0.0083794339689065,-0.0035585568361528,0.03266,900.0
2955.1337778131456,0.0070383845924165,-0.0027425169544312,0.03266,900.0
2955.2343143979997,0.0057004507578964,-0.0021036957586645,0.03266,900.0
2955.334891037175,0.0043281388856687,-0.0016028612634931,0.03266,900.0
2955.4254047433824,0.0030384654690766,-0.0012757551792121,0.03266,900.0
2955.5259787599534,0.0015048248078492,-0.0010449756371396,0.03266,900.0
2955.6265449087114,-3.916692580945014e-05,-0.0009547460165944,0.03266,900.0
2955.728019193837,-0.0015207276776731,-0.0010383513360251,0.03266,900.0
2955.8285846273393,-0.0029809546495421,-0.0012608207905674,0.03266,900.0
2955.929107383916,-0.0044390188306529,-0.0016374426860231,0.03266,900.0
2956.0296821157426,-0.0058368566974789,-0.0021613912129072,0.03266,900.0
2956.130254701802,-0.0072077678591321,-0.0028287279468452,0.03266,900.0
2956.2308330099077,-0.0084605774236149,-0.0036300215956458,0.03266,900.0
2956.331480936238,-0.009633284829039,-0.00455500406528,0.03266,900.0
2956.434088186452,-0.0107887831834535,-0.00567134862532,0.03266,900.0
2956.534677938649,-0.0117169589177513,-0.0068015505684685,0.03266,900.0
2956.6352397958726,-0.0122359251619278,-0.0075020638954175,0.03266,900.0
2956.725776628682,-0.0123479999999999,-0.0076647644564488,0.03266,900.0
2956.826368765065,-0.0119080606404852,-0.0075876435643246,0.03266,900.0
2956.9269437353105,-0.0104117384889651,-0.0073252971134919,0.03266,900.0
2957.027522520253,-0.008618,-0.0070107674463082,0.03266,900.0
2957.128079132268,-0.0086143238953163,-0.0070074242219048,0.03266,900.0
2957.2286476652116,-0.0085137036788171,-0.0069181023604419,0.03266,900.0
2957.329713062474,-0.0075258740511792,-0.0060563607058966,0.03266,900.0
2957.4302761117906,-0.0062843639476739,-0.0052098252860896,0.03266,900.0
2957.5308625261277,-0.0049269055643812,-0.0045036365829003,0.03266,900.0
2957.631444410512,-0.0034941484220357,-0.0039927201111021,0.03266,900.0
2957.7319812337846,-0.0020284482817466,-0.003642184691134,0.03266,900.0
2957.8325495283098,-0.0005458376271568,-0.0034879392326986,0.03266,900.0
2957.934010938832,0.0009253357888618,-0.0035141072441404,0.03266,900.0
2958.034579948613,0.0024155009333518,-0.0037190427162118,0.03266,900.0
2958.135160402486,0.0039165130759288,-0.0041248960256128,0.03266,900.0
2958.2256681482286,0.0051594916671427,-0.0046158393206892,0.03266,900.0
2958.3331386606187,0.0065152054867045,-0.0053547754474313,0.03266,900.0
2958.434509472081,0.0077520181663956,-0.0062418236516745,0.03266,900.0
2958.5350811044664,0.0089069544358598,-0.0073369305566978,0.03266,900.0
2958.625593380162,0.0097090068759504,-0.0083863673069592,0.03266,900.0
2958.7261626283616,0.0105433140230461,-0.0095918318590961,0.03266,900.0
2958.826724008748,0.0112236816927371,-0.010967679916911,0.03266,900.0
2958.927296356389,0.0117193148143308,-0.0124200461209066,0.03266,900.0
2959.0278651277513,0.0120304962359108,-0.0138852727482782,0.03266,900.0
2959.1284164945573,0.0121459756908905,-0.0153327796354113,0.03266,900.0
2959.228985027501,0.0120947312019132,-0.0168045924045581,0.03266,900.0
2959.3295390169114,0.0118565146475442,-0.0183400128815684,0.03266,900.0
2959.4300949136705,0.011422792132885,-0.0197919736050289,0.03266,900.0
2959.531564907262,0.0108344551237209,-0.021162074929182,0.03266,900.0
2959.632086710164,0.0100834962307378,-0.0224648840989623,0.03266,900.0
2959.732647613713,0.0091359573154309,-0.0236745909770189,0.03266,900.0
2959.826411203572,0.0081471581166849,-0.0246563847147751,0.03266,900.0
2959.9269852201433,0.0069545009556778,-0.0256001922178582,0.03266,900.0
2960.027545170018,0.0056644975925398,-0.026383186077984,0.03266,900.0
2960.128082946965,0.0043264735071836,-0.0269838260866029,0.03266,900.0
2960.2286438505143,0.0028810310295839,-0.0274334812312367,0.03266,900.0
2960.3292190591783,0.0013706344198166,-0.0277025364577852,0.03266,900.0
2960.4297778169603,-0.000107849321719,-0.0277805012547073,0.03266,900.0
2960.530339674184,-0.0015831965792911,-0.0276906530694092,0.03266,900.0
2960.6309189359636,-0.0030490379123724,-0.0273985223552011,0.03266,900.0
2960.7314471761674,-0.004510620265266,-0.0269278309111017,0.03266,900.0
2960.8331768075914,-0.0058859956017735,-0.0262928090430898,0.03266,900.0
2960.9337689439744,-0.0071531796197666,-0.0254785120447614,0.03266,900.0
2961.0343355695695,-0.0082967157690211,-0.0245267269523195,0.03266,900.0
2961.1348995725602,-0.0093346719875491,-0.0234199712482563,0.03266,900.0
2961.225563005635,-0.0101366583837076,-0.0223322720754862,0.03266,900.0
2961.3283330957383,-0.010890233774395,-0.0210198210353437,0.03266,900.0
2961.4288894693345,-0.0114736268186874,-0.0196315547657336,0.03266,900.0
2961.529461578557,-0.0118872789621181,-0.0181383127982073,0.03266,900.0
2961.630042270848,-0.0121181152161138,-0.0166176667262841,0.03266,900.0
2961.7306122343034,-0.0121496227203291,-0.0151276651817068,0.03266,900.0
2961.8311376134843,-0.0119944663101082,-0.0136296889221484,0.03266,900.0
2961.9318623105974,-0.0116626498085086,-0.0121359769091498,0.03266,900.0
2962.0335278074235,-0.0111666764921686,-0.0107654212527322,0.03266,900.0
2962.1340858499498,-0.0104390367043873,-0.0093736834351639,0.03266,900.0
2962.234647230336,-0.0095922368373547,-0.0081387503625364,0.03266,900.0
2962.3352250616044,-0.0088136883437458,-0.0072274182761538,0.03266,900.0
2962.4256929914445,-0.0086186966595292,-0.0070115108803126,0.03266,900.0
2962.5262682001085,-0.008618,-0.0070107674463082,0.03266,900.0
2962.626930908391,-0.008618,-0.0070101976662916,0.03266,0.0
2962.7274813215226,-0.008618,-0.0070089458552076,0.03266,0.0
2962.828031973073,-0.008618,-0.0070077540456486,0.03266,0.0
2962.9286062280626,-0.0086179999999999,-0.0070065963688806,0.03266,0.0
2963.0291621248216,-0.008618,-0.0070056183161682,0.03266,0.0
2963.1304158727617,-0.008618,-0.0070041527858622,0.03266,0.0
2963.2309762994737,-0.008618,-0.0070032543741217,0.03266,0.0
2963.331549600789,-0.008618,-0.0070022653991836,0.03266,0.0
2963.4321057359666,-0.008618,-0.0070006436175752,0.03266,0.0
2963.5326361219377,-0.008618,-0.0069995563622375,0.03266,0.0
2963.633207039067,-0.008618,-0.0069983655946273,0.03266,0.0
2963.7337719957322,-0.0086179999999999,-0.0069971728033966,0.03266,0.0
2963.8355547944993,-0.008618,-0.0069960717565743,0.03266,0.0
2963.926072792241,-0.008618,-0.0069950866149738,0.03266,0.0
2964.0266692201585,-0.008618,-0.0069939165957483,0.03266,0.0
2964.127228931615,-0.008618,-0.006992639820615,0.03266,0.0
2964.227813677022,-0.008618,-0.006991172863627,0.03266,0.0
2964.3283550302476,-0.0086179999999999,-0.0069898722223739,0.03266,0.0
2964.4289245168657,-0.008618,-0.006989160470469,0.03266,0.0
2964.5294992486924,-0.0086179999999999,-0.0069877542155682,0.03266,0.0
2964.6312017003984,-0.008618,-0.0069865779175149,0.03266,0.0
2964.7317547361345,-0.0086179999999999,-0.0069855693769268,0.03266,0.0
2964.832335905263,-0.008618,-0.0069841771341,0.03266,0.0
2964.932911590764,-0.0086179999999999,-0.0069828732602192,0.03266,0.0
2965.0334286252946,-0.008618,-0.0069815909506751,0.03266,0.0
2965.133940653035,-0.0086179999999999,-0.0069804014329191,0.03266,0.0
2965.2345115701646,-0.008618,-0.006979406345835,0.03266,0.0
2965.3350798646898,-0.008618,-0.0069782139325236,0.03266,0.0
2965.42559309406,-0.008618,-0.0069769953854814,0.03266,0.0
2965.5261747400255,-0.008618,-0.0069757583738109,0.03266,0.0
2965.626733259389,-0.008618,-0.0069754289692782,0.03266,0.0
