3618.3398461120833,-0.0013009999999999,0.0121920746199441,0.041890000000000004,0.0
3618.4403996246565,-0.001301,0.01219018057495,0.041890000000000004,0.0
3618.5409579056013,-0.0013009999999999,0.0121887537423252,0.041890000000000004,0.0
3618.6414878147352,-0.0013009999999999,0.012187571137541,0.041890000000000004,0.0
3618.742048956703,-0.0013009999999999,0.0121855829635155,0.041890000000000004,0.0
3618.8426244037855,-0.001301,0.0121844453947101,0.041890000000000004,0.0
3618.943177201103,-0.001301,0.0121822343360435,0.041890000000000004,0.0
3619.0437369125593,-0.0013009999999999,0.0121808267932078,0.041890000000000004,0.0
3619.144288994621,-0.0013009999999999,0.0121789155354766,0.041890000000000004,0.0
3619.2448377388228,-0.001301,0.012176687520098,0.041890000000000004,0.0
3619.3465969341505,-0.001301,0.0121746726486912,0.041890000000000004,0.0
3619.447152115654,-0.0013009999999999,0.0121733850641145,0.041890000000000004,0.0
3619.55933664019,-0.0013009999999999,0.0121717103524921,0.041890000000000004,0.0
3619.6397955196608,-0.0013009999999999,0.0121703867100978,0.041890000000000004,0.0
3619.740367628883,-0.0013009999999999,0.0121689934731094,0.041890000000000004,0.0
3619.8408808487166,-0.0013009999999999,0.0121673789837089,0.041890000000000004,0.0
3619.941454626869,-0.001301,0.0121657253873816,0.041890000000000004,0.0
3620.042022921394,-0.001301,0.0121633405218071,0.041890000000000004,0.0
3620.142593123268,-0.0013009999999999,0.0121622834041187,0.041890000000000004,0.0
3620.2431640403975,-0.0013009999999999,0.0121601406929755,0.041890000000000004,0.0
3620.343723513435,-0.0013009999999999,0.0121583946716365,0.041890000000000004,0.0
3620.444294192146,-0.0013009999999999,0.0121577656014864,0.041890000000000004,0.0
3620.544878937553,-0.0013009999999999,0.0121576183799422,0.041890000000000004,0.0
3620.6454415100325,-0.0013083558049512,0.012144743550895,0.041890000000000004,0.0
3620.7460195797194,-0.0019283402598588,0.0110624238238365,0.041890000000000004,0.0
3620.8465850132216,-0.003199660359356,0.0088430879718031,0.041890000000000004,0.0
3620.947146393608,-0.0046121045816689,0.0063411621650556,0.041890000000000004,0.0
3621.047718741249,-0.006026209718995,0.0038060608697354,0.041890000000000004,0.0
3621.1482529419172,-0.0074751198586467,0.0013794899194023,0.041890000000000004,0.0
3621.2441389339674,-0.0088984891360823,-0.0011051711547302,0.041890000000000004,0.0
3621.3447096126783,-0.0102942670691868,-0.0035418323502769,0.041890000000000004,0.0
3621.44525168116,-0.011778901993762,-0.0061336144844299,0.041890000000000004,0.0
3621.545814253639,-0.0132045507280515,-0.0086222979313092,0.041890000000000004,0.0
3621.6463737266768,-0.0146239736124543,-0.0111001200010478,0.041890000000000004,0.0
3621.7469496505964,-0.0157814928906589,-0.013120811740589,0.041890000000000004,0.0
3621.8475112694014,-0.016234,-0.0139107751842542,0.041890000000000004,0.0
3621.939163901161,-0.0162505584076192,-0.0141366824715796,0.041890000000000004,900.0
3622.0397422092665,-0.0162943040272314,-0.0149997179134851,0.041890000000000004,900.0
3622.140299536537,-0.0162914252358359,-0.0165225859946095,0.041890000000000004,900.0
3622.240847565483,-0.0161472997880607,-0.0179635884193391,0.041890000000000004,900.0
3622.341412998985,-0.0158475555900408,-0.0195089267094065,0.041890000000000004,900.0
3622.4419801014174,-0.0154212355504973,-0.0209287752057584,0.041890000000000004,900.0
3622.542552687477,-0.0148765768927214,-0.0222935125806024,0.041890000000000004,900.0
3622.6431140678633,-0.0141852823381313,-0.0236586183264218,0.041890000000000004,900.0
3622.742419936012,-0.013412433160227,-0.0248985065729288,0.041890000000000004,900.0
3622.8429920452345,-0.0125004338493578,-0.0260859054931384,0.041890000000000004,900.0
3622.943549849342,-0.0114905698383398,-0.0272202168790524,0.041890000000000004,900.0
3623.044112183403,-0.0103939495439358,-0.0282434376018288,0.041890000000000004,900.0
3623.144679285835,-0.0091488410225264,-0.02911857382111,0.041890000000000004,900.0
3623.2452661770094,-0.007840010473582,-0.0299228487021429,0.041890000000000004,900.0
3623.345839239906,-0.0065231582407056,-0.0305844282996121,0.041890000000000004,900.0
3623.446415640663,-0.005390690288408,-0.0310312342102608,0.041890000000000004,900.0
3623.5469679611433,-0.0042204153270517,-0.031389068310013,0.041890000000000004,900.0
3623.64753935511,-0.0027870181366501,-0.0316971896585007,0.041890000000000004,900.0
3623.748116709541,-0.0014315747542058,-0.0318716096347301,0.041890000000000004,900.0
3623.838605143379,-0.0003691140395784,-0.0319339512397911,0.041890000000000004,900.0
3623.939180352043,0.0009987176421752,-0.0318967992853346,0.041890000000000004,900.0
3624.0397586601484,0.0025160015131252,-0.0317305715498151,0.041890000000000004,900.0
3624.1403779762495,0.0040182784448212,-0.0314247383923134,0.041890000000000004,900.0
3624.242255665611,0.0054908167276065,-0.030982172941173,0.041890000000000004,900.0
3624.3428401725996,0.0068486840067925,-0.0304225203547482,0.041890000000000004,900.0
3624.443401552986,0.0082072187765785,-0.0297192346078962,0.041890000000000004,900.0
3624.5439703243483,0.0094910151575816,-0.0289008974819971,0.041890000000000004,900.0
3624.6445350425947,0.0106746610338082,-0.0279633512561428,0.041890000000000004,900.0
3624.745077826332,0.0117498084024,-0.0269407962323363,0.041890000000000004,900.0
3624.8458895462263,0.0127123884772967,-0.0258514757501413,0.041890000000000004,900.0
3624.9464652317274,0.0136097388660438,-0.0246032782449249,0.041890000000000004,900.0
3625.0470416324843,0.0143687654973527,-0.0233296868014067,0.041890000000000004,900.0
3625.147552468132,0.0150241379053228,-0.0219520346447011,0.041890000000000004,900.0
3625.2481312530745,0.0155386944393648,-0.0205421350955187,0.041890000000000004,900.0
3625.3386127727736,0.0158916149824917,-0.0192560291167017,0.041890000000000004,900.0
3625.439180352043,0.0161620917067382,-0.0177533705936524,0.041890000000000004,900.0
3625.539709069084,0.0162912660566252,-0.0162301895414093,0.041890000000000004,900.0
3625.640271879982,0.0162853534302011,-0.0147653260134863,0.041890000000000004,900.0
3625.7408535259474,0.0161405267019252,-0.01320044075073,0.041890000000000004,900.0
3625.848496653389,0.0158210875410901,-0.0116462565383811,0.041890000000000004,900.0
3625.939008213829,0.0154349016623063,-0.0103735286908617,0.041890000000000004,900.0
3626.0395791309584,0.0148698066863936,-0.0089385358478759,0.041890000000000004,900.0
3626.141536690544,0.0141732149078431,-0.0075715494892061,0.041890000000000004,900.0
3626.242117382835,0.0133583441655835,-0.0062923982954148,0.041890000000000004,900.0
3626.3426873462904,0.0124551508235498,-0.0051177768795744,0.041890000000000004,900.0
3626.443243958305,0.0114307187676999,-0.0040138211957477,0.041890000000000004,900.0
3626.543796040367,0.0102966789152275,-0.0029953359694771,0.041890000000000004,900.0
3626.645626999687,0.0090899267997174,-0.0020986558269296,0.041890000000000004,900.0
3626.746202208351,0.0077684513471202,-0.0012954338302907,0.041890000000000004,900.0
3626.846784807991,0.0064428589047037,-0.0006450631667127,0.041890000000000004,900.0
3626.947362162422,0.005064695761216,-0.0001164826997694,0.041890000000000004,900.0
3627.047935702156,0.0035618073047779,0.0002936945095904,0.041890000000000004,900.0
3627.1384508388746,0.0022745827092069,0.0005175580914688,0.041890000000000004,900.0
3627.2389540451277,0.0007700900037039,0.0006579471590195,0.041890000000000004,900.0
3627.339501358818,-0.0005711710913417,0.0006695413319136,0.041890000000000004,900.0
3627.4426834362257,-0.0018071338838451,0.0005786785980098,0.041890000000000004,900.0
3627.543254591774,-0.0031824063102699,0.0003519124502316,0.041890000000000004,900.0
3627.6438140648115,-0.0045825477360577,1.3980761078297849e-05,0.041890000000000004,900.0
3627.7443985718,-0.0057736120478465,-0.0003793716903723,0.041890000000000004,900.0
3627.8449690120924,-0.0069330226116401,-0.0008711594576078,0.041890000000000004,900.0
3627.945532061409,-0.0082703517614019,-0.0015726980962447,0.041890000000000004,900.0
3628.0461618679274,-0.0095102672023395,-0.0023788441833933,0.041890000000000004,900.0
3628.146701552223,-0.0107370518280956,-0.0033360409763776,0.041890000000000004,900.0
3628.2472810524214,-0.0117988231453398,-0.0043587082851642,0.041890000000000004,900.0
3628.3478419559706,-0.0127855612615656,-0.0055079983256284,0.041890000000000004,900.0
3628.438351609062,-0.0135782659709438,-0.00660707838625,0.041890000000000004,900.0
3628.538928963493,-0.0143338443686394,-0.0078670713725161,0.041890000000000004,900.0
3628.6394948738325,-0.0149723520743872,-0.009195369851773,0.041890000000000004,900.0
3628.740137078117,-0.0155077856493426,-0.010630885776864,0.041890000000000004,900.0
3628.8406717556227,-0.0159193539367319,-0.0121223905556264,0.041890000000000004,900.0
3628.942779518913,-0.0161633461449882,-0.0134040236921361,0.041890000000000004,900.0
3629.043334938835,-0.016234,-0.0139107751842542,0.041890000000000004,900.0
3629.143903948616,-0.0161825137552886,-0.0138808492677287,0.041890000000000004,900.0
3629.244431950401,-0.0154112931094051,-0.0134325292327619,0.041890000000000004,900.0
3629.345010496925,-0.0093396076605799,-0.0099026869737415,0.041890000000000004,900.0
3629.445518948387,-0.0025487789039903,-0.0059547169973814,0.041890000000000004,900.0
3629.54602382357,-0.0012259771586626,-0.0051857175694403,0.041890000000000004,900.0
3629.6465737598646,-0.001128,-0.0051287635229266,0.041890000000000004,900.0
3629.748229481529,-0.0010403402054371,-0.0051239110146933,0.041890000000000004,900.0
3629.8387305515516,-0.000154164762854,-0.0051102538509179,0.041890000000000004,900.0
3629.9393329399336,0.0013173490153715,-0.0051984222065316,0.041890000000000004,900.0
3630.0398990886915,0.0027712123319662,-0.0054679652026025,0.041890000000000004,900.0
3630.1405019539106,0.0041948424012832,-0.0059709080167385,0.041890000000000004,900.0
3630.241059281181,0.0054973639580172,-0.0066442097362924,0.041890000000000004,900.0
3630.3416156547773,0.0067776799857774,-0.0075499093620756,0.041890000000000004,900.0
3630.4421703594435,0.0078173066249818,-0.0085544501043157,0.041890000000000004,900.0
3630.54548857386,0.0087786426695279,-0.0097812367904858,0.041890000000000004,900.0
3630.6460499542463,0.0095470804095268,-0.0111623491509207,0.041890000000000004,900.0
3630.7466177719343,0.01007173744249,-0.0125634516173933,0.041890000000000004,900.0
3630.8471839206923,0.0104055630108544,-0.0140337213363594,0.041890000000000004,900.0
3630.9477419632185,0.0105233983159866,-0.0155041221951221,0.041890000000000004,900.0
3631.03824994738,0.0104529222231894,-0.0168152393268817,0.041890000000000004,900.0
3631.1388168113936,0.0101714189395298,-0.0182974752612607,0.041890000000000004,900.0
3631.239364601921,0.0096849843529135,-0.0197594404633451,0.041890000000000004,900.0
3631.3403942363966,0.0090038469976466,-0.0210833663907147,0.041890000000000004,900.0
3631.440916039299,0.0081206423438576,-0.0223492016298625,0.041890000000000004,900.0
3631.5414840954054,0.0071111980195094,-0.0234075591763916,0.041890000000000004,900.0
3631.642042614769,0.0059160877611357,-0.0243621532881017,0.041890000000000004,900.0
3631.7426156776655,0.0045883713654722,-0.0251203464271558,0.041890000000000004,900.0
3631.8431851642836,0.0032178272708016,-0.0256590073603051,0.041890000000000004,900.0
3631.943768717598,0.0017320137762579,-0.0260136944054783,0.041890000000000004,900.0
3632.0443229454268,0.0002697856640312,-0.0261533386802731,0.041890000000000004,900.0
3632.1427130478132,-0.0012093303060496,-0.0260723049882688,0.041890000000000004,900.0
3632.2432689445723,-0.0027160217157861,-0.0257919219321563,0.041890000000000004,900.0
3632.3438281791914,-0.0041320081261049,-0.0253101459326174,0.041890000000000004,900.0
3632.4443878906477,-0.0054299819289121,-0.0246445714874485,0.041890000000000004,900.0
3632.5448984878767,-0.0066407356100567,-0.0237977478928282,0.041890000000000004,900.0
3632.645462729286,-0.0077834076666608,-0.0227248021636897,0.041890000000000004,900.0
3632.745979525398,-0.0087233858208971,-0.0215431686111163,0.041890000000000004,900.0
3632.8465425747145,-0.0094901000513666,-0.0202393677924276,0.041890000000000004,900.0
3632.947076775383,-0.0100220193445447,-0.0188928411899108,0.041890000000000004,900.0
3633.047644354652,-0.0103847933507828,-0.0173873462340754,0.041890000000000004,900.0
3633.148194052528,-0.010523088259443,-0.0158849687728382,0.041890000000000004,900.0
3633.239805914711,-0.01045833577095,-0.0145188394296379,0.041890000000000004,900.0
3633.3403801697004,-0.0101970722385959,-0.0130272477707308,0.041890000000000004,900.0
3633.4409644382704,-0.0097186169185266,-0.0115984021010899,0.041890000000000004,900.0
3633.539063431572,-0.0090768132973959,-0.0103020567623033,0.041890000000000004,900.0
3633.639585234474,-0.0082497081972781,-0.0090872556472378,0.041890000000000004,900.0
3633.740736462425,-0.0072393636059689,-0.007980108847401,0.041890000000000004,900.0
3633.841305949043,-0.006035058425939,-0.0069878573580191,0.041890000000000004,900.0
3633.9420554416884,-0.0047523690643052,-0.0062112593023723,0.041890000000000004,900.0
3634.045678355049,-0.0033553807460421,-0.0056314305022193,0.041890000000000004,900.0
3634.1478779094923,-0.0018694689267061,-0.0052568950220258,0.041890000000000004,900.0
3634.238383509468,-0.0012789063710358,-0.0051526423883804,0.041890000000000004,900.0
3634.3389718311537,-0.0011279999999999,-0.0051287635229266,0.041890000000000004,900.0
3634.4395503776777,-0.0002749129330534,-0.0052225448707519,0.041890000000000004,900.0
3634.5414516704786,0.004407060775834,-0.0057371049728185,0.041890000000000004,900.0
3634.6421310680616,0.0096687925617385,-0.0063153619203319,0.041890000000000004,900.0
3634.7426955478895,0.0114289999999999,-0.0065088148332529,0.041890000000000004,900.0
3634.8432791012037,0.0113372083896524,-0.0063996565219935,0.041890000000000004,900.0
3634.943852879356,0.010850554903557,-0.0058475422453423,0.041890000000000004,900.0
3635.0444183128584,0.0097156294916122,-0.0047126998382792,0.041890000000000004,900.0
3635.14514157946,0.0086094373385698,-0.0038236577314316,0.041890000000000004,900.0
3635.2457051056135,0.0073074343413389,-0.002985639564517,0.041890000000000004,900.0
3635.3462826984633,0.0059994744264639,-0.0023131240815327,0.041890000000000004,900.0
3635.4419295566786,0.0046968633446734,-0.0017886383645793,0.041890000000000004,900.0
3635.543274857353,0.0032009015743719,-0.0013723737056613,0.041890000000000004,900.0
3635.6438445823896,0.0016543678947876,-0.0011267825665986,0.041890000000000004,900.0
3635.7444486397017,0.0001507414143442,-0.0010306093523779,0.041890000000000004,900.0
3635.844982363533,-0.0013071578951795,-0.0010868623279718,0.041890000000000004,900.0
3635.945568301033,-0.0027685685700785,-0.001306500540045,0.041890000000000004,900.0
3636.0461492317427,-0.0042344192854381,-0.0016760508292923,0.041890000000000004,900.0
3636.1366626995314,-0.0055754624324917,-0.0021212885302286,0.041890000000000004,900.0
3636.237219311546,-0.0068745835205553,-0.0027287026632683,0.041890000000000004,900.0
3636.338090874504,-0.008198009351144,-0.0035398097483911,0.041890000000000004,900.0
3636.438647963356,-0.0093720947917719,-0.0044302780419246,0.041890000000000004,900.0
3636.539213396858,-0.0104612144454488,-0.0054494225513086,0.041890000000000004,900.0
3636.6397781151045,-0.0114820059587428,-0.0066197072228407,0.041890000000000004,900.0
3636.740340449165,-0.0123513579182199,-0.0078509245649921,0.041890000000000004,900.0
3636.8409013527144,-0.013058411755264,-0.0091604611778479,0.041890000000000004,900.0
3636.941478468727,-0.0136681353729037,-0.0105818383767118,0.041890000000000004,900.0
3637.042046763252,-0.0141460989097443,-0.0120123586338853,0.041890000000000004,900.0
3637.142610050987,-0.014437179544984,-0.0134180830968211,0.041890000000000004,900.0
3637.2431599872816,-0.0145948650053144,-0.0149569169521911,0.041890000000000004,900.0
3637.3437492626417,-0.0145924045945786,-0.0164486529611114,0.041890000000000004,900.0
3637.4443235176313,-0.0144184132690673,-0.0180102646745654,0.041890000000000004,900.0
3637.544885851692,-0.0141108892659682,-0.0194016864025614,0.041890000000000004,900.0
3637.6458129661787,-0.0136321359539701,-0.0208565103339546,0.041890000000000004,900.0
3637.7464873569716,-0.0130272919624243,-0.0222198671445593,0.041890000000000004,900.0
3637.8369827049482,-0.0123448231369703,-0.0234127363855907,0.041890000000000004,900.0
3637.937547900032,-0.0114503770619278,-0.0246767599052762,0.041890000000000004,900.0
3638.038111664604,-0.0104611492816159,-0.0258109788735789,0.041890000000000004,900.0
3638.1387574451674,-0.0093667299591708,-0.0268258723466334,0.041890000000000004,900.0
3638.2392997520674,-0.0081454072750262,-0.0277463503171335,0.041890000000000004,900.0
3638.3398613708723,-0.0068996189987587,-0.028510757791452,0.041890000000000004,900.0
3638.4404246586073,-0.0055762363702561,-0.0291346386342357,0.041890000000000004,900.0
3638.5409827011335,-0.0041607197778584,-0.0296405319606802,0.041890000000000004,900.0
3638.641542889427,-0.0026389070415626,-0.0299912470361187,0.041890000000000004,900.0
3638.742108561348,-0.0011849000867247,-0.0301875698399772,0.041890000000000004,900.0
3638.8426759021986,0.0003835717450515,-0.0302240078850627,0.041890000000000004,900.0
3638.9432449119795,0.0018953489788078,-0.0301052143805775,0.041890000000000004,900.0
3639.043804385017,0.0033320340914684,-0.0298430011041151,0.041890000000000004,900.0
3639.1443397777784,0.0047586871435146,-0.0294270599494093,0.041890000000000004,900.0
3639.2449273842085,0.0061524972317602,-0.0288683453791649,0.041890000000000004,900.0
3639.345493771385,0.0074670510203216,-0.0281696754062464,0.041890000000000004,900.0
3639.446068264793,0.0087298937256357,-0.027333782635144,0.041890000000000004,900.0
3639.537327744316,0.0098120753285211,-0.0264494657813568,0.041890000000000004,900.0
3639.6378996151197,0.0109140681300008,-0.0253559369679103,0.041890000000000004,900.0
3639.738473631691,0.0118264283012193,-0.0242037612531683,0.041890000000000004,900.0
3639.8390376346815,0.0126254542979228,-0.0229775218333149,0.041890000000000004,900.0
3639.9395708816755,0.0133230100933776,-0.0216011647217713,0.041890000000000004,900.0
3640.040133454155,0.0138597671122966,-0.0202251776522306,0.041890000000000004,900.0
3640.140697695564,0.0142552245899685,-0.0187618374145454,0.041890000000000004,900.0
3640.241207815956,0.014502689398076,-0.0172440150293647,0.041890000000000004,900.0
3640.341794945549,0.014592356777183,-0.0157177376950124,0.041890000000000004,900.0
3640.442362047981,0.0145296704174074,-0.0142172118896144,0.041890000000000004,900.0
3640.5429484623182,0.0143140463188433,-0.0127574012608349,0.041890000000000004,900.0
3640.6434900539625,0.0139510272728139,-0.0113020980597222,0.041890000000000004,900.0
3640.744050242256,0.0134487165510037,-0.0099262412829048,0.041890000000000004,900.0
3640.844567753624,0.0127586710953774,-0.008485700598433,0.041890000000000004,900.0
3640.9451038616407,0.0119638561296704,-0.0072376899070246,0.041890000000000004,900.0
3641.04566476519,0.0114868308407208,-0.0065866657262311,0.041890000000000004,900.0
3641.1462197082747,0.0114289999999999,-0.0065088148332529,0.041890000000000004,900.0
3641.2367245929945,0.0113188370376948,-0.0064822380422834,0.041890000000000004,900.0
3641.337279536079,0.006967268903086,-0.0054317940867039,0.041890000000000004,900.0
3641.4390921371687,0.0012546429822332,-0.0040527372372839,0.041890000000000004,900.0
3641.5395910518873,-0.0013009999999999,-0.0034357661809437,0.041890000000000004,900.0
3641.640153385948,-0.0010701520736025,-0.0034231527670087,0.041890000000000004,900.0
3641.7407147663343,-6.781030340639871e-05,-0.0033890628478295,0.041890000000000004,900.0
3641.8412661331404,0.0014496036949033,-0.0034601392234574,0.041890000000000004,900.0
3641.9418258445967,0.0029839946787689,-0.0037490396117467,0.041890000000000004,900.0
3642.0424079673994,0.0043838110495981,-0.0041992397572402,0.041890000000000004,900.0
3642.142948128532,0.0057887212240631,-0.0048522368811824,0.041890000000000004,900.0
3642.2435147541273,0.0070256303574611,-0.0056152672164223,0.041890000000000004,900.0
3642.3440835254896,0.0082206957068861,-0.0065719895162701,0.041890000000000004,900.0
3642.44473145182,0.0092586590247122,-0.0076337061872498,0.041890000000000004,900.0
3642.545269467186,0.0101629000896833,-0.0088452727640161,0.041890000000000004,900.0
3642.6458310859907,0.010941396958069,-0.0101773832465207,0.041890000000000004,900.0
3642.736346461128,0.011477104662674,-0.0114094978419411,0.041890000000000004,900.0
3642.8368851917494,0.0119015472090052,-0.0128148259156449,0.041890000000000004,900.0
3642.9374596851576,0.0121825288818771,-0.0143355484218405,0.041890000000000004,900.0
3643.0392517822493,0.0122519669716642,-0.0158147699377348,0.041890000000000004,900.0
3643.1398212688673,0.0121365560069576,-0.0172908332693367,0.041890000000000004,900.0
3643.240411974739,0.0118038376637011,-0.0188389139626465,0.041890000000000004,900.0
3643.3411376255262,0.0113361230348353,-0.0202264571468028,0.041890000000000004,900.0
3643.4416951912153,0.0106946896870828,-0.0215689573007016,0.041890000000000004,900.0
3643.5422537105787,0.0098753192897623,-0.0228476395178013,0.041890000000000004,900.0
3643.6428239124525,0.0089124634555183,-0.0239982262757367,0.041890000000000004,900.0
3643.743391968559,0.0077967668009729,-0.0250334229569889,0.041890000000000004,900.0
3643.843971707176,0.0065539569452416,-0.0259498942465096,0.041890000000000004,900.0
3643.9445285576094,0.0052424121512782,-0.0266796613853981,0.041890000000000004,900.0
3644.045081831764,0.0038845936321005,-0.0272323598793306,0.041890000000000004,900.0
3644.1456441658247,0.00245091925953,-0.0276277174552875,0.041890000000000004,900.0
3644.2361497658003,0.0010421902024001,-0.0278310073142862,0.041890000000000004,900.0
3644.3367526310194,-0.0004087602162239,-0.027859988414375,0.041890000000000004,900.0
3644.437325693916,-0.0019449205794087,-0.0277054461769536,0.041890000000000004,900.0
3644.537906147789,-0.0034397198979205,-0.0273689459495946,0.041890000000000004,900.0
3644.639158703636,-0.0048134027246316,-0.0268755951039722,0.041890000000000004,900.0
3644.7397012489546,-0.006166456391759,-0.0261854139362049,0.041890000000000004,900.0
3644.840247847389,-0.0074082798478511,-0.0253540293695778,0.041890000000000004,900.0
3644.9408204334486,-0.0085173216805105,-0.0243903129305106,0.041890000000000004,900.0
3645.041347243141,-0.0095323904948802,-0.0232805924380258,0.041890000000000004,900.0
3645.141911007713,-0.0104031964239993,-0.0220709546537859,0.041890000000000004,900.0
3645.2426585930098,-0.0111236018509196,-0.0207312973553192,0.041890000000000004,900.0
3645.3432731407393,-0.0116879442160312,-0.0192767051165282,0.041890000000000004,900.0
3645.4437978046644,-0.0120453075322724,-0.0178533004185026,0.041890000000000004,900.0
3645.544375397514,-0.0122233459467725,-0.0162846473787475,0.041890000000000004,900.0
3645.644951798271,-0.0122136621741255,-0.0148714182354106,0.041890000000000004,900.0
3645.7455305832136,-0.012026777639286,-0.0133791835821866,0.041890000000000004,900.0
3645.8360478656996,-0.0116886268686943,-0.0120325768170933,0.041890000000000004,900.0
3645.936630703758,-0.0111624263640173,-0.0106353223649818,0.041890000000000004,900.0
3646.0372004287947,-0.0104517179884223,-0.0092963173994715,0.041890000000000004,900.0
3646.1377639549482,-0.0095897235802364,-0.0080142749523468,0.041890000000000004,900.0
3646.238342739891,-0.0086156627206101,-0.0068917925116525,0.041890000000000004,900.0
3646.3388528602827,-0.0074541960360506,-0.0059141302725021,0.041890000000000004,900.0
3646.4394237774122,-0.0062369612565499,-0.0050936552478706,0.041890000000000004,900.0
3646.5399970787275,-0.0048610288087091,-0.0043873614227005,0.041890000000000004,900.0
3646.640535094093,-0.0035099666573208,-0.0038994468518508,0.041890000000000004,900.0
3646.742182709526,-0.0019611032875719,-0.0035470233453251,0.041890000000000004,900.0
3646.842698790382,-0.0013847608594808,-0.0034484494945061,0.041890000000000004,900.0
3646.9434265869368,-0.0013009999999999,-0.0034357661809436,0.041890000000000004,900.0
3647.043998696159,-0.0013009999999999,-0.0034355621925449,0.041890000000000004,900.0
3647.144537665199,-0.0013009999999999,-0.0034344571469141,0.041890000000000004,0.0
3647.2451402919996,-0.001301,-0.0034333349163786,0.041890000000000004,0.0
3647.345707394432,-0.0013009999999999,-0.0034324333864934,0.041890000000000004,0.0
3647.436228014778,-0.0013009999999999,-0.0034314448454254,0.041890000000000004,0.0
3647.536777712654,-0.001301,-0.0034302131273053,0.041890000000000004,0.0
3647.6373541134108,-0.0013009999999999,-0.0034289270164657,0.041890000000000004,0.0
3647.7379674690474,-0.0013009999999999,-0.0034281773868751,0.041890000000000004,0.0
3647.838532664131,-0.0013009999999999,-0.0034269558327415,0.041890000000000004,0.0
3647.9391131180037,-0.0013009999999999,-0.0034257762957282,0.041890000000000004,0.0
3648.039677359413,-0.001301,-0.0034245871551734,0.041890000000000004,0.0
3648.1402375477064,-0.001301,-0.0034233678814643,0.041890000000000004,0.0
3648.2407541054,-0.001301,-0.0034222426138892,0.041890000000000004,0.0
3648.341300226997,-0.0013009999999999,-0.0034211280307271,0.041890000000000004,0.0
3648.441865898918,-0.0013009999999999,-0.0034200087347708,0.041890000000000004,0.0
3648.542460896324,-0.0013009999999999,-0.0034188890137884,0.041890000000000004,0.0
3648.643038966011,-0.0013009999999999,-0.0034176325834786,0.041890000000000004,0.0
3648.7435972469557,-0.0013009999999999,-0.0034164211227861,0.041890000000000004,0.0
3648.844171025108,-0.0013009999999999,-0.003415401407039,0.041890000000000004,0.0
3648.9447431343306,-0.001301,-0.003414383882849,0.041890000000000004,0.0
3649.045378662895,-0.001301,-0.0034132129855474,0.041890000000000004,0.0
3649.137180067848,-0.001301,-0.0034119107800366,0.041890000000000004,0.0
3649.2376627701033,-0.0013009999999999,-0.0034110680306068,0.041890000000000004,0.0
3649.3393299358595,-0.0013009999999999,-0.003409757773277,0.041890000000000004,0.0
3649.43989226992,-0.0013009999999999,-0.0034085777941685,0.041890000000000004,0.0
3649.5404557960737,-0.0013009999999999,-0.0034073778122083,0.041890000000000004,0.0
3649.641023375343,-0.0013009999999999,-0.0034061186541187,0.041890000000000004,0.0
3649.741586186241,-0.0013009999999999,-0.0034050968071768,0.041890000000000004,0.0
3649.8421594875563,-0.0013009999999999,-0.0034040199866481,0.041890000000000004,0.0
3649.942699171852,-0.001301,-0.0034027318204302,0.041890000000000004,0.0
3650.0432688968885,-0.0013009999999999,-0.0034016190415849,0.041890000000000004,0.0
3650.1438374298323,-0.0013009999999999,-0.0034006482418054,0.041890000000000004,0.0
3650.2444085853804,-0.0013009999999999,-0.0034004268902025,0.041890000000000004,0.0
