17288.3991894722,0.011691000000000007,0.012855246118816072,0.04899,1340.8
17288.49919295311,0.011631600000000006,0.012907397883883225,0.04899,1340.8
17288.599135160446,0.0104302,0.013904387517625322,0.04899,1340.8
17288.69918179512,0.0104302,0.013904387517625322,0.04899,1340.8
17288.79914498329,0.009148099999999992,0.014791562921329077,0.04899,1340.8
17288.89918756485,0.007685799999999993,0.015616584890096676,0.04899,1340.8
17288.999195814133,0.006258399999999997,0.016244712042808255,0.04899,1340.8
17289.09917449951,0.004664999999999989,0.016774304368316124,0.04899,1340.8
17289.199170589447,0.0030294000000000015,0.017154502484603835,0.04899,1340.8
17289.29915046692,0.0014833999999999958,0.017359380301819747,0.04899,1340.8
17289.399176359177,-0.00019480000000000885,0.017415590195473892,0.04899,1340.8
17289.499185085297,-0.001870899999999981,0.017317858677520042,0.04899,1340.8
17289.599133968353,-0.003412299999999993,0.01708191453842043,0.04899,1340.8
17289.69918036461,-0.0050393999999999994,0.01666674601884476,0.04899,1340.8
17289.799169301987,-0.0066183999999999965,0.01609577146613482,0.04899,1340.8
17289.899141073227,-0.0066183999999999965,0.01609577146613482,0.04899,1340.8
17289.999169826508,-0.008138300000000001,0.015382170345905406,0.04899,1340.8
17290.099172592163,-0.009478399999999998,0.014584645644235325,0.04899,1340.8
17290.1991815567,-0.01073819999999999,0.013665656841820563,0.04899,1340.8
17290.299176692963,-0.01208709999999999,0.012475439261568997,0.04899,1340.8
17290.39919114113,-0.013151699999999988,0.01133596245740505,0.04899,1340.8
17290.499189138412,-0.014104000000000005,0.010101164063037044,0.04899,1340.8
17290.59915304184,-0.014998499999999998,0.008680219599309431,0.04899,1340.8
17290.699177980423,-0.015758899999999992,0.0071833137641324,0.04899,1340.8
17290.799165725708,-0.016366699999999998,0.005618115323216748,0.04899,1340.8
17290.899177789688,-0.01681279999999999,0.003999431151845853,0.04899,1340.8
17290.999187231064,-0.017081800000000008,0.0025261392935308734,0.04899,1340.8
17291.099189281464,-0.017081800000000008,0.0025261392935308734,0.04899,1340.8
17291.199138641357,-0.017187599999999997,0.0015594126724226519,0.04899,1340.8
17291.299193382263,-0.017241999999999993,0.0006631367228597737,0.04899,1340.8
17291.399175405502,-0.01722459999999998,-0.0007330970104754836,0.04899,1340.8
17291.499177455902,-0.017144699999999985,-0.0017603288656826352,0.04899,1340.8
17291.59908270836,-0.017024099999999986,-0.002570935218207379,0.04899,1340.8
17291.699179410934,-0.016686799999999988,-0.004215901297216523,0.04899,1340.8
17291.799174785614,-0.016173599999999996,-0.005814736176032009,0.04899,1340.8
17291.8990483284,-0.01556479999999999,-0.0072499984412422586,0.04899,1340.8
17291.999130487442,-0.0147751,-0.00873168535092654,0.04899,1340.8
17292.099155187607,-0.013838500000000004,-0.010125328177076988,0.04899,1340.8
17292.199131011963,-0.0127684,-0.011419200025395634,0.04899,1340.8
17292.299149751663,-0.0127684,-0.011419200025395634,0.04899,1340.8
17292.399173259735,-0.0116705,-0.01252608091276746,0.04899,1340.8
17292.499140024185,-0.010383699999999996,-0.013604877644480873,0.04899,1340.8
17292.599183797836,-0.008992700000000006,-0.014545615802231363,0.04899,1340.8
17292.6991686821,-0.007626199999999986,-0.015296226785626595,0.04899,1340.8
17292.799135684967,-0.006088200000000002,-0.01596985666763351,0.04899,1340.8
17292.899162769318,-0.0044894999999999935,-0.01648367862034173,0.04899,1340.8
17292.999171733856,-0.00296639999999998,-0.016817472883324074,0.04899,1340.8
17293.09908270836,-0.0013007000000000019,-0.017028587686102478,0.04899,1340.8
17293.19913458824,0.00037790000000000046,-0.017076423319556097,0.04899,1340.8
17293.29924106598,0.00037790000000000046,-0.017076423319556097,0.04899,1340.8
17293.399158477783,0.002052399999999996,-0.016952528499892955,0.04899,1340.8
17293.499183893204,0.0035903999999999936,-0.016696735068237954,0.04899,1340.8
17293.599167346954,0.005215299999999992,-0.016273269312053182,0.04899,1340.8
17293.69917154312,0.006678699999999996,-0.0157345972318549,0.04899,1340.8
17293.799145936966,0.008191300000000012,-0.01500536513592348,0.04899,1340.8
17293.89917063713,0.009629100000000002,-0.014138332469055527,0.04899,1340.8
17293.99914741516,0.010978899999999986,-0.013139303375435542,0.04899,1340.8
17294.099175214767,0.012130399999999986,-0.012087808281299246,0.04899,1340.8
17294.199174165726,0.013264300000000007,-0.010849538646905112,0.04899,1340.8
17294.299223423004,0.014277899999999996,-0.009510813331358205,0.04899,1340.8
17294.399169683456,0.015091800000000002,-0.008180734929123565,0.04899,1340.8
17294.49911880493,0.015779900000000013,-0.006781679217829253,0.04899,1340.8
17294.599140882492,0.015779900000000013,-0.006781679217829253,0.04899,1340.8
17294.69916844368,0.016422199999999998,-0.005101351476491531,0.04899,1340.8
17294.79914665222,0.016837100000000008,-0.00359809004982313,0.04899,1340.8
17294.89916729927,0.01711399999999999,-0.001941906941485716,0.04899,1340.8
17294.999197006226,0.0172017,-0.001142636224218195,0.04899,1340.8
17295.099121570587,0.017242099999999996,0.0005054868593679027,0.04899,1340.8
17295.19916987419,0.0171761,0.0017315759669174861,0.04899,1340.8
17295.29917216301,0.017022400000000007,0.00294713274845973,0.04899,1340.8
17295.39917731285,0.016667799999999997,0.004588194746064658,0.04899,1340.8
17295.699170589447,0.015557100000000004,0.007626175180325819,0.04899,1340.8
17295.79913377762,0.014753000000000002,0.009104719657999513,0.04899,1340.8
17295.899572610855,0.0138152,0.010493032841199828,0.04899,1340.8
17295.999134540558,0.012751499999999999,0.01179212194514214,0.04899,1340.8
17296.099182844162,0.011743199999999981,0.012807606114882748,0.04899,1340.8
17296.199186563492,0.011691000000000007,0.012855246118816076,0.04899,1340.8
17296.29914045334,0.011691000000000007,0.012855246118816076,0.04899,0.0
17296.39914226532,0.008647200000000008,0.00817865519703724,0.04899,0.0
17296.69916367531,0.007429300000000014,0.006292450699713469,0.04899,0.0
17296.799076080322,0.00823660000000001,0.00515356078411041,0.04899,1340.8
17296.899189710617,0.00823660000000001,0.00515356078411041,0.04899,1340.8
17296.999080181122,0.008972299999999989,0.0036456897815480074,0.04899,1340.8
17297.09910273552,0.009417499999999995,0.0021530792868157678,0.04899,1340.8
17297.199149608612,0.0096141,0.0004873835824099268,0.04899,1340.8
17297.299167394638,0.009525100000000009,-0.0011867071733651577,0.04899,1340.8
17297.39917421341,0.009180300000000002,-0.002705795205255934,0.04899,1340.8
17297.499161720276,0.00854350000000001,-0.00425720650082715,0.04899,1340.8
17297.59916782379,0.007716399999999984,-0.005577535095135616,0.04899,1340.8
17297.699147224426,0.006601300000000004,-0.0068303181605327695,0.04899,1340.8
17297.7990834713,0.005286300000000008,-0.007872300658600638,0.04899,1340.8
17297.89913868904,0.003917600000000021,-0.008615242876285158,0.04899,1340.8
17297.999186754227,0.0022170999999999857,-0.009196847569762544,0.04899,1340.8
17298.099185705185,0.0022170999999999857,-0.009196847569762544,0.04899,1340.8
17298.19918036461,0.0006763999999999937,-0.009424319633901439,0.04899,1340.8
17298.299172639847,-0.0010008999999999851,-0.009402430881468193,0.04899,1340.8
17298.399152994156,-0.0025310999999999945,-0.009110451687065951,0.04899,1340.8
17298.499197244644,-0.004107299999999994,-0.008535985103161087,0.04899,1340.8
17298.599177598953,-0.005551799999999996,-0.0076832494466071155,0.04899,1340.8
17298.699103593826,-0.006753700000000001,-0.006691812095106504,0.04899,1340.8
17298.799175977707,-0.007832800000000001,-0.005407844101896722,0.04899,1340.8
17298.8991458416,-0.008694899999999992,-0.003968796361211169,0.04899,1340.8
17298.99915075302,-0.009271199999999993,-0.0023930448031194915,0.04899,1340.8
17299.09918498993,-0.009571099999999999,-0.0008643463604002463,0.04899,1340.8
17299.19918322563,-0.009605299999999997,0.0006931833148046268,0.04899,1340.8
17299.29918384552,-0.009605299999999997,0.0006931833148046268,0.04899,1340.8
17299.39918923378,-0.009375199999999986,0.002354681493525815,0.04899,1340.8
17299.499184846878,-0.008845999999999993,0.0039464760775288835,0.04899,1340.8
17299.599170684814,-0.008060800000000007,0.005427946566524136,0.04899,1340.8
17299.699147939682,-0.007102599999999987,0.006655977319191389,0.04899,1340.8
17299.79918575287,-0.0058737000000000095,0.007797123115361376,0.04899,1340.8
17299.899083137512,-0.004563400000000009,0.008640031940397863,0.04899,1340.8
17299.999084472656,-0.00302570000000002,0.009310602632588007,0.04899,1340.8
17300.099128484726,-0.0013917999999999986,0.009692232529023896,0.04899,1340.8
17300.199173927307,0.00016240000000000698,0.009793651707692856,0.04899,1340.8
17300.299145936966,0.0019486000000000087,0.009595520741009077,0.04899,1340.8
17300.399191856384,0.0019486000000000087,0.009595520741009077,0.04899,1340.8
17300.499173879623,0.0034421000000000035,0.009154894414213792,0.04899,1340.8
17300.59917831421,0.004951200000000003,0.00842228889301639,0.04899,1340.8
17300.69919013977,0.0062177000000000066,0.007515871876486786,0.04899,1340.8
17300.79919052124,0.007346600000000009,0.006385886877222524,0.04899,1340.8
17300.8991522789,0.007424,0.006299176759076701,0.04899,1340.8
17300.999125480652,0.007424,0.006299176759076701,0.04899,0.0
17301.099078178406,0.0024359000000000047,0.004538613097013547,0.04899,0.0
17301.599143743515,-0.015425999999999995,-0.0017657625419952513,0.04899,0.0
17301.699082374573,-0.015425999999999995,-0.0017657625419952513,0.04899,1340.8
17301.799142599106,-0.015263799999999994,-0.0027951524630092373,0.04899,1340.8
17301.89917731285,-0.014884599999999998,-0.004307395829607777,0.04899,1340.8
17301.99908232689,-0.01432159999999999,-0.005889167952572931,0.04899,1340.8
17302.099155902863,-0.013579399999999991,-0.007395174333609082,0.04899,1340.8
17302.199036598206,-0.012687899999999988,-0.008817766998173895,0.04899,1340.8
17302.29906153679,-0.011641899999999983,-0.01013093669174115,0.04899,1340.8
17302.39906978607,-0.010551400000000002,-0.01124509508578311,0.04899,1340.8
17302.49912214279,-0.009261500000000006,-0.012319771315403294,0.04899,1340.8
17302.59919857979,-0.007961700000000002,-0.013180999838086786,0.04899,1340.8
17302.699083805084,-0.006478599999999987,-0.013968110819678414,0.04899,1340.8
17302.79918718338,-0.006478599999999987,-0.013968110819678414,0.04899,1340.8
17302.899173498154,-0.004914000000000002,-0.014577310595013465,0.04899,1340.8
17302.999163627625,-0.00329610000000001,-0.015026527602698257,0.04899,1340.8
17303.099172592163,-0.0017573000000000033,-0.015278025693908528,0.04899,1340.8
17303.19917201996,-8.120000000001737e-05,-0.015374423246474235,0.04899,1340.8
17303.299156427383,0.0014765999999999946,-0.015309720486690638,0.04899,1340.8
17303.399347543716,0.003136099999999989,-0.015054848970214384,0.04899,1340.8
17303.499103069305,0.004761499999999988,-0.014634267565494845,0.04899,1340.8
17303.599170207977,0.0062177000000000066,-0.014076982343369182,0.04899,1340.8
17303.69918203354,0.007719699999999996,-0.013326783410183216,0.04899,1340.8
17303.799169301987,0.009128700000000003,-0.0124139337785708,0.04899,1340.8
17303.89915394783,0.009128700000000003,-0.0124139337785708,0.04899,1340.8
17303.999176979065,0.010342400000000002,-0.011435243051307054,0.04899,1340.8
17304.099183321,0.011538400000000004,-0.010256793947690725,0.04899,1340.8
17304.19914841652,0.012588500000000002,-0.008946683443940368,0.04899,1340.8
17304.29917526245,0.013504899999999986,-0.007539819569837666,0.04899,1340.8
17304.399174451828,0.014203299999999974,-0.006145862508238044,0.04899,1340.8
17304.49914455414,0.014804600000000001,-0.004578310371995388,0.04899,1340.8
17304.599144220352,0.01511599999999999,-0.0034635650893925438,0.04899,1340.8
17304.69918370247,0.015368199999999985,-0.0021988179178398307,0.04899,1340.8
17304.799129009247,0.015527099999999988,-0.0005275907223611931,0.04899,1340.8
17304.89917087555,0.015521300000000002,0.001031370732991907,0.04899,1340.8
17304.99916434288,0.015338900000000003,0.0027000278124544586,0.04899,1340.8
17305.099139213562,0.015338900000000003,0.0027000278124544586,0.04899,1340.8
17305.199071645737,0.014975799999999984,0.004339168956110327,0.04899,1340.8
17305.299110651016,0.014442199999999988,0.005930844934184474,0.04899,1340.8
17305.399181842804,0.013788199999999987,0.007346062277319029,0.04899,1340.8
17305.499138593674,0.012941700000000014,0.008796152208981351,0.04899,1340.8
17305.599173545837,0.011930200000000002,0.010136330095845275,0.04899,1340.8
17305.699187278748,0.010874000000000009,0.011283203012608364,0.04899,1340.8
17305.799173355103,0.009612999999999997,0.01239129925943936,0.04899,1340.8
17305.899189949036,0.008238399999999993,0.013355378740940053,0.04899,1340.8
17305.999193668365,0.006878999999999996,0.014118659324980652,0.04899,1340.8
17306.0991230011,0.005332899999999988,0.014773578250299964,0.04899,1340.8
17306.199172735214,0.003845000000000001,0.015239760199074949,0.04899,1340.8
17306.299159526825,0.003845000000000001,0.015239760199074949,0.04899,1340.8
17306.399172782898,0.0021972999999999993,0.015561785985421999,0.04899,1340.8
17306.499084472656,0.0005249999999999977,0.015712081318652277,0.04899,1340.8
17306.599155426025,-0.0011536000000000046,0.015676915285844036,0.04899,1340.8
17306.69916653633,-0.0027003000000000166,0.015480628149517721,0.04899,1340.8
17306.799127340317,-0.0043370999999999965,0.015106234177414538,0.04899,1340.8
17306.899149417877,-0.005919500000000008,0.014544870035533099,0.04899,1340.8
17306.99913764,-0.0073323,0.013885460140248669,0.04899,1340.8
17307.099180459976,-0.008764400000000006,0.013009208321592799,0.04899,1340.8
17307.199152946472,-0.010007700000000022,0.012068645002193935,0.04899,1340.8
17307.299181222916,-0.011314199999999996,0.01083265203953536,0.04899,1340.8
17307.399132966995,-0.011314199999999996,0.01083265203953536,0.04899,1340.8
17307.49916601181,-0.012323899999999999,0.009644690339850735,0.04899,1340.8
17307.59917497635,-0.013217300000000001,0.008366882308612149,0.04899,1340.8
17307.69917821884,-0.014016399999999998,0.006890314839791203,0.04899,1340.8
17307.799185991287,-0.014665499999999998,0.005341864919276743,0.04899,1340.8
17307.89915204048,-0.015131499999999992,0.003729124289187917,0.04899,1340.8
17307.999173402786,-0.015412999999999996,0.0021957184558145,0.04899,1340.8
17308.099138259888,-0.015541999999999986,0.0005221583561775892,0.04899,1340.8
17308.199082374573,-0.015487600000000004,-0.0011559342957618776,0.04899,1340.8
17308.299147367477,-0.015425999999999995,-0.0017657625419952513,0.04899,1340.8
17308.39918923378,-0.015425999999999995,-0.0017657625419952513,0.04899,1340.8
17308.49908041954,-0.013367799999999971,-0.0009844764957568086,0.04899,0.0
17308.59917116165,-0.013367799999999971,-0.0009844764957568086,0.04899,0.0
17308.99907898903,0.008719999999999978,0.007400232711095273,0.04899,0.0
17309.099140644073,0.008719999999999978,0.007400232711095273,0.04899,1340.8
17309.199194431305,0.0089973,0.007051240313789023,0.04899,1340.8
17309.299178123474,0.009851200000000004,0.005747639448712878,0.04899,1340.8
17309.399081707,0.010569799999999976,0.00423139418594989,0.04899,1340.8
17309.49912595749,0.011057800000000007,0.002626028877291492,0.04899,1340.8
17309.599185466766,0.011289599999999997,0.0009645099074015728,0.04899,1340.8
17309.69908618927,0.011291300000000004,-0.0005930405589720869,0.04899,1340.8
17309.79914689064,0.011291300000000004,-0.0005930405589720869,0.04899,1340.8
17309.89917588234,0.011063299999999998,-0.0022549507879025474,0.04899,1340.8
17309.99915266037,0.010580999999999993,-0.003862159926918615,0.04899,1340.8
17310.09917330742,0.00992359999999999,-0.0052748487363745225,0.04899,1340.8
17310.19917011261,0.0090142,-0.006685142268165939,0.04899,1340.8
17310.299156665802,0.007988300000000018,-0.007858513513256206,0.04899,1340.8
17310.41645383835,0.0067101000000000105,-0.008945642922832724,0.04899,1340.8
17310.499088287354,0.005288600000000004,-0.009836428963660278,0.04899,1340.8
17310.599156856537,0.0038677000000000017,-0.010476303801838498,0.04899,1340.8
17310.69911837578,0.0022514000000000006,-0.010926030674492701,0.04899,1340.8
17310.799174308777,0.0005864000000000008,-0.011131711800958573,0.04899,1340.8
17310.899178266525,0.0005864000000000008,-0.011131711800958573,0.04899,1340.8
17310.999210834503,-0.0010909999999999948,-0.011101253158804412,0.04899,1340.8
17311.09917640686,-0.0026289999999999925,-0.010847617792956094,0.04899,1340.8
17311.199166059494,-0.00422539999999999,-0.010330520229741985,0.04899,1340.8
17311.299151659012,-0.005627799999999988,-0.009651379647831047,0.04899,1340.8
17311.39908194542,-0.007023799999999983,-0.008720014689051377,0.04899,1340.8
17311.49915909767,-0.00825300000000001,-0.007577555718662025,0.04899,1340.8
17311.59914278984,-0.009235400000000005,-0.006368745787651786,0.04899,1340.8
17311.699186325073,-0.010106599999999993,-0.00493520874687025,0.04899,1340.8
17311.79917240143,-0.010753700000000005,-0.0033869752470447323,0.04899,1340.8
17311.89918279648,-0.011134199999999997,-0.0018757516103851332,0.04899,1340.8
17311.999142885208,-0.011315900000000004,-0.0002076043958920762,0.04899,1340.8
17312.099182844162,-0.011315900000000004,-0.0002076043958920762,0.04899,1340.8
17312.199172496796,-0.01125169999999999,0.0014692313142507553,0.04899,1340.8
17312.299170732498,-0.010930300000000004,0.0031161182472088274,0.04899,1340.8
17312.39916563034,-0.010420599999999988,0.004588390375584901,0.04899,1340.8
17312.49918270111,-0.009661899999999987,0.006085002766481506,0.04899,1340.8
17312.599149227142,-0.0086783,0.007444108030722041,0.04899,1340.8
17312.699173927307,-0.007594600000000007,0.008563462889218852,0.04899,1340.8
17312.799154520035,-0.006371500000000002,0.009528562100658507,0.04899,1340.8
17312.899181365967,-0.004813400000000009,0.010425347915190862,0.04899,1340.8
17312.99917292595,-0.0033583999999999975,0.010983869287944478,0.04899,1340.8
17313.09918165207,-0.0017230999999999913,0.01136008629923653,0.04899,1340.8
17313.199185848236,-0.0017230999999999913,0.01136008629923653,0.04899,1340.8
17313.299134254456,-5.099999999999549e-05,0.011502712866756023,0.04899,1340.8
17313.39918398857,0.0015039000000000025,0.011394330416865994,0.04899,1340.8
17313.49917292595,0.003143899999999991,0.011041825197196046,0.04899,1340.8
17313.599182844162,0.004718899999999984,0.010464515844163452,0.04899,1340.8
17313.699184179306,0.006091999999999986,0.009726888696862723,0.04899,1340.8
17313.799186229706,0.007429399999999989,0.00871293412203046,0.04899,1340.8
17313.899129390717,0.008589300000000008,0.0075465469393299275,0.04899,1340.8
17313.999182462692,0.008719999999999978,0.007400232711095273,0.04899,1340.8
17314.099220752716,0.008719999999999978,0.007400232711095273,0.04899,0.0
17314.199181079865,0.009414300000000014,0.010310944900427332,0.04899,0.0
17314.399190187454,0.009417999999999982,0.01032616382592003,0.04899,0.0
17314.49918603897,0.009417999999999982,0.01032616382592003,0.04899,1340.8
17314.599150419235,0.009174600000000005,0.010540260794923803,0.04899,1340.8
17314.69918704033,0.007957699999999998,0.011509948791088728,0.04899,1340.8
17314.799185991287,0.006524399999999986,0.012384161149866735,0.04899,1340.8
17314.899170398712,0.004999399999999987,0.013085679558011657,0.04899,1340.8
17314.99918627739,0.003516100000000008,0.013565690234468582,0.04899,1340.8
17315.099185466766,0.0018693000000000043,0.013890265345662938,0.04899,1340.8
17315.199147224426,0.00019559999999999023,0.014020927807026871,0.04899,1340.8
17315.299160718918,-0.0013618000000000102,0.013949457405542588,0.04899,1340.8
17315.39917087555,-0.0030194000000000054,0.01368579957865642,0.04899,1340.8
17315.499191999435,-0.004633500000000013,0.01322350092011693,0.04899,1340.8
17315.59908223152,-0.004633500000000013,0.01322350092011693,0.04899,1340.8
17315.699176311493,-0.0061764999999999876,0.012562442823995216,0.04899,1340.8
17315.799169778824,-0.007532899999999995,0.011794063590259876,0.04899,1340.8
17315.899136543274,-0.008881099999999975,0.010793504901731511,0.04899,1340.8
17315.999191999435,-0.010019999999999987,0.009729123786260917,0.04899,1340.8
17316.099192380905,-0.011103000000000002,0.008446294128918966,0.04899,1340.8
17316.199175834656,-0.0120199,0.007040393752332508,0.04899,1340.8
17316.299189329147,-0.012722499999999998,0.005648671780131075,0.04899,1340.8
17316.399163484573,-0.013284900000000002,0.004066899657165897,0.04899,1340.8
17316.49915575981,-0.013659499999999991,0.0024308592856642844,0.04899,1340.8
17316.59917640686,-0.013827099999999995,0.0008810961909303736,0.04899,1340.8
17316.699177980423,-0.013808500000000001,-0.0007971920905294333,0.04899,1340.8
17316.799171686172,-0.013808500000000001,-0.0007971920905294333,0.04899,1340.8
17316.899134397507,-0.013596299999999992,-0.002462280115205634,0.04899,1340.8
17316.999177455902,-0.013341500000000006,-0.003541447314790974,0.04899,1340.8
17317.09916472435,-0.012917299999999993,-0.004808233946221506,0.04899,1340.8
17317.199138641357,-0.01222479999999998,-0.006337344439150086,0.04899,1340.8
17317.29919219017,-0.011412099999999994,-0.007667716285665219,0.04899,1340.8
17317.39920091629,-0.010380699999999993,-0.00899187193778652,0.04899,1340.8
17317.499175548553,-0.00919869999999999,-0.010184108186747177,0.04899,1340.8
17317.599183797836,-0.007873999999999992,-0.011215341938118732,0.04899,1340.8
17317.699176311493,-0.0065477999999999925,-0.012034755392222068,0.04899,1340.8
17317.799137353897,-0.005020899999999995,-0.012732704745580768,0.04899,1340.8
17317.899169683456,-0.005020899999999995,-0.012732704745580768,0.04899,1340.8
17317.999192476273,-0.003422500000000009,-0.013244605844340035,0.04899,1340.8
17318.099166870117,-0.0018936999999999982,-0.013550274369326556,0.04899,1340.8
17318.199080467224,-0.0002193999999999946,-0.013672031914351734,0.04899,1340.8
17318.299076080322,0.0014576999999999923,-0.01360128779852586,0.04899,1340.8
17318.39913368225,0.0029959999999999987,-0.013347631641508824,0.04899,1340.8
17318.499143123627,0.0046095999999999915,-0.012886157083387993,0.04899,1340.8
17318.599174261093,0.006048999999999999,-0.012286958977922126,0.04899,1340.8
17318.69915676117,0.007509600000000005,-0.011459995364036822,0.04899,1340.8
17318.799167394638,0.008865500000000012,-0.010470381051725132,0.04899,1340.8
17318.899186849594,0.010085499999999997,-0.009316859099190233,0.04899,1340.8
17318.99920654297,0.011086200000000018,-0.008121857104693188,0.04899,1340.8
17319.09915828705,0.011086200000000018,-0.008121857104693188,0.04899,1340.8
17319.199157953262,0.011921699999999993,-0.006872643094082358,0.04899,1340.8
17319.299188375473,0.012425499999999978,-0.005941396741231522,0.04899,1340.8
17319.39917087555,0.013030600000000003,-0.004504919116562048,0.04899,1340.8
17319.499185323715,0.013507499999999992,-0.0028952376762900883,0.04899,1340.8
17319.599144935608,0.013771799999999987,-0.0012374063671153346,0.04899,1340.8
17319.69918847084,0.013846299999999978,0.0003195156283598913,0.04899,1340.8
17319.799154520035,0.013726100000000005,0.00199411624910446,0.04899,1340.8
17319.89917731285,0.013401700000000002,0.0036407867613735684,0.04899,1340.8
17319.99918961525,0.012932799999999994,0.005127690926681479,0.04899,1340.8
17320.099173784256,0.012231999999999993,0.006653113758894907,0.04899,1340.8
17320.199171066284,0.012231999999999993,0.006653113758894907,0.04899,1340.8
17320.299139738083,0.011360899999999993,0.00808776834437552,0.04899,1340.8
17320.399165391922,0.01078599999999999,0.008858619879366814,0.04899,1340.8
17320.499190330505,0.009775100000000009,0.0099756210425366,0.04899,1340.8
17320.599177598953,0.009417999999999982,0.01032616382592003,0.04899,1340.8
17320.699095010757,0.009417999999999982,0.01032616382592003,0.04899,0.0
17320.799152612686,0.0099215,0.008791151374046811,0.04899,0.0
17320.8991689682,0.010017000000000012,0.008500171118414765,0.04899,0.0
17320.99920797348,0.010017000000000012,0.008500171118414765,0.04899,1340.8
17321.09919142723,0.010223099999999999,0.008244496292688627,0.04899,1340.8
17321.199076890945,0.011175799999999986,0.006865366897541161,0.04899,1340.8
17321.29905819893,0.011175799999999986,0.006865366897541161,0.04899,1340.8
17321.399156332016,0.011938799999999986,0.005370284101552974,0.04899,1340.8
17321.499205589294,0.012471999999999997,0.0039061906038571625,0.04899,1340.8
17321.59918498993,0.012848100000000001,0.002270953541605416,0.04899,1340.8
17321.69917321205,0.013006300000000026,0.0007212882616316474,0.04899,1340.8
17321.799156665802,0.012973200000000004,-0.0009559594987203768,0.04899,1340.8
17321.89913725853,0.012724999999999986,-0.002615516032323892,0.04899,1340.8
17321.999171495438,0.012266699999999991,-0.004230708172499868,0.04899,1340.8
17322.09917163849,0.011651599999999998,-0.005663853954240808,0.04899,1340.8
17322.199162721634,0.0108674,-0.007011602792055378,0.04899,1340.8
17322.299040555954,0.009849099999999986,-0.008345837137637216,0.04899,1340.8
17322.399062156677,0.008670999999999998,-0.009540957738063141,0.04899,1340.8
17322.499157190323,0.007350300000000004,-0.010575976964910028,0.04899,1340.8
17322.599160432816,0.007350300000000004,-0.010575976964910028,0.04899,1340.8
17322.699070692062,0.006014400000000003,-0.011378111242474107,0.04899,1340.8
17322.79907822609,0.004481600000000016,-0.012061840609110253,0.04899,1340.8
17322.899045228958,0.002873500000000001,-0.012544282004485527,0.04899,1340.8
17322.9990670681,0.001333899999999999,-0.012793426400368742,0.04899,1340.8
17323.09913778305,-0.0003439999999999971,-0.0128502647649213,0.04899,1340.8
17323.19916677475,-0.002014799999999997,-0.012692419271909047,0.04899,1340.8
17323.29921913147,-0.0035372000000000042,-0.012359134873896255,0.04899,1340.8
17323.39924263954,-0.005119299999999993,-0.011799928797821574,0.04899,1340.8
17323.499161958694,-0.006618600000000002,-0.011045650944879838,0.04899,1340.8
17323.599049329758,-0.007913199999999995,-0.010177047100766008,0.04899,1340.8
17323.699132204056,-0.009183599999999986,-0.009079168944493208,0.04899,1340.8
17323.799160957336,-0.009183599999999986,-0.009079168944493208,0.04899,1340.8
17323.89915752411,-0.010291699999999987,-0.007817913804135372,0.04899,1340.8
17323.99918293953,-0.011169199999999976,-0.006529650470480784,0.04899,1340.8
17324.09913945198,-0.011933600000000003,-0.005035706010360443,0.04899,1340.8
17324.199125289917,-0.012502699999999992,-0.003457230289069836,0.04899,1340.8
17324.299142599106,-0.012848099999999987,-0.001937709415801049,0.04899,1340.8
17324.399176120758,-0.013015200000000005,-0.0002678161857105482,0.04899,1340.8
17324.499186515808,-0.012969899999999979,0.0014102556750601493,0.04899,1340.8
17324.599080085754,-0.012730999999999992,0.0029512324593842197,0.04899,1340.8
17324.699154376984,-0.012263899999999994,0.004563875274712845,0.04899,1340.8
17324.79919409752,-0.0115933,0.006102477572541159,0.04899,1340.8
17324.899143218994,-0.0115933,0.006102477572541159,0.04899,1340.8
17324.99917602539,-0.010800199999999996,0.007541839548675856,0.04899,1340.8
17325.09907722473,-0.009773099999999993,0.00877008672203216,0.04899,1340.8
17325.199143886566,-0.008676599999999979,0.009876771979883632,0.04899,1340.8
17325.299191713333,-0.0072591999999999934,0.010982514531387648,0.04899,1340.8
17325.39908504486,-0.005917800000000015,0.01177668659896041,0.04899,1340.8
17325.499140262604,-0.004375900000000016,0.01244080388489898,0.04899,1340.8
17325.599149942398,-0.002761399999999997,0.012900846662871494,0.04899,1340.8
17325.699187517166,-0.001220899999999997,0.013139165288466911,0.04899,1340.8
17325.799078702927,0.00045660000000000145,0.013183431867134297,0.04899,1340.8
17325.8990650177,0.0020075000000000093,0.013034470499292121,0.04899,1340.8
17325.999166488647,0.0036441000000000112,0.01266672556296073,0.04899,1340.8
17326.09916639328,0.0036441000000000112,0.01266672556296073,0.04899,1340.8
17326.199138879776,0.005222100000000007,0.012097790470128676,0.04899,1340.8
17326.29918074608,0.006714600000000001,0.011330822225372891,0.04899,1340.8
17326.399174928665,0.008096500000000006,0.010378022146706738,0.04899,1340.8
17326.499180793762,0.009257799999999983,0.009337785664236216,0.04899,1340.8
17326.59917831421,0.010017000000000012,0.008500171118414765,0.04899,1340.8
17326.69917678833,0.010017000000000012,0.008500171118414765,0.04899,1340.8
17326.799081802368,0.010017000000000012,0.008500397868790432,0.04899,0.0
17326.8990547657,0.010017000000000012,0.008501365074098599,0.04899,0.0
17331.990297953165,0.011011999999999994,0.029163000000000015,0.04899,0.0
