4969.599209785461,0.0002919999999999867,0.017205236793454946,0.0142,990.7
4969.699196100235,0.0002919999999999867,0.017205236793454946,0.0142,990.7
4969.799124956131,-0.0008598999999999968,0.01718368306763962,0.0142,990.7
4969.899085760117,-0.0025300000000000045,0.017011107722935376,0.0142,990.7
4969.999116659164,-0.004059000000000007,0.016706773163337026,0.0142,990.7
4970.099216938019,-0.005669400000000019,0.016232000533672505,0.0142,990.7
4970.199115753174,-0.007437399999999983,0.015487333091559308,0.0142,990.7
4970.299136638641,-0.008703800000000012,0.01480377856327468,0.0142,990.7
4970.399260044098,-0.008703800000000012,0.01480377856327468,0.0142,990.7
4970.499057769775,-0.010105799999999998,0.013880200976134682,0.0142,990.7
4970.599131822586,-0.011405899999999997,0.012817977926470766,0.0142,990.7
4970.6992037296295,-0.012592599999999995,0.011630232647475237,0.0142,990.7
4970.799254417419,-0.013590399999999975,0.010432346301512851,0.0142,990.7
4970.8991277217865,-0.014478299999999986,0.009150536374109869,0.0142,990.7
4970.999125242233,-0.015283499999999978,0.007677048886274532,0.0142,990.7
4971.099477052689,-0.01594799999999999,0.006137601696858924,0.0142,990.7
4971.199131727219,-0.01623590000000001,0.00529928165654768,0.0142,990.7
4971.299075126648,-0.016636699999999977,0.0037927654105421697,0.0142,990.7
4971.399165868759,-0.016920099999999993,0.0021377976616639184,0.0142,990.7
4971.499173164368,-0.017025,0.0005821118168166522,0.0142,990.7
4971.599192857742,-0.0169869,-0.0009765561942560105,0.0142,990.7
4971.699075460434,-0.0169869,-0.0009765561942560105,0.0142,990.7
4971.799160957336,-0.016793799999999998,-0.0026441935437796008,0.0142,990.7
4971.899055242538,-0.016478299999999974,-0.004152867855591921,0.0142,990.7
4971.9991619586945,-0.0161134,-0.005358422967265027,0.0142,990.7
4972.099221229553,-0.015749100000000002,-0.006306829890726305,0.0142,990.7
4972.199240922928,-0.015097299999999994,-0.007723283384488744,0.0142,990.7
4972.299219369888,-0.014171500000000004,-0.009265810554889946,0.0142,990.7
4972.399231672287,-0.013324599999999992,-0.01042921557136503,0.0142,990.7
4972.4991092681885,-0.012221499999999996,-0.01169517810237699,0.0142,990.7
4972.599066019058,-0.010989899999999997,-0.012836323898546984,0.0142,990.7
4972.699088096619,-0.009654199999999988,-0.013853358454364778,0.0142,990.7
4972.799163579941,-0.009654199999999988,-0.013853358454364778,0.0142,990.7
4972.899187326431,-0.008333300000000002,-0.014681558218877996,0.0142,990.7
4972.999094247818,-0.006830500000000003,-0.015429990345297746,0.0142,990.7
4973.099172830582,-0.005259599999999989,-0.016022853650440975,0.0142,990.7
4973.199187994003,-0.003640399999999988,-0.01646685340250221,0.0142,990.7
4973.299063682556,-0.001984600000000017,-0.016744004930452354,0.0142,990.7
4973.399169921875,-0.0004291000000000017,-0.016849405214116937,0.0142,990.7
4973.499171733856,0.0011295000000000055,-0.01681826423655996,0.0142,990.7
4973.599055051804,0.0027985999999999983,-0.016634623541792078,0.0142,990.7
4973.6991403102875,0.00432189999999999,-0.01630143695853939,0.0142,990.7
4973.799246788025,0.005921999999999997,-0.015792930076214885,0.0142,990.7
4973.899285793304,0.0074678999999999995,-0.015137934127304083,0.0142,990.7
4973.999044179916,0.0074678999999999995,-0.015137934127304083,0.0142,990.7
4974.0991632938385,0.008937300000000009,-0.014325560968013185,0.0142,990.7
4974.199184417725,0.010223099999999999,-0.01344389626421344,0.0142,990.7
4974.2991580963135,0.011426600000000009,-0.012373731795727046,0.0142,990.7
4974.3990478515625,0.012697799999999995,-0.011180629864010264,0.0142,990.7
4974.499128341675,0.013678400000000007,-0.009968446507733993,0.0142,990.7
4974.599191427231,0.014611299999999994,-0.008572645615776787,0.0142,990.7
4974.69917011261,0.015408799999999986,-0.00709505841701695,0.0142,990.7
4974.799156665802,0.015873499999999985,-0.006012713421685981,0.0142,990.7
4974.8991503715515,0.016288999999999984,-0.004817809241949106,0.0142,990.7
4974.999224662781,0.016693,-0.0031879850648412825,0.0142,990.7
4975.099127531052,0.016693,-0.0031879850648412825,0.0142,990.7
4975.199353694916,0.016941499999999984,-0.0015277022455792919,0.0142,990.7
4975.299244880676,0.017031400000000002,2.8926305615517567e-05,0.0142,990.7
4975.399158000946,0.01694670000000001,0.0018255779156656701,0.0142,990.7
4975.499166965485,0.016745200000000002,0.0032504056696287566,0.0142,990.7
4975.59917807579,0.016363599999999992,0.0048853284964313,0.0142,990.7
4975.699309587479,0.015890500000000002,0.006313648281589226,0.0142,990.7
4975.799134492874,0.0155203,0.007178229438369963,0.0142,990.7
4975.899142980576,0.01475979999999999,0.00867515606471568,0.0142,990.7
4975.99905872345,0.013844100000000012,0.010082509012619138,0.0142,990.7
4976.099155187607,0.012880000000000003,0.01130757839022982,0.0142,990.7
4976.19918513298,0.0117279,0.012529078713054136,0.0142,990.7
4976.299063444138,0.0117279,0.012529078713054136,0.0142,990.7
4976.399139404297,0.010448100000000002,0.013616033284279072,0.0142,990.7
4976.499209880829,0.00907340000000001,0.014579875553922074,0.0142,990.7
4976.599143266678,0.0077201999999999965,0.015354316934868342,0.0142,990.7
4976.6992127895355,0.006186800000000006,0.016038262722193563,0.0142,990.7
4976.799185037613,0.004593200000000006,0.016566598105904728,0.0142,990.7
4976.899131536484,0.0030750999999999973,0.0169213592061416,0.0142,990.7
4976.999137878418,0.0014112000000000013,0.017145241424325483,0.0142,990.7
4977.099059820175,0.0002919999999999867,0.017205236793454946,0.0142,990.7
4977.199378728867,0.0002919999999999867,0.017205236793454946,0.0142,990.7
4977.2990646362305,0.00019040000000000723,0.01698790579628274,0.0142,990.7
4977.399201869965,-0.003103599999999998,0.009939470394890307,0.0142,0.0
4977.499041557312,-0.003103599999999998,0.009939470394890307,0.0142,0.0
4977.799162387848,-0.009246000000000004,-0.003203832461232268,0.0142,0.0
4977.899094104767,-0.009246000000000004,-0.0032038324612322644,0.0142,990.7
4977.9991500377655,-0.009450200000000006,-0.0025509529957908478,0.0142,990.7
4978.09921002388,-0.009771899999999986,-0.001026549893516339,0.0142,990.7
4978.199170589447,-0.009816299999999986,0.0007699060870135221,0.0142,990.7
4978.299077033997,-0.009611999999999996,0.0023145497408840164,0.0142,990.7
4978.399029970169,-0.00904880000000001,0.00402125720462005,0.0142,990.7
4978.4990446567535,-0.008398199999999995,0.005303891232441672,0.0142,990.7
4978.599136829376,-0.008398199999999995,0.005303891232441672,0.0142,990.7
4978.6995260715485,-0.007398000000000002,0.006649796239898625,0.0142,990.7
4978.799175262451,-0.006196300000000002,0.007820164527594781,0.0142,990.7
4978.899202346802,-0.00490740000000002,0.008694984566102404,0.0142,990.7
4978.999053001404,-0.003390299999999999,0.009411135011179125,0.0142,990.7
4979.099127292633,-0.0018886000000000042,0.009825088171295564,0.0142,990.7
4979.199196577072,-0.0002209999999999851,0.010008587101047638,0.0142,990.7
4979.299106836319,0.0014522000000000007,0.00989847942672887,0.0142,990.7
4979.399137496948,0.002456,0.009695976096008807,0.0142,990.7
4979.499126434326,0.003934199999999985,0.009185408962637677,0.0142,990.7
4979.599160194397,0.005312300000000006,0.0084591382417629,0.0142,990.7
4979.699172735214,0.0065471,0.007509180932224552,0.0142,990.7
4979.799144744873,0.0065471,0.007509180932224552,0.0142,990.7
4979.899188041687,0.007707100000000008,0.00629729102022869,0.0142,990.7
4979.999200344086,0.008625999999999995,0.004893723547800554,0.0142,990.7
4980.099097728729,0.009312899999999999,0.0033634747190041774,0.0142,990.7
4980.199192523956,0.009689299999999984,0.0018517412173749935,0.0142,990.7
4980.2990872859955,0.009848399999999993,6.18364578568592e-05,0.0142,990.7
4980.3991668224335,0.009713,-0.0013703666175365337,0.0142,990.7
4980.499262571335,0.009319300000000003,-0.003000994103894289,0.0142,990.7
4980.599183559418,0.008636199999999997,-0.004532968157119413,0.0142,990.7
4980.699095010757,0.007720499999999977,-0.005938595880594179,0.0142,990.7
4980.799048423767,0.006652400000000003,-0.007072876220303316,0.0142,990.7
4980.899096250534,0.005329500000000001,-0.008104619836644254,0.0142,990.7
4980.999168634415,0.005329500000000001,-0.008104619836644254,0.0142,990.7
4981.099185466766,0.0038427999999999934,-0.0088810028627083,0.0142,990.7
4981.199188709259,0.0024665000000000104,-0.009350635260340662,0.0142,990.7
4981.299296617508,0.0015933999999999948,-0.009532429756832765,0.0142,990.7
4981.399304866791,-7.799999999999474e-05,-0.009674546459382719,0.0142,990.7
4981.499100923538,-0.0017473999999999962,-0.009506657714163994,0.0142,990.7
4981.599246025085,-0.0033688999999999802,-0.0090777020492439,0.0142,990.7
4981.699326515198,-0.0048870999999999915,-0.008363884508325474,0.0142,990.7
4981.799125432968,-0.0062691,-0.007414045804715948,0.0142,990.7
4981.899096250534,-0.0073825,-0.006324933167684232,0.0142,990.7
4981.99919128418,-0.008386899999999989,-0.00498187092935503,0.0142,990.7
4982.099212169647,-0.008386899999999989,-0.00498187092935503,0.0142,990.7
4982.199130058289,-0.009085899999999994,-0.003589659883352893,0.0142,990.7
4982.29909825325,-0.009246000000000004,-0.003203832461232268,0.0142,990.7
4982.399052143097,-0.009246000000000004,-0.0032038324612322644,0.0142,0.0
4982.499073266983,-0.006562699999999991,-0.003971897459518432,0.0142,0.0
4982.899120092392,0.012059999999999987,-0.009301800688116812,0.0142,0.0
4982.999148130417,0.012065300000000001,-0.009295347281865235,0.0142,990.7
4983.099141359329,0.012806700000000004,-0.008257052444512566,0.0142,990.7
4983.199147939682,0.012806700000000004,-0.008257052444512566,0.0142,990.7
4983.299176931381,0.013703400000000004,-0.006697678938950121,0.0142,990.7
4983.399175405502,0.014334299999999994,-0.005272124899328552,0.0142,990.7
4983.4991273880005,0.01483630000000001,-0.0036700144100072357,0.0142,990.7
4983.599177837372,0.015158000000000005,-0.0021444729718649302,0.0142,990.7
4983.699142932892,0.015311100000000008,-0.00047263809665676684,0.0142,990.7
4983.799169778824,0.0152968,0.0012062370733639492,0.0142,990.7
4983.899139165878,0.015109100000000028,0.0027537650786996735,0.0142,990.7
4983.999159574509,0.014735999999999999,0.004390629550619921,0.0142,990.7
4984.099190235138,0.014233600000000013,0.005866275104262027,0.0142,990.7
4984.199158191681,0.01352189999999999,0.007386913522229935,0.0142,990.7
4984.299049377441,0.012656100000000003,0.008825039347736693,0.0142,990.7
4984.399151802063,0.012656100000000003,0.008825039347736693,0.0142,990.7
4984.499206066132,0.011551700000000012,0.010244964081525306,0.0142,990.7
4984.599153995514,0.010562500000000002,0.011290299213690454,0.0142,990.7
4984.699144601822,0.00937289999999999,0.012298233223649202,0.0142,990.7
4984.799383401871,0.007992899999999983,0.0132542318892298,0.0142,990.7
4984.899576187134,0.0064034000000000035,0.014095394698668821,0.0142,990.7
4984.999113321304,0.0049576999999999954,0.014678626801814778,0.0142,990.7
4985.099184989929,0.0033412000000000025,0.015131021605245293,0.0142,990.7
4985.199160337448,0.0018043999999999977,0.015392150898452826,0.0142,990.7
4985.299149990082,0.00012929999999999886,0.015501120236903743,0.0142,990.7
4985.399042367935,-0.0014281000000000016,0.01542996407086859,0.0142,990.7
4985.599197387695,-0.0030901000000000123,0.015191207425482647,0.0142,990.7
4985.6991751194,-0.004711199999999999,0.014755845115060964,0.0142,990.7
4985.799160480499,-0.006170100000000012,0.0142061100527172,0.0142,990.7
4985.899081945419,-0.007665399999999989,0.013443262310054653,0.0142,990.7
4985.9991500377655,-0.009072499999999997,0.012527451303385569,0.0142,990.7
4986.099131345749,-0.010367799999999996,0.011459913183337968,0.0142,990.7
4986.199255228043,-0.011460299999999979,0.010347912855102736,0.0142,990.7
4986.299217700958,-0.012507900000000002,0.009036349780035341,0.0142,990.7
4986.399047613144,-0.013398800000000002,0.007613345065261179,0.0142,990.7
4986.499054431915,-0.014137199999999989,0.006105809089316697,0.0142,990.7
4986.599044084549,-0.014660500000000007,0.00463722462165574,0.0142,990.7
4986.69903755188,-0.015070899999999984,0.0030092442749055127,0.0142,990.7
4986.799047231674,-0.015070899999999984,0.0030092442749055127,0.0142,990.7
4986.899048566818,-0.015272099999999997,0.0014631480497180847,0.0142,990.7
4986.9991154670715,-0.015324999999999978,-9.48914904562656e-05,0.0142,990.7
4987.099101781845,-0.015187999999999993,-0.001887876230959977,0.0142,990.7
4987.199186563492,-0.014901499999999998,-0.003419144789695329,0.0142,990.7
4987.299042701721,-0.014557600000000004,-0.004632347875910575,0.0142,990.7
4987.399134874344,-0.01399439999999999,-0.006085909047599022,0.0142,990.7
4987.499188899994,-0.013224,-0.007577618418321233,0.0142,990.7
4987.599509716034,-0.012301199999999998,-0.008979656295840924,0.0142,990.7
4987.699330091476,-0.011222899999999994,-0.01026656487293861,0.0142,990.7
4987.7992079257965,-0.010110900000000006,-0.011359344379516766,0.0142,990.7
4987.899220466614,-0.010110900000000006,-0.011359344379516766,0.0142,990.7
4987.9992027282715,-0.008783199999999991,-0.012387106890862136,0.0142,990.7
4988.0992550849915,-0.0073619999999999935,-0.013281049936266724,0.0142,990.7
4988.1991600990295,-0.005843399999999999,-0.013996886145894304,0.0142,990.7
4988.299221038818,-0.004375699999999996,-0.014522476575237801,0.0142,990.7
4988.399200201035,-0.002860599999999991,-0.0148891809904615,0.0142,990.7
4988.499205112457,-0.001076699999999986,-0.015119928665106315,0.0142,990.7
4988.599060535431,0.0006017000000000106,-0.01514548428708603,0.0142,990.7
4988.699063062668,0.0020353000000000038,-0.015020136896105853,0.0142,990.7
4988.799154758453,0.0038015999999999883,-0.014682263713367748,0.0142,990.7
4988.899213075638,0.005288700000000007,-0.014214140119475048,0.0142,990.7
4988.999449253082,0.0068342000000000125,-0.01355820146421681,0.0142,990.7
4989.099225521088,0.008188799999999982,-0.012786113778597556,0.0142,990.7
4989.199216365814,0.008188799999999982,-0.012786113778597556,0.0142,990.7
4989.299040555954,0.009558500000000011,-0.011815406052493725,0.0142,990.7
4989.39915060997,0.0108095,-0.010696149008757018,0.0142,990.7
4989.4991543293,0.01185470000000001,-0.00954458949250863,0.0142,990.7
4989.599084615707,0.012059999999999987,-0.009301800688116812,0.0142,990.7
4989.699123382568,0.012059999999999987,-0.009301800688116812,0.0142,0.0
4989.799156904221,0.008751099999999998,-0.008512336011198107,0.0142,0.0
4990.299067974091,-0.010821999999999998,-0.00384178644546148,0.0142,0.0
4990.39914894104,-0.010821999999999998,-0.00384178644546148,0.0142,990.7
4990.499153375626,-0.011100799999999994,-0.002961022865671757,0.0142,990.7
4990.599226236343,-0.01142689999999999,-0.0014375416785761402,0.0142,990.7
4990.699057817459,-0.011544999999999972,0.00023654907719906915,0.0142,990.7
4990.799038648605,-0.011405099999999974,0.001908796002616571,0.0142,990.7
4990.899075746536,-0.011064699999999997,0.0034290223703751024,0.0142,990.7
4990.999090671539,-0.010482499999999992,0.005002595071491381,0.0142,990.7
4991.099102735519,-0.00973969999999999,0.006372840341468788,0.0142,990.7
4991.199061870575,-0.008648900000000001,0.007801572176836108,0.0142,990.7
4991.299059152603,-0.007542800000000002,0.008898234973649735,0.0142,990.7
4991.399203538895,-0.007542800000000002,0.008898234973649735,0.0142,990.7
4991.499134063721,-0.0062025,0.00990767778734809,0.0142,990.7
4991.599089622498,-0.0048335999999999935,0.010653267144640113,0.0142,990.7
4991.69916343689,-0.0031443000000000026,0.011267900596287711,0.0142,990.7
4991.799125671387,-0.0017391999999999963,0.011574511827621797,0.0142,990.7
4991.899042606354,-6.720000000000337e-05,0.011720491029238486,0.0142,990.7
4991.9991936683655,0.0016065000000000107,0.011596596209575344,0.0142,990.7
4992.099212646484,0.0033606000000000052,0.011205747161351452,0.0142,990.7
4992.199095010757,0.00407600000000001,0.010967135091475587,0.0142,990.7
4992.299159526825,0.005374900000000002,0.010378567126777143,0.0142,990.7
4992.3992528915405,0.006798100000000001,0.009490155572445428,0.0142,990.7
4992.499329566956,0.007996599999999993,0.008494402089331294,0.0142,990.7
4992.599144220352,0.007996599999999993,0.008494402089331294,0.0142,990.7
4992.699073553085,0.009121199999999996,0.007248484480395091,0.0142,990.7
4992.799048423767,0.009983900000000004,0.005845622502456686,0.0142,990.7
4992.899121046066,0.010715600000000006,0.0044408188794006,0.0142,990.7
4992.999258756638,0.011233500000000007,0.002844749746121516,0.0142,990.7
4993.099210977554,0.011487500000000012,0.0013069507575431683,0.0142,990.7
4993.199192762375,0.011514700000000003,-0.0004901336938850573,0.0142,990.7
4993.299190044403,0.011324200000000006,-0.0020362091279038028,0.0142,990.7
4993.39913725853,0.010893999999999987,-0.0036581689097805736,0.0142,990.7
4993.499181032181,0.010272299999999984,-0.0050875084248774086,0.0142,990.7
4993.599106550217,0.009396200000000007,-0.006518552373234281,0.0142,990.7
4993.699053764343,0.009396200000000007,-0.006518552373234281,0.0142,990.7
4993.799199104309,0.008251500000000009,-0.007904742854362982,0.0142,990.7
4993.899443626404,0.007182800000000003,-0.008868920150623821,0.0142,990.7
4993.999248504639,0.005790900000000002,-0.009806403489037156,0.0142,990.7
4994.099076986313,0.004303200000000007,-0.010530439120513747,0.0142,990.7
4994.1991374492645,0.0036962999999999996,-0.010767402989552345,0.0142,990.7
4994.299124002457,0.001955599999999988,-0.011195359715702263,0.0142,990.7
4994.399318933487,0.00040629999999999833,-0.011357500549159176,0.0142,990.7
4994.4991500377655,-0.0011511999999999911,-0.01131405807091053,0.0142,990.7
4994.5991995334625,-0.00280409999999999,-0.011023706286176833,0.0142,990.7
4994.699171304703,-0.004395799999999991,-0.01049250734216916,0.0142,990.7
4994.799155473709,-0.005898799999999996,-0.009746897193708422,0.0142,990.7
4994.899217844009,-0.005898799999999996,-0.009746897193708422,0.0142,990.7
4994.999098062515,-0.0071864999999999984,-0.0088685081004145,0.0142,990.7
4995.099139690399,-0.008412799999999998,-0.00772318556972864,0.0142,990.7
4995.19916343689,-0.009466100000000005,-0.006417761665463637,0.0142,990.7
4995.299067258835,-0.010330599999999995,-0.004979852260645921,0.0142,990.7
4995.39905500412,-0.010820799999999978,-0.0038448456352783225,0.0142,990.7
4995.499130010605,-0.010821999999999998,-0.00384178644546148,0.0142,990.7
4995.599123954773,-0.010768899999999998,-0.0038374703138479363,0.0142,0.0
4995.699119567871,-0.004360000000000003,-0.0033116842549841194,0.0142,0.0
4996.19918346405,0.01348400000000001,-0.001847807177977362,0.0142,0.0
4996.2991354465485,0.013508699999999998,-0.0016244140335941668,0.0142,990.7
4996.399156332016,0.013628399999999985,2.7473734298504027e-05,0.0142,990.7
4996.49946975708,0.013551499999999994,0.0015842001002534627,0.0142,990.7
4996.599170923233,0.013282499999999975,0.003241109494249394,0.0142,990.7
4996.6992354393005,0.012799699999999997,0.004849044918923948,0.0142,990.7
4996.799128770828,0.012126600000000001,0.006386334042532842,0.0142,990.7
4996.899042129517,0.011275099999999996,0.007833050548929195,0.0142,990.7
4996.999048233032,0.010321499999999983,0.009066298557220066,0.0142,990.7
4997.09904551506,0.009241800000000022,0.010190360806370993,0.0142,990.7
4997.199124574661,0.0079399,0.011250425790228114,0.0142,990.7
4997.2992560863495,0.0079399,0.011250425790228114,0.0142,990.7
4997.399161338806,0.006516000000000008,0.012138641715039589,0.0142,990.7
4997.49977350235,0.005110099999999992,0.012812173782286312,0.0142,990.7
4997.599203109741,0.003400300000000009,0.01337086999339148,0.0142,990.7
4997.699199914932,0.0018706999999999752,0.013670008088535038,0.0142,990.7
4997.799165725708,0.0003171999999999897,0.013801257438459835,0.0142,990.7
4997.899049282074,-0.00136,0.013728592468685012,0.0142,990.7
4997.999313592911,-0.003016799999999986,0.013461659031293025,0.0142,990.7
4998.099156856537,-0.004515200000000011,0.013031446424576255,0.0142,990.7
4998.199159860611,-0.006059800000000004,0.01237480227482824,0.0142,990.7
4998.29919219017,-0.007515799999999989,0.011540169895232169,0.0142,990.7
4998.399072170258,-0.008764099999999983,0.010606255611605109,0.0142,990.7
4998.499019861221,-0.008764099999999983,0.010606255611605109,0.0142,990.7
4998.599136829376,-0.009979799999999983,0.009449458048564383,0.0142,990.7
4998.699125289917,-0.0110508,0.008156626721353328,0.0142,990.7
4998.799080610275,-0.011942399999999992,0.006734152662717336,0.0142,990.7
4998.899161577225,-0.012616099999999977,0.005328720568762872,0.0142,990.7
4998.999152421951,-0.013157199999999994,0.0037393774948470196,0.0142,990.7
4999.099069595337,-0.01348859999999999,0.002093922342037237,0.0142,990.7
4999.1992337703705,-0.013624999999999998,0.000541295687006775,0.0142,990.7
4999.299236297607,-0.013566899999999979,-0.0011365597530749727,0.0142,990.7
4999.399125576019,-0.013326099999999994,-0.002676398201531177,0.0142,990.7
4999.499171257019,-0.012990199999999993,-0.003944204562900677,0.0142,990.7
4999.599142074585,-0.012990199999999993,-0.003944204562900677,0.0142,990.7
4999.699157953262,-0.01241479999999999,-0.005449093399237673,0.0142,990.7
4999.799063444138,-0.011633500000000005,-0.006935075649366795,0.0142,990.7
4999.899170398712,-0.010742199999999993,-0.008213924201713095,0.0142,990.7
4999.999160051346,-0.009633100000000006,-0.009473747561922617,0.0142,990.7
5000.099154472351,-0.008465600000000004,-0.010506922958411914,0.0142,990.7
5000.199242591858,-0.007088299999999992,-0.011465862207880477,0.0142,990.7
5000.299116849899,-0.005607699999999993,-0.012257268529916897,0.0142,990.7
5000.399430513382,-0.004035000000000011,-0.012845110208956893,0.0142,990.7
5000.499083280563,-0.0025229999999999975,-0.01322266118563703,0.0142,990.7
5000.599139690399,-0.0008573000000000053,-0.013432637652547645,0.0142,990.7
5000.699187755585,0.000821200000000008,-0.013431226663568073,0.0142,990.7
5000.7991325855255,0.000821200000000008,-0.013431226663568073,0.0142,990.7
5000.899153709412,0.002487199999999995,-0.013229212406648753,0.0142,990.7
5000.999045848846,0.004001400000000016,-0.012858310465740423,0.0142,990.7
5001.0990669727325,0.005570900000000004,-0.01226391756568877,0.0142,990.7
5001.1991510391235,0.006959399999999991,-0.011552314843094734,0.0142,990.7
5001.29923415184,0.00843830000000001,-0.010531361035692514,0.0142,990.7
5001.399134397507,0.009604399999999999,-0.009497068094504207,0.0142,990.7
5001.499055147171,0.010647699999999982,-0.008338859542483944,0.0142,990.7
5001.5990443229675,0.011608099999999996,-0.0069623772869439535,0.0142,990.7
5001.699027776718,0.012353599999999978,-0.005593445191185889,0.0142,990.7
5001.799361944199,0.012964600000000007,-0.004029678530418475,0.0142,990.7
5001.899151325226,0.012964600000000007,-0.004029678530418475,0.0142,990.7
5001.999155282974,0.013402399999999981,-0.0022858841799252225,0.0142,990.7
5002.099053144455,0.01348400000000001,-0.001847807177977362,0.0142,990.7
5002.199148178101,0.01348400000000001,-0.001847807177977362,0.0142,0.0
5002.299172639847,0.0132134,0.0005157608561957676,0.0142,0.0
5002.499097108841,0.012910000000000005,0.0031671875826778384,0.0142,0.0
5002.59916472435,0.012910000000000005,0.0031671875826778384,0.0142,990.7
5002.699329853058,0.0130889,0.002140053542230829,0.0142,990.7
5002.799203872681,0.013231300000000001,0.0005886422466595889,0.0142,990.7
5002.899156332016,0.013183,-0.0010887033284526088,0.0142,990.7
5002.999171257019,0.012945700000000004,-0.0026292680625672957,0.0142,990.7
5003.099152803421,0.012490500000000002,-0.004245284303162004,0.0142,990.7
5003.199191570282,0.012490500000000002,-0.004245284303162004,0.0142,990.7
5003.299191474915,0.011827800000000013,-0.0057879092883233035,0.0142,990.7
5003.399183988571,0.011043500000000012,-0.007135246075928574,0.0142,990.7
5003.499169826508,0.009946199999999988,-0.00855966177968228,0.0142,990.7
5003.599143266678,0.008851200000000004,-0.009667995238371037,0.0142,990.7
5003.699196338654,0.007535400000000025,-0.010709035030091435,0.0142,990.7
5003.799168348312,0.006101399999999993,-0.01157669616785769,0.0142,990.7
5003.899064779282,0.005747000000000002,-0.011915903315983925,0.0142,990.7
5003.9991574287415,0.004621399999999984,-0.012264937295627741,0.0142,990.7
5004.0992023944855,0.003008700000000003,-0.012734709090357656,0.0142,990.7
5004.199171543121,0.0014715000000000006,-0.012998171287723521,0.0142,990.7
5004.299141407013,0.0014715000000000006,-0.012998171287723521,0.0142,990.7
5004.399150133133,-0.0003257000000000121,-0.013066149658012942,0.0142,990.7
5004.499138116837,-0.0017603000000000063,-0.012952668558428242,0.0142,990.7
5004.599190950394,-0.0034053,-0.012619579789935668,0.0142,990.7
5004.699154376984,-0.004995600000000003,-0.012084085505483094,0.0142,990.7
5004.799058675766,-0.006401199999999996,-0.011411985218384622,0.0142,990.7
5004.899139881134,-0.0078159,-0.010509667912779588,0.0142,990.7
5004.999148130417,-0.009107699999999996,-0.009438679343874566,0.0142,990.7
5005.099285840988,-0.010174799999999984,-0.008303044247608547,0.0142,990.7
5005.199207305908,-0.011237299999999992,-0.006852151006696353,0.0142,990.7
5005.299194812775,-0.0119818,-0.0054815915012696795,0.0142,990.7
5005.399158716202,-0.01256149999999999,-0.004034071685623392,0.0142,990.7
5005.499337673187,-0.01256149999999999,-0.004034071685623392,0.0142,990.7
5005.599152565002,-0.012986300000000006,-0.002410093235037554,0.0142,990.7
5005.699088335037,-0.013203499999999993,-0.0007460249403002661,0.0142,990.7
5005.799140691757,-0.013218899999999992,0.0008121124146342334,0.0142,990.7
5005.899149417877,-0.013032599999999991,0.0024796727405663917,0.0142,990.7
5005.999143123627,-0.012637800000000005,0.004110495856444379,0.0142,990.7
5006.099156856537,-0.012041799999999991,0.005679284143315044,0.0142,990.7
5006.199145078659,-0.011313299999999998,0.007057512414452481,0.0142,990.7
5006.2991008758545,-0.010359199999999999,0.008439114110855926,0.0142,990.7
5006.399114608765,-0.009224300000000005,0.009676538853662778,0.0142,990.7
5006.499161720276,-0.008041400000000004,0.010691925208643233,0.0142,990.7
5006.599192619324,-0.006748199999999996,0.011562254277185761,0.0142,990.7
5006.699096441269,-0.006748199999999996,0.011562254277185761,0.0142,990.7
5006.799127340317,-0.005250999999999992,0.012320415420362947,0.0142,990.7
5006.899086713791,-0.0036709999999999937,0.01288527159343925,0.0142,990.7
5006.999156951904,-0.002033000000000007,0.013248896027677336,0.0142,990.7
5007.099111795425,-0.0004819999999999963,0.013399484805188065,0.0142,990.7
5007.199202775955,0.001195699999999994,0.013358808072475765,0.0142,990.7
5007.2991778850555,0.0028559000000000223,0.01311007572680195,0.0142,990.7
5007.399091005325,0.004357300000000008,0.0126886702216637,0.0142,990.7
5007.499310016632,0.00572120000000001,0.012286681167702894,0.0142,990.7
5007.599148988724,0.005984500000000004,0.011983561967563741,0.0142,990.7
5007.699204444885,0.0073094000000000076,0.011211592887873378,0.0142,990.7
5007.799160957336,0.0073094000000000076,0.011211592887873378,0.0142,990.7
5007.899191856384,0.008644399999999997,0.010194656146815799,0.0142,990.7
5007.999166250229,0.009841600000000006,0.009019070603496097,0.0142,990.7
5008.099151611328,0.010883099999999993,0.007703526423433072,0.0142,990.7
5008.199165344238,0.01175169999999999,0.006267635687324493,0.0142,990.7
5008.299196481705,0.012434600000000004,0.004734229853951069,0.0142,990.7
5008.399120330811,0.012848499999999999,0.003380362636502869,0.0142,990.7
5008.499152183533,0.012910000000000005,0.0031671875826778384,0.0142,990.7
5008.599459171295,0.012910000000000005,0.0031671875826778384,0.0142,0.0
5008.699061393738,0.012910000000000005,0.0031679755234095414,0.0142,0.0
5013.399103164573,0.015825000000000006,0.00965800000000002,0.0142,0.0
