4772.857565204042,0.011643,0.0051065447015784,0.05254,0.0
4772.9580946363385,0.011643,0.0051050456870734,0.05254,0.0
4773.058664361375,0.011643,0.0051036231856988,0.05254,0.0
4773.159246245759,0.0116429999999999,0.0051019258675105,0.05254,0.0
4773.259809056657,0.0116429999999999,0.0051002726135677,0.05254,0.0
4773.360367814439,0.011643,0.0050988298400059,0.05254,0.0
4773.460919896501,0.011643,0.0050972218852848,0.05254,0.0
4773.561490575212,0.011643,0.0050955175283211,0.05254,0.0
4773.661995927232,0.0116429999999999,0.0050939643971544,0.05254,0.0
4773.762567321199,0.011643,0.0050924865660023,0.05254,0.0
4773.86313633098,0.011643,0.0050906637031184,0.05254,0.0
4773.9578862585,0.0116429999999999,0.0050889157418768,0.05254,0.0
4774.058409491914,0.011643,0.0050877095308248,0.05254,0.0
4774.158997098344,0.0116429999999999,0.0050861594057098,0.05254,0.0
4774.259584704774,0.0116429999999999,0.0050844265576364,0.05254,0.0
4774.360145846742,0.011643,0.005082918845004,0.05254,0.0
4774.460682908433,0.0116429999999999,0.0050814899844728,0.05254,0.0
4774.561246911424,0.0116429999999999,0.0050798815305673,0.05254,0.0
4774.661788503068,0.0116429999999999,0.0050782431400759,0.05254,0.0
4774.762351552385,0.011643,0.0050767157918094,0.05254,0.0
4774.862907449144,0.011643,0.0050750276929823,0.05254,0.0
4774.963472644227,0.011643,0.0050734363445172,0.05254,0.0
4775.064061204332,0.011643,0.0050720186189419,0.05254,0.0
4775.16462568416,0.0116429999999999,0.0050716138368626,0.05254,0.0
4775.265188256639,0.011643,0.0050715625521379,0.05254,0.0
4775.365748921769,0.0116016294077095,0.0048852436077355,0.05254,0.0
4775.45888809337,0.0114970673331944,0.0044137497647481,0.05254,0.0
4775.559464970964,0.0113505056658663,0.0037529111240472,0.05254,0.0
4775.660033980745,0.011201791664607,0.0030825044056362,0.05254,0.0
4775.76059726848,0.0110560171586157,0.0024253964378337,0.05254,0.0
4775.861107150453,0.0109118005926274,0.0017753870889243,0.05254,0.0
4775.961632768052,0.0107624022991197,0.001101895648451,0.05254,0.0
4776.062189856904,0.0106119189819269,0.0004231456924545,0.05254,0.0
4776.162781278032,0.0104695411123203,-0.0002185834116496,0.05254,0.0
4776.263288060563,0.0103178314719985,-0.0009024945515433,0.05254,0.0
4776.36384944095,0.0102343669289146,-0.0012789924468472,0.05254,0.0
4776.46436981334,0.0102199999999999,-0.0013438051612186,0.05254,0.0
4776.564926186937,0.0100015446831559,-0.0011957635275051,0.05254,900.0
4776.665661374467,0.0091395575893672,-0.0006566169806029,0.05254,900.0
4776.766224900621,0.0078352699714787,6.294023866475901e-05,0.05254,900.0
4776.856748620408,0.0065829418539881,0.0006329852653714,0.05254,900.0
4776.957336226838,0.0051727405200962,0.0011406136617272,0.05254,900.0
4777.058074752229,0.0037276014839154,0.0015199786476811,0.05254,900.0
4777.17107562198,0.0020388660306898,0.0018058012843101,0.05254,900.0
4777.261551181215,0.0006977341175129,0.0019164176236976,0.05254,900.0
4777.362120429414,-0.0007975373073543,0.0019080132096616,0.05254,900.0
4777.462687055009,-0.0023073738726294,0.0017688248712378,0.05254,900.0
4777.563259879487,-0.0037862115144188,0.0015015121186213,0.05254,900.0
4777.6638536848,-0.0052175192007465,0.0011214248534582,0.05254,900.0
4777.764438668626,-0.0066191503435496,0.0006148936130122,0.05254,900.0
4777.8650288976605,-0.0080245988237068,-3.21223748085582e-05,0.05254,900.0
4777.965644399064,-0.009360344501664,-0.0007957252634584,0.05254,900.0
4778.0662036336835,-0.010578955516891,-0.0016343279435142,0.05254,900.0
4778.16677168979,-0.0117348812576768,-0.0025869825881027,0.05254,900.0
4778.25728491916,-0.0127297171892241,-0.003535908903419,0.05254,900.0
4778.3578491605695,-0.0137081594900077,-0.004663539243887,0.05254,900.0
4778.459485570329,-0.0146055629529295,-0.0058940003034372,0.05254,900.0
4778.560030499833,-0.0154127280657977,-0.0072359535984033,0.05254,900.0
4778.661999503511,-0.0160692828643156,-0.0085862947025122,0.05254,900.0
4778.762553492921,-0.0166097761448964,-0.0099865860047427,0.05254,900.0
4778.863105098146,-0.0169903632729558,-0.011270596164726,0.05254,900.0
4778.963671008485,-0.0172596436348767,-0.0124912124642982,0.05254,900.0
4779.064233342546,-0.0174446699687751,-0.0138451518703325,0.05254,900.0
4779.164802590745,-0.0175380872648938,-0.0153577523858195,0.05254,900.0
4779.265374699968,-0.0174964088902952,-0.0168958842195599,0.05254,900.0
4779.3659527696545,-0.0173367363334996,-0.0183303537122973,0.05254,900.0
4779.466520110505,-0.0170953230154867,-0.0195952305073313,0.05254,900.0
4779.557041684526,-0.0167958157176889,-0.020731492878351,0.05254,900.0
4779.657604018586,-0.0162944669324725,-0.0221487784295497,0.05254,900.0
4779.758192101854,-0.0156940550969917,-0.0234848434413417,0.05254,900.0
4779.85875348224,-0.014950110624648,-0.0248059420077462,0.05254,900.0
4779.960419217485,-0.0140926216548452,-0.0260690643282894,0.05254,900.0
4780.060996571916,-0.0131636618176181,-0.0272243135122985,0.05254,900.0
4780.166381636995,-0.0120765232094538,-0.0283490804755944,0.05254,900.0
4780.256891290086,-0.0110453980715203,-0.0292543820606071,0.05254,900.0
4780.357446710008,-0.0098203970568419,-0.0301653831650916,0.05254,900.0
4780.458017627137,-0.0085588216134729,-0.0309514340841368,0.05254,900.0
4780.558665315049,-0.0072278192029846,-0.0316261027255264,0.05254,900.0
4780.659274379152,-0.0057640442753514,-0.0322115576500378,0.05254,900.0
4780.759787598985,-0.0044031899549808,-0.0326250281694853,0.05254,900.0
4780.86035088672,-0.0028615586810109,-0.0329470358326998,0.05254,900.0
4780.960924903291,-0.0013681348095783,-0.0331225696954575,0.05254,900.0
4781.0614912904675,7.612992843571142e-05,-0.0331730080324823,0.05254,900.0
4781.162089387315,0.0016209675701253,-0.0330944544419388,0.05254,900.0
4781.262650767701,0.0031452723564253,-0.0328852493402424,0.05254,900.0
4781.363407889741,0.0046136066692469,-0.0325518719588618,0.05254,900.0
4781.463959971803,0.0060439851505496,-0.0320962246587731,0.05254,900.0
4781.564532081025,0.0074308699364153,-0.0315231592776582,0.05254,900.0
4781.665096560853,0.0087642842798189,-0.0308267234814439,0.05254,900.0
4781.765668908494,0.010044231578101,-0.0300216425913328,0.05254,900.0
4781.866236726182,0.0112300812751277,-0.0291223004499827,0.05254,900.0
4781.956760922807,0.0122345040362636,-0.0282137661103536,0.05254,900.0
4782.065881053346,0.0133298322256186,-0.0270469096058824,0.05254,900.0
4782.166453400987,0.0142509505728109,-0.0258626767005001,0.05254,900.0
4782.256963054078,0.01503054874928,-0.0246760010796075,0.05254,900.0
4782.357523242372,0.0155914242424633,-0.0236933230892925,0.05254,900.0
4782.458117047685,0.0160843348827902,-0.02263333472813,0.05254,900.0
4782.558688918489,0.0166227734735895,-0.0212283720686925,0.05254,900.0
4782.65927461757,0.017042447374862,-0.0197672166338951,0.05254,900.0
4782.759874144929,0.0173290179327882,-0.0183913344245241,0.05254,900.0
4782.860446254152,0.0174699261595027,-0.0172560732434061,0.05254,900.0
4782.961006680864,0.0175428641493379,-0.0159716535063899,0.05254,900.0
4783.061561862367,0.0175185253797978,-0.0144461608777674,0.05254,900.0
4783.16214231624,0.0174212904068287,-0.0134687635366616,0.05254,900.0
4783.267002383607,0.0171761337608612,-0.0120136083960987,0.05254,900.0
4783.357510606187,0.0168392343410103,-0.0107040077521523,0.05254,900.0
4783.458107987779,0.0163375291398979,-0.0092524543761936,0.05254,900.0
4783.558674851793,0.0158430936761639,-0.0080905348065418,0.05254,900.0
4783.659237185853,0.0152863188834913,-0.0070234661237954,0.05254,900.0
4783.759794989961,0.0145649529699331,-0.0058535420379405,0.05254,900.0
4783.8603721059735,0.0136928246653226,-0.0046631883219403,0.05254,900.0
4783.96095184459,0.0126923042029136,-0.0035124854092521,0.05254,900.0
4784.0615003503735,0.0116220248912063,-0.0024827265248895,0.05254,900.0
4784.162466565507,0.0105281223878485,-0.0015770214693259,0.05254,900.0
4784.263041058915,0.0102293689749574,-0.0013508964919252,0.05254,900.0
4784.363620082277,0.0102199999999999,-0.0013438051612186,0.05254,900.0
4784.464182893174,0.0099886603061977,-0.0027837278546799,0.05254,900.0
4784.564745704072,0.0089764411534545,-0.0090855816059543,0.05254,900.0
4784.665323773759,0.0085624459212581,-0.0116631178809728,0.05254,900.0
4784.765896598237,0.0085269999999999,-0.011883831159762,0.05254,900.0
4784.866467515367,0.0085535401296761,-0.0119480593341271,0.05254,900.0
4784.957000771898,0.0087351177237002,-0.0124746756390065,0.05254,900.0
4785.058560887712,0.0091184891445255,-0.0138745147738039,0.05254,900.0
4785.159144441026,0.0092833462996378,-0.0154048255149012,0.05254,900.0
4785.25971130504,0.0092041035048037,-0.0169691527419946,0.05254,900.0
4785.358376304048,0.0088886874875176,-0.0183981185235771,0.05254,900.0
4785.458903352159,0.0083566744162132,-0.0197240109436718,0.05254,900.0
4785.559470931428,0.0075348112248537,-0.0210764400493163,0.05254,900.0
4785.660034696,0.0065408877830418,-0.0222188324188444,0.05254,900.0
4785.760602036851,0.0053932079390265,-0.0231810830466797,0.05254,900.0
4785.861172715562,0.004105384230848,-0.0239447008005359,0.05254,900.0
4785.961718837159,0.0027182111389198,-0.0245014336107704,0.05254,900.0
4786.062293330568,0.001257112253486,-0.0248206427752999,0.05254,900.0
4786.162858287233,-0.0002288311252665,-0.0249099154129572,0.05254,900.0
4786.263380090135,-0.0016998071462824,-0.024758556604037,0.05254,900.0
4786.363934556382,-0.0031621602577764,-0.024369055468866,0.05254,900.0
4786.464486876863,-0.0045052427500486,-0.0237627582187106,0.05254,900.0
4786.566031733888,-0.0057759321397643,-0.0229371599180923,0.05254,900.0
4786.666587869066,-0.0068583813125297,-0.0219184371315409,0.05254,900.0
4786.7570989526685,-0.0077111169504548,-0.0207969837226901,0.05254,900.0
4786.857660809892,-0.0084445560715868,-0.0194870577366006,0.05254,900.0
4786.958215991395,-0.0089539627439657,-0.0180620270887742,0.05254,900.0
4787.058773795503,-0.0092277487327423,-0.0165851948119957,0.05254,900.0
4787.159361163514,-0.009265749760013,-0.0150932347975797,0.05254,900.0
4787.2606912054,-0.0090506124296095,-0.0135842459962026,0.05254,900.0
4787.361221591371,-0.0086028145551312,-0.0121426378500882,0.05254,900.0
4787.462465564149,-0.0079359546897561,-0.0108022346732571,0.05254,900.0
4787.563023845094,-0.007051925726715,-0.0095724798740888,0.05254,900.0
4787.663576165574,-0.00601480746592,-0.0085311798024348,0.05254,900.0
4787.764132300752,-0.0047915781284735,-0.007641503414643,0.05254,900.0
4787.864684859651,-0.003453385137181,-0.0069896682331396,0.05254,900.0
4787.972295323747,-0.0018573039271762,-0.0065156833424324,0.05254,900.0
4788.062785426515,-0.0005343361500939,-0.0063609193340976,0.05254,900.0
4788.163284102815,0.0009831893130624,-0.0064057058060049,0.05254,900.0
4788.263801852601,0.0024252457584289,-0.0066639116002237,0.05254,900.0
4788.364378253358,0.0037934123169189,-0.0071637903369738,0.05254,900.0
4788.465003291505,0.0051318097723316,-0.0079018621277094,0.05254,900.0
4788.5655556119855,0.0063486040594087,-0.0088571782780529,0.05254,900.0
4788.6661341585095,0.0073692482100339,-0.0099801309620612,0.05254,900.0
4788.766722718614,0.008157898331986,-0.0111512302950716,0.05254,900.0
4788.866467515367,0.0085269999999999,-0.011883831159762,0.05254,900.0
4788.967039147752,0.008664842874864,-0.0119438782534583,0.05254,900.0
4789.067613879579,0.0133217117103024,-0.0139712534180172,0.05254,900.0
4789.168184319871,0.0155229530001618,-0.0149295211213182,0.05254,900.0
4789.26874522342,0.0158429999999999,-0.0150688313167477,0.05254,900.0
4789.369313994783,0.0158183591017602,-0.0146728042648195,0.05254,900.0
4789.469873706239,0.0156913068638993,-0.0135231787438812,0.05254,900.0
4789.570432940858,0.0154212342607609,-0.011998428170801,0.05254,900.0
4789.67094473018,0.015042027703971,-0.0106360681954694,0.05254,900.0
4789.771509210008,0.0145822003230491,-0.0094141538495442,0.05254,900.0
4789.875453750032,0.0141277195698699,-0.0084313955870677,0.05254,900.0
4789.9659688867505,0.013455134308497,-0.0071696234155217,0.05254,900.0
4790.066535035508,0.012561956800597,-0.0059530945702612,0.05254,900.0
4790.167097846406,0.0115685046955375,-0.0048095967303874,0.05254,900.0
4790.267675677675,0.0104964371402442,-0.0037617341834005,0.05254,900.0
4790.36824230327,0.0093196263040827,-0.0028223304300416,0.05254,900.0
4790.468812505143,0.0080579461468817,-0.0019936786149827,0.05254,900.0
4790.569381753343,0.006740005238383,-0.0012913904806238,0.05254,900.0
4790.6699605382855,0.0053641364775323,-0.0007242627964898,0.05254,900.0
4790.770533601182,0.0039308349524338,-0.0002772853435584,0.05254,900.0
4790.871096888917,0.0024583265262884,2.5600650735830427e-05,0.05254,900.0
4790.971665183442,0.000902923224649,0.0002022329280621,0.05254,900.0
4791.072440663713,-0.0005876731170746,0.0002213011543127,0.05254,900.0
4791.173015633958,-0.0021136314000714,8.339152571235423e-05,0.05254,900.0
4791.284568110841,-0.003738788708134,-0.0002245147115231,0.05254,900.0
4791.3750777639325,-0.0050440928361919,-0.0006079877433861,0.05254,900.0
4791.475648442643,-0.0064165886952124,-0.0011421345892318,0.05254,900.0
4791.566162387269,-0.0076294314565614,-0.0017499975596402,0.05254,900.0
4791.666737834352,-0.0089356192109884,-0.0025515044875833,0.05254,900.0
4791.767277757066,-0.0101377040673515,-0.0034570289594665,0.05254,900.0
4791.867822448152,-0.0112306179538894,-0.0044532610567452,0.05254,900.0
4791.968377391237,-0.0122496188798453,-0.0055787724407727,0.05254,900.0
4792.068945208925,-0.0131639134562938,-0.0068039449868519,0.05254,900.0
4792.175225297349,-0.0139760058044648,-0.0081459342848648,0.05254,900.0
4792.265736380952,-0.0145433401596024,-0.0093189311040369,0.05254,900.0
4792.366268435853,-0.0150784299230423,-0.0107689717723386,0.05254,900.0
4792.466836968797,-0.0154793499817313,-0.0122567386947015,0.05254,900.0
4792.566144029039,-0.0156891533774731,-0.0133647679359106,0.05254,900.0
4792.66671637668,-0.0157942209906869,-0.014324543779032,0.05254,900.0
4792.767291346925,-0.0158356970632973,-0.0155608610832593,0.05254,900.0
4792.867851058381,-0.0158102795243993,-0.0167938464039457,0.05254,900.0
4792.968353787797,-0.0156762034322631,-0.0179102406163039,0.05254,900.0
4793.068889895814,-0.0153750217862966,-0.0194351399710528,0.05254,900.0
4793.169471780198,-0.0149554096769341,-0.0208759229560697,0.05254,900.0
4793.270012656587,-0.0144182030326947,-0.0222128727286238,0.05254,900.0
4793.37273577823,-0.0136843390936769,-0.0236339806870981,0.05254,900.0
4793.47331504001,-0.0128578670425422,-0.0249042483109063,0.05254,900.0
4793.573922196763,-0.0119394304127742,-0.0260528571081232,0.05254,900.0
4793.674510995286,-0.0108831430533482,-0.0271467028089176,0.05254,900.0
4793.776039401429,-0.0097436677865629,-0.0281222304992033,0.05254,900.0
4793.8665872014935,-0.0086521662317944,-0.0288923931781764,0.05254,900.0
4793.967166463273,-0.0073465163637425,-0.0296590658743861,0.05254,900.0
4794.0677392877515,-0.0059734132730397,-0.0303012625680133,0.05254,900.0
4794.168314973253,-0.0045587618676313,-0.0307968976493209,0.05254,900.0
4794.268891374009,-0.0030841014075005,-0.0311776138574028,0.05254,900.0
4794.369450131791,-0.0016397642285132,-0.0314087074698006,0.05254,900.0
4794.470014850038,-0.0001255064357281,-0.0314872458157589,0.05254,900.0
4794.570588866609,0.0013813549252489,-0.0314256491169832,0.05254,900.0
4794.671145955461,0.00287877568876,-0.0312147390407782,0.05254,900.0
4794.77171854152,0.0044118195361894,-0.0308481883869136,0.05254,900.0
4794.8722541727,0.0058573132414399,-0.030348937103949,0.05254,900.0
4794.972831527131,0.0072070591957186,-0.0297361661649168,0.05254,900.0
4795.073408404725,0.0084962380580722,-0.028994927412686,0.05254,900.0
4795.173989573854,0.0097196407248744,-0.0281370635656555,0.05254,900.0
4795.274562398332,0.0108749130829038,-0.0271372068545092,0.05254,900.0
4795.3751349843915,0.0119489499101269,-0.026030776671006,0.05254,900.0
4795.465654651063,0.0127815709166548,-0.0250004114817908,0.05254,900.0
4795.566247502702,0.0135754264290588,-0.0238037826183729,0.05254,900.0
4795.666828910249,0.0142883213127164,-0.0224012477380519,0.05254,900.0
4795.767398635286,0.0149086501621418,-0.0209987476062796,0.05254,900.0
4795.8679721750195,0.0153413113280961,-0.0195980482184006,0.05254,900.0
4795.969672957795,0.0155934423040306,-0.0184634668266858,0.05254,900.0
4796.0702469743665,0.0157713678478863,-0.0171478368508905,0.05254,900.0
4796.170806447404,0.0158357390158987,-0.0157472957620719,0.05254,900.0
4796.2701273359235,0.0158436767298877,-0.0150870148278767,0.05254,900.0
4796.370688001054,0.0158429999999999,-0.0150688313167477,0.05254,900.0
4796.471240798372,0.0146391834649439,-0.0142605557456414,0.05254,900.0
4796.571810523408,0.0117852106533698,-0.0123443191151769,0.05254,900.0
4796.672389069932,0.010085,-0.0112027489327333,0.05254,900.0
4796.772940436738,0.0100852323514604,-0.0112033193335903,0.05254,900.0
4796.8735013402875,0.0101150628304979,-0.0112848539077788,0.05254,900.0
4796.9740736879285,0.010537184302575,-0.0124492198736588,0.05254,900.0
4797.074643889802,0.0108755102670405,-0.0139670218534637,0.05254,900.0
4797.17521003856,0.0109991263881168,-0.0153899371270541,0.05254,900.0
4797.265729705232,0.0109279867747691,-0.0167327061699021,0.05254,900.0
4797.366307059663,0.0106621602814498,-0.0182443076157847,0.05254,900.0
4797.466873208421,0.0101963219701394,-0.0197077559410337,0.05254,900.0
4797.56755165233,0.0095561679716961,-0.0210561437424842,0.05254,900.0
4797.668123999971,0.0087411552128389,-0.0222854066034971,0.05254,900.0
4797.766695300477,0.0077470841124574,-0.0234316893615405,0.05254,900.0
4797.868464032548,0.006598935143819,-0.0244298045990718,0.05254,900.0
4797.96902279033,0.0053702587173004,-0.0252322506908497,0.05254,900.0
4798.0695903696,0.0040098035990504,-0.0258778568628856,0.05254,900.0
4798.170137444871,0.0025384276413011,-0.0263351609604969,0.05254,900.0
4798.270700732606,0.0010774935991162,-0.0265716630176853,0.05254,900.0
4798.371263305085,-0.000415525067229,-0.0266071692961469,0.05254,900.0
4798.4733276761945,-0.0019173315724502,-0.0264483336729169,0.05254,900.0
4798.573886910814,-0.0033650651222173,-0.0260824221102498,0.05254,900.0
4798.674465457338,-0.0047492970544848,-0.0255328136008842,0.05254,900.0
4798.775018254655,-0.0060491669857147,-0.0247875240114707,0.05254,900.0
4798.875576058763,-0.0072573174551168,-0.02388140646412,0.05254,900.0
4798.966077605623,-0.0082251209100412,-0.0229200542128071,0.05254,900.0
4799.066597978013,-0.0091926093233141,-0.021666716670857,0.05254,900.0
4799.167151967424,-0.0099022302555318,-0.0204525329038477,0.05254,900.0
4799.267709056276,-0.0104828575134934,-0.0189573019450865,0.05254,900.0
4799.368356505769,-0.0108377160611951,-0.0175075582076912,0.05254,900.0
4799.468903819459,-0.0109818377104413,-0.0160159405822261,0.05254,900.0
4799.569298783677,-0.0109359621164304,-0.0145336097245759,0.05254,900.0
4799.669866839784,-0.0106844385392218,-0.0130883751811395,0.05254,900.0
4799.770472566026,-0.0102285113826756,-0.0116278793304744,0.05254,900.0
4799.871035376924,-0.0095858457642293,-0.0102591863669075,0.05254,900.0
4799.971581975358,-0.0087907781117684,-0.0090497902301748,0.05254,900.0
4800.07213238849,-0.0078257623832099,-0.0079147841416504,0.05254,900.0
4800.172710935014,-0.0066880590531749,-0.0069055153407957,0.05254,900.0
4800.273261824983,-0.005386094030876,-0.0060384036297471,0.05254,900.0
4800.373822251695,-0.0040077183233271,-0.0053778121774626,0.05254,900.0
4800.475674430269,-0.0026338075206513,-0.004934697713568,0.05254,900.0
4800.566193620103,-0.0012412563577611,-0.0047112280507337,0.05254,900.0
4800.666750708955,0.0002801027152384,-0.0046434045760818,0.05254,900.0
4800.767316380876,0.0017283976511798,-0.0047765197241553,0.05254,900.0
4800.8678605951245,0.0032074818363578,-0.0051315705725076,0.05254,900.0
4800.968402425187,0.0046247375396706,-0.0056679074099017,0.05254,900.0
4801.069338122743,0.0059329351738405,-0.0063897477007315,0.05254,900.0
4801.169898549455,0.0071543413311407,-0.0072905062871992,0.05254,900.0
4801.270475903886,0.0082215939742779,-0.0083245359459208,0.05254,900.0
4801.371033231157,0.0091630670946085,-0.0095535127251466,0.05254,900.0
4801.47162536754,0.0098866448717602,-0.0107730201279222,0.05254,900.0
4801.572149793046,0.0100777480065463,-0.0111870377660647,0.05254,900.0
4801.672687093156,0.010085,-0.0112027489327334,0.05254,900.0
4801.773255387681,0.0095454178823567,-0.0098311947298222,0.05254,900.0
4801.8738253511365,0.0075865308571747,-0.0048517798748063,0.05254,900.0
4801.974406520265,0.0069872428228249,-0.0033282562511116,0.05254,900.0
4802.074975053209,0.00698,-0.0033097772966359,0.05254,900.0
4802.175543586152,0.0069240676193632,-0.0032793286842013,0.05254,900.0
4802.266753474611,0.0064353325818924,-0.003038851564929,0.05254,900.0
4802.36732439174,0.0051189859634421,-0.0024388061079609,0.05254,900.0
4802.4723301328595,0.0036377562884981,-0.0019645786429207,0.05254,900.0
4802.572858373063,0.002094319035846,-0.001635723359932,0.05254,900.0
4802.673431674379,0.0006343809781914,-0.001489486148746,0.05254,900.0
4802.773994246858,-0.0007993712367955,-0.0014920293720584,0.05254,900.0
4802.874545613664,-0.0023344949968853,-0.0016702324260151,0.05254,900.0
4802.9750473894055,-0.0038030243566532,-0.0020043792880424,0.05254,900.0
4803.069092551606,-0.0051109745826492,-0.0024436088620082,0.05254,900.0
4803.169647494691,-0.0064785323849556,-0.0030708189017911,0.05254,900.0
4803.27023033275,-0.0077899122018978,-0.0038317629436219,0.05254,900.0
4803.370762149232,-0.0089974319296806,-0.0047246593521077,0.05254,900.0
4803.471322575944,-0.0101034478375642,-0.0057423212400321,0.05254,900.0
4803.5719004072125,-0.0111042812615614,-0.0068741606435443,0.05254,900.0
4803.672464171785,-0.0119793103259087,-0.0081122942790451,0.05254,900.0
4803.772980014222,-0.0127418564476137,-0.0094786876901943,0.05254,900.0
4803.873533288377,-0.0133325330351012,-0.0108726753235203,0.05254,900.0
4803.974095384019,-0.0137556466013623,-0.0122965486092117,0.05254,900.0
4804.074670592683,-0.0140181716835707,-0.0137354684653026,0.05254,900.0
4804.175237933534,-0.0141347553265716,-0.0152306469280464,0.05254,900.0
4804.265753308671,-0.0140958399438576,-0.0166016942718464,0.05254,900.0
4804.366325656312,-0.0139760035810818,-0.0178372043472273,0.05254,900.0
4804.4701285757,-0.0137060870272075,-0.0190864218508657,0.05254,900.0
4804.574022809404,-0.0132266216075955,-0.0205908804120278,0.05254,900.0
4804.674717942613,-0.0126281465608742,-0.0219854587368936,0.05254,900.0
4804.775291482347,-0.0119065876594078,-0.023259658273797,0.05254,900.0
4804.865808526414,-0.0111147256477283,-0.0243783247270674,0.05254,900.0
4804.966343680757,-0.0100866501475748,-0.0255640659658106,0.05254,900.0
4805.066922942537,-0.0090556973498344,-0.0265085988714946,0.05254,900.0
4805.16748313083,-0.0077730046382094,-0.0274478953551337,0.05254,900.0
4805.268044988054,-0.006495653236513,-0.0281938427818823,0.05254,900.0
4805.368602792161,-0.005156238978078,-0.0287929002966359,0.05254,900.0
4805.470184604066,-0.003698186228338,-0.029273232966884,0.05254,900.0
4805.570754329103,-0.002197101041106,-0.029596624510864,0.05254,900.0
4805.6713092721875,-0.000693559217676,-0.0297462563237409,0.05254,900.0
4805.771866122621,0.0007891256152522,-0.0297446778727843,0.05254,900.0
4805.872405330079,0.0022635963138578,-0.0295837089688688,0.05254,900.0
4805.969618598359,0.0037050088518817,-0.0292784109598657,0.05254,900.0
4806.070639649766,0.0051476355000119,-0.0288110302099484,0.05254,900.0
4806.171209374803,0.006482706891038,-0.0282143494924101,0.05254,900.0
4806.2717926896985,0.0077913966010032,-0.0274462425399523,0.05254,900.0
4806.372347632783,0.0090255600801052,-0.0265234466043184,0.05254,900.0
4806.472909251588,0.0101618782897185,-0.0254645054738022,0.05254,900.0
4806.573451796907,0.0111344052135671,-0.0243377409318953,0.05254,900.0
4806.67401699199,0.0119963193707786,-0.0231123497284516,0.05254,900.0
4806.774583379167,0.0127246256759727,-0.0217806629647558,0.05254,900.0
4806.875167647737,0.0133078982402794,-0.0203980702599034,0.05254,900.0
4806.965673486131,0.0136987347344871,-0.0191214845235776,0.05254,900.0
4807.066314498323,0.0139931803324268,-0.0176478387842726,0.05254,900.0
4807.16690258159,0.0141346406409322,-0.0161161681934829,0.05254,900.0
4807.267414132493,0.0141198115149622,-0.0146113588903003,0.05254,900.0
4807.368319074052,0.0139299899184871,-0.0131205607398126,0.05254,900.0
4807.468879977601,0.013584311953678,-0.0116681303814814,0.05254,900.0
4807.569458285707,0.0130766568731664,-0.0102471585973482,0.05254,900.0
4807.666938582795,0.0124673822130572,-0.0089552688673004,0.05254,900.0
4807.768739978212,0.0118173173520361,-0.0078580129154704,0.05254,900.0
4807.869310418504,0.0110133961932329,-0.0067640658316091,0.05254,900.0
4807.969874659913,0.0100125888040669,-0.0056518411840175,0.05254,900.0
4808.070436993974,0.0089107079575557,-0.0046512202832023,0.05254,900.0
4808.1709988511975,0.0078073187124851,-0.0038332352456383,0.05254,900.0
4808.271535197633,0.0069802436323284,-0.0033099361688878,0.05254,900.0
4808.373251000779,0.00698,-0.0033097772966359,0.05254,900.0
4808.47380499019,0.0073113448920108,-0.0038222527567474,0.05254,900.0
4808.574346581834,0.0103223520648653,-0.0084792350236019,0.05254,900.0
4808.674927512544,0.0115240576902636,-0.0103378070476665,0.05254,900.0
4808.775497952836,0.011643,-0.0105217645204649,0.05254,900.0
4808.866012374299,0.011651198599408,-0.0105417269616761,0.05254,900.0
4808.966583768266,0.0119363305312942,-0.0113079315521136,0.05254,900.0
4809.067389527696,0.0123363724382106,-0.0126852761626742,0.05254,900.0
4809.169632474321,0.012602666714458,-0.0141878816375309,0.05254,900.0
4809.270195762056,0.0126816722210127,-0.015678229555274,0.05254,900.0
4809.370762864488,0.0125958833141925,-0.0171719856415209,0.05254,900.0
4809.4713325895245,0.0123427198583229,-0.0185943854134759,0.05254,900.0
4809.5718686975415,0.0119047189477993,-0.0200603689970682,0.05254,900.0
4809.672384301561,0.0113197269344384,-0.0214215723444641,0.05254,900.0
4809.77311805858,0.0105178957631692,-0.0227617508017133,0.05254,900.0
4809.874408999818,0.0096233853029874,-0.0239230830817612,0.05254,900.0
4809.974943438905,0.0085540866145684,-0.0250095962544612,0.05254,900.0
4810.075507441896,0.0073919683757712,-0.0259518299553505,0.05254,900.0
4810.16601161136,0.006205092717156,-0.0266963720233654,0.05254,900.0
4810.266576091188,0.0048457024804239,-0.0273660657498304,0.05254,900.0
4810.367148438829,0.0034300886390076,-0.0278471697151505,0.05254,900.0
4810.468591252702,0.0019201004221506,-0.0281699391822301,0.05254,900.0
4810.569152156251,0.0004352427709629,-0.0283150632684824,0.05254,900.0
4810.669180194276,-0.0010447558428359,-0.0282829285809077,0.05254,900.0
4810.769678393739,-0.0024852313204723,-0.0280845963995913,0.05254,900.0
4810.870223084825,-0.0040129771167884,-0.0276899563426195,0.05254,900.0
4810.970783988374,-0.0054159206474062,-0.0271168905180473,0.05254,900.0
4811.07134369983,-0.006706277701407,-0.0264107406136399,0.05254,900.0
4811.1719046033795,-0.0079227885029647,-0.0255469309551266,0.05254,900.0
4811.272453109163,-0.009023957598202,-0.0245432460460541,0.05254,900.0
4811.373010436433,-0.010036909323702,-0.0233784675672073,0.05254,900.0
4811.473579446214,-0.0108820598380411,-0.0221459741139014,0.05254,900.0
4811.574415246385,-0.0115702940823466,-0.0208236133399123,0.05254,900.0
4811.66588739528,-0.0120757118230485,-0.0195320661627899,0.05254,900.0
4811.766457358735,-0.0124627767228738,-0.0180872480690918,0.05254,900.0
4811.867019692796,-0.012663858227157,-0.0166106414066237,0.05254,900.0
4811.967558184999,-0.0126977662781988,-0.0150866525754086,0.05254,900.0
4812.06827978267,-0.0125426451156139,-0.0135895236237328,0.05254,900.0
4812.1688361562665,-0.0122123099373347,-0.0121347652075381,0.05254,900.0
4812.2694039739545,-0.0117077967323154,-0.0107151032143871,0.05254,900.0
4812.369749585527,-0.0110443687340661,-0.0093631793111153,0.05254,900.0
4812.47031644954,-0.0102469362557101,-0.0081240114338793,0.05254,900.0
4812.570877829927,-0.0092933632317866,-0.0069420218622742,0.05254,900.0
4812.6714525617535,-0.0081637870618599,-0.0058757198316202,0.05254,900.0
4812.77201394214,-0.0069251095730401,-0.0050002353826557,0.05254,900.0
4812.872573176759,-0.0056530913053242,-0.0042640315854079,0.05254,900.0
4812.973123589891,-0.0042776338637674,-0.0036763161852844,0.05254,900.0
4813.073692599672,-0.0028157393104985,-0.0032413090390349,0.05254,900.0
4813.174212018388,-0.0013513872165479,-0.00298883383802,0.05254,900.0
4813.274780312913,0.0001560457501069,-0.0029181733846607,0.05254,900.0
4813.375355283159,0.0017044217802576,-0.0030428617839126,0.05254,900.0
4813.465870419877,0.0029937196018366,-0.0032972396418051,0.05254,900.0
4813.5664449132855,0.0044326960310593,-0.0037460470809374,0.05254,900.0
4813.667019883531,0.0057902454678133,-0.0043462660509105,0.05254,900.0
4813.767580071824,0.0070706378287259,-0.0050950653162181,0.05254,900.0
4813.870196858781,0.0083051103090543,-0.0060406673053079,0.05254,900.0
4813.970768729585,0.0093923729216058,-0.0070960205913015,0.05254,900.0
4814.071334163087,0.0103366926352148,-0.0082589297531702,0.05254,900.0
4814.171897689241,0.0111412433771128,-0.0095255653302586,0.05254,900.0
4814.272474328416,0.0116349831592667,-0.010504627224366,0.05254,900.0
4814.373036424058,0.011643,-0.0105217645204649,0.05254,900.0
4814.473601619142,0.0116429999999999,-0.0105207802995966,0.05254,0.0
4814.571385423082,0.011643,-0.0105191939479828,0.05254,0.0
4814.671969453233,0.0116429999999999,-0.0105180938774875,0.05254,0.0
4814.772507945436,0.011643,-0.010517438722029,0.05254,0.0
4814.873074571031,0.011643,-0.0105163348092119,0.05254,0.0
4814.973610917466,0.011643,-0.0105150305025487,0.05254,0.0
4815.074191371339,0.0116429999999999,-0.0105141131298456,0.05254,0.0
4815.174855510133,0.0116429999999999,-0.0105132101911637,0.05254,0.0
4815.26532391681,0.011643,-0.0105120779998462,0.05254,0.0
4815.365882674592,0.011643,-0.0105109905329041,0.05254,0.0
4815.466723004716,0.011643,-0.0105103323391886,0.05254,0.0
4815.567289391893,0.011643,-0.010508795372796,0.05254,0.0
4815.667840997117,0.0116429999999999,-0.0105078121568678,0.05254,0.0
4815.7686345972,0.011643,-0.010506927448,0.05254,0.0
4815.869146863359,0.011643,-0.0105057985327875,0.05254,0.0
4815.969707051652,0.0116429999999999,-0.0105047265033162,0.05254,0.0
4816.070267955201,0.0116429999999999,-0.0105036205555435,0.05254,0.0
4816.1708753503735,0.011643,-0.0105024304191381,0.05254,0.0
4816.271433631318,0.011643,-0.0105011014884775,0.05254,0.0
4816.372148314851,0.011643,-0.0104997263657328,0.05254,0.0
4816.472715417283,0.0116429999999999,-0.0104989062043815,0.05254,0.0
4816.573293725389,0.0116429999999999,-0.0104982172407151,0.05254,0.0
4816.67387107982,0.011643,-0.0104967225706192,0.05254,0.0
4816.774441520112,0.011643,-0.0104956798373826,0.05254,0.0
4816.875016728776,0.0116429999999999,-0.0104946349514169,0.05254,0.0
4816.9654941953595,0.011643,-0.010493346833179,0.05254,0.0
4817.066057959932,0.011643,-0.0104920696900888,0.05254,0.0
4817.168625155824,0.011643,-0.0104912565790986,0.05254,0.0
4817.2691977418835,0.011643,-0.0104902281237723,0.05254,0.0
4817.369729796785,0.0116429999999999,-0.0104887432372289,0.05254,0.0
4817.470265666383,0.011643,-0.0104875261176202,0.05254,0.0
4817.570834676164,0.011643,-0.0104868693730599,0.05254,0.0
4817.671366731065,0.011643,-0.0104865095032772,0.05254,0.0
