5280.51108710024,0.012325,0.0005199997588186,0.0568,0.0
5280.601602236959,0.012325,0.000519573634202,0.0568,0.0
5280.702167908879,0.012325,0.000518267480113,0.0568,0.0
5280.802863995763,0.012325,0.0005169229518457,0.0568,0.0
5280.90344039652,0.012325,0.0005151796838898,0.0568,0.0
5281.004013220998,0.012325,0.0005137392304652,0.0568,0.0
5281.104597251149,0.0123249999999999,0.0005122115197235,0.0568,0.0
5281.205165068837,0.012325,0.0005106624640509,0.0568,0.0
5281.30456248972,0.012325,0.0005091011415603,0.0568,0.0
5281.405136029454,0.012325,0.0005075498891203,0.0568,0.0
5281.505667845937,0.012325,0.0005059879685425,0.0568,0.0
5281.606233517858,0.012325,0.0005043481314468,0.0568,0.0
5281.706824700566,0.012325,0.0005028745959033,0.0568,0.0
5281.807386080953,0.0123249999999999,0.0005013485943819,0.0568,0.0
5281.907925765248,0.012325,0.000499711657998,0.0568,0.0
5282.008485715123,0.012325,0.0004981919540759,0.0568,0.0
5282.1090120479785,0.0123249999999999,0.0004966563424429,0.0568,0.0
5282.2095333740435,0.012325,0.0004952199003591,0.0568,0.0
5282.310120265218,0.012325,0.0004935781675079,0.0568,0.0
5282.410699765416,0.012325,0.0004920496529371,0.0568,0.0
5282.501171033116,0.012325,0.0004907021633111,0.0568,0.0
5282.601732175084,0.012325,0.0004891587830036,0.0568,0.0
5282.702308337422,0.012325,0.0004875655136578,0.0568,0.0
5282.804645220967,0.0123249999999999,0.0004860586637459,0.0568,0.0
5282.905209223958,0.012325,0.0004849791470691,0.0568,0.0
5283.005774419042,0.012325,0.0004846204531136,0.0568,0.0
5283.10658375475,0.0123051497958583,0.0004787058325755,0.0568,0.0
5283.207154433461,0.0121804262269184,0.0004415471933334,0.0568,0.0
5283.307703177663,0.0118865825766371,0.0003540360882678,0.0568,0.0
5283.408263365956,0.0115760862957696,0.0002614512617113,0.0568,0.0
5283.50883523676,0.0112857790011318,0.0001750019175787,0.0568,0.0
5283.6094040081225,0.0109826112762967,8.471864815489186e-05,0.0568,0.0
5283.709929625722,0.0106737660795352,-7.331391661497683e-06,0.0568,0.0
5283.810506026479,0.010376233744149,-9.59731461163231e-05,0.0568,0.0
5283.911099831792,0.0100774040025576,-0.0001849824601935,0.0568,0.0
5284.001615445348,0.0098042279612452,-0.0002663788555114,0.0568,0.0
5284.102187316152,0.0095467176986417,-0.000343112953858,0.0568,0.0
5284.202150027486,0.0094369999999999,-0.0003757672451703,0.0568,0.0
5284.302730481359,0.009433404919447,-0.0003736881785687,0.0568,900.0
5284.403300921651,0.0088025846355571,-8.879278043067568e-06,0.0568,900.0
5284.503862540456,0.0076077129837496,0.0006412468965925,0.0568,900.0
5284.602886836263,0.0061853320863863,0.0012003304277365,0.0568,900.0
5284.703457038137,0.0047158528694369,0.001651526848283,0.0568,900.0
5284.804109732839,0.0032544304030426,0.0019860485864317,0.0568,900.0
5284.904681126805,0.0017735052747506,0.0021962073757378,0.0568,900.0
5285.005236546727,0.0002573109996083,0.0022833488375562,0.0568,900.0
5285.105801741811,-0.0012620815184235,0.0022407307240925,0.0568,900.0
5285.206347386571,-0.0027458961629272,0.0020721164086865,0.0568,900.0
5285.3068746731005,-0.0042184804082293,0.0017880175875055,0.0568,900.0
5285.407428424092,-0.0056680708075465,0.0013788173146691,0.0568,900.0
5285.507994334432,-0.0070788078614831,0.0008432240056551,0.0568,900.0
5285.608564774724,-0.0084137012309706,0.0001987081337009,0.0568,900.0
5285.709114711019,-0.009726426885856,-0.0005728557906693,0.0568,900.0
5285.799565951558,-0.0107792803053521,-0.0013108150119226,0.0568,900.0
5285.900111119481,-0.0116811926231325,-0.002030436349153,0.0568,900.0
5286.003975074025,-0.0126565189849206,-0.0029451898724218,0.0568,900.0
5286.1035584614,-0.0136500008583363,-0.0040322254930062,0.0568,900.0
5286.204126755925,-0.0145952894513702,-0.005250058010562,0.0568,900.0
5286.304701487752,-0.0154414070107189,-0.0065475178389378,0.0568,900.0
5286.405281941625,-0.0161422691344285,-0.0078411511524475,0.0568,900.0
5286.505845467778,-0.0167137880073265,-0.0091539375299255,0.0568,900.0
5286.606405656072,-0.0171128849906129,-0.0102897831221319,0.0568,900.0
5286.706979434224,-0.0174871656655887,-0.0116880567894658,0.0568,900.0
5286.807545344564,-0.0177542406806626,-0.0131890300530615,0.0568,900.0
5286.908119599553,-0.0178999257216982,-0.0146670126894403,0.0568,900.0
5287.008686225148,-0.0179144580590593,-0.0161148170166428,0.0568,900.0
5287.099191348287,-0.017812515557404,-0.0174920627940036,0.0568,900.0
5287.199762742253,-0.017590790014157,-0.018984161278599,0.0568,900.0
5287.300321500035,-0.0172846665115608,-0.020347980755215,0.0568,900.0
5287.400876681539,-0.0169031775344192,-0.0215759800178215,0.0568,900.0
5287.501435916158,-0.0164110939704179,-0.0228201870921795,0.0568,900.0
5287.60385219309,-0.0157143093114827,-0.0242380375390332,0.0568,900.0
5287.704404990407,-0.0149544249583067,-0.0255053275157757,0.0568,900.0
5287.8049997493945,-0.0140569030996713,-0.0267604946899526,0.0568,900.0
5287.905568520757,-0.0130549697674228,-0.0279253292177612,0.0568,900.0
5288.006132762166,-0.0119801059950537,-0.0289593300856557,0.0568,900.0
5288.106693904134,-0.0112048860303361,-0.0296271498482757,0.0568,900.0
5288.20725361559,-0.0100919888185593,-0.0304328699150181,0.0568,900.0
5288.307778279515,-0.0088053413822149,-0.0312258157328538,0.0568,900.0
5288.408346812459,-0.0074838596467796,-0.0319050760038162,0.0568,900.0
5288.508919636937,-0.0061059365579404,-0.032470558981077,0.0568,900.0
5288.599428336354,-0.0048015140164591,-0.0328903954155703,0.0568,900.0
5288.699991147252,-0.0033325810358254,-0.033235856446906,0.0568,900.0
5288.800538460942,-0.0019165060813674,-0.033467479248761,0.0568,900.0
5288.901105086537,-0.0003541526279619,-0.0335563509145124,0.0568,900.0
5289.001619498464,0.0012231583177805,-0.0335184111903665,0.0568,900.0
5289.102183739873,0.0026371140355943,-0.0333567693810175,0.0568,900.0
5289.202759425374,0.0041768849299354,-0.033054932664746,0.0568,900.0
5289.306927602025,0.0056706531918624,-0.0326287281278281,0.0568,900.0
5289.407489936086,0.0070249290149344,-0.0321128611006703,0.0568,900.0
5289.507978121968,0.0084148607675358,-0.031440340814836,0.0568,900.0
5289.608541409703,0.0097005338294827,-0.0306871067231488,0.0568,900.0
5289.709119956227,0.0108965750383087,-0.0298094692578759,0.0568,900.0
5289.7996293709,0.0119631977653754,-0.0289064069200556,0.0568,900.0
5289.900164525243,0.0130998527750571,-0.0278545227717088,0.0568,900.0
5290.000780980321,0.0140819549431108,-0.0267115794541727,0.0568,900.0
5290.101348321172,0.0149765790994015,-0.0254923772635478,0.0568,900.0
5290.201942126485,0.0157420448089021,-0.0242167125253045,0.0568,900.0
5290.302506844731,0.0163943037930632,-0.0228628118515932,0.0568,900.0
5290.403069417211,0.0168253276953019,-0.0218014362281245,0.0568,900.0
5290.503623883458,0.0171575521139653,-0.0208062941812924,0.0568,900.0
5290.604181925984,0.0174418816605358,-0.0197451849151323,0.0568,900.0
5290.704762141439,0.0176617967026306,-0.0186951063091269,0.0568,900.0
5290.803206603261,0.0178038591917276,-0.0177172851951035,0.0568,900.0
5290.903777043553,0.0178908982548776,-0.0165244261305106,0.0568,900.0
5291.004283349248,0.0179020032540253,-0.0149765347615436,0.0568,900.0
5291.104869525167,0.0178029310510925,-0.0135641593295232,0.0568,900.0
5291.205432812902,0.0176870262563979,-0.0127007861623436,0.0568,900.0
5291.306013743611,0.0174987760599071,-0.0116979953534676,0.0568,900.0
5291.406578223439,0.0172492050484033,-0.010727971022625,0.0568,900.0
5291.509030739995,0.0168896130817161,-0.0096138719157406,0.0568,900.0
5291.59956328127,0.0164733823242568,-0.0085714730267712,0.0568,900.0
5291.700145404073,0.0158544832365781,-0.0072798933880239,0.0568,900.0
5291.801982323857,0.0150857646342972,-0.0059732318759699,0.0568,900.0
5291.9024888679705,0.0142037988684614,-0.0047207623873271,0.0568,900.0
5292.003063838216,0.0132295700878933,-0.0035516585229117,0.0568,900.0
5292.103636901113,0.0121831113060093,-0.0024906846374579,0.0568,900.0
5292.206163804265,0.0109897787848737,-0.0014786957408924,0.0568,900.0
5292.306724230977,0.0099215150288168,-0.0006975910597303,0.0568,900.0
5292.40727607462,0.009437,-0.0003757672451703,0.0568,900.0
5292.507853190633,0.0094357360642652,-0.0004130048281078,0.0568,900.0
5292.608410756322,0.0094112689762945,-0.0011338446560401,0.0568,900.0
5292.718122164937,0.0091537689415778,-0.0087329605041832,0.0568,900.0
5292.808750550481,0.008979968390484,-0.013864078803969,0.0568,900.0
5292.899273078176,0.008931,-0.0153097989612297,0.0568,900.0
5292.999833743306,0.0089300452400327,-0.0156148502043709,0.0568,900.0
5293.101533095571,0.0088604618224869,-0.0165250094498114,0.0568,900.0
5293.2021066353045,0.0085983426800264,-0.0179558972857568,0.0568,900.0
5293.302674214574,0.0080691787413933,-0.0194224529260507,0.0568,900.0
5293.403230111333,0.0073230996748425,-0.0207173016620343,0.0568,900.0
5293.503787677022,0.0063885185079285,-0.0218743750569744,0.0568,900.0
5293.604356448384,0.0052759255436944,-0.0228406732751899,0.0568,900.0
5293.7049128219805,0.0039564833503495,-0.0236350000502793,0.0568,900.0
5293.805426518651,0.0025193157681023,-0.0241810909857509,0.0568,900.0
5293.90599076006,0.0010434461046141,-0.0244762207171189,0.0568,900.0
5294.00656835291,-0.0004369046709811,-0.0245258542391801,0.0568,900.0
5294.102200906011,-0.001851618339916,-0.0243267013390486,0.0568,900.0
5294.2027320072375,-0.0032977208772012,-0.0239013530751188,0.0568,900.0
5294.303288619252,-0.0046294187330068,-0.0232405990294009,0.0568,900.0
5294.403844277593,-0.0058316758054162,-0.0223642438177664,0.0568,900.0
5294.504426161977,-0.0068909475499342,-0.021276082213354,0.0568,900.0
5294.604986588689,-0.0077508927960332,-0.0200577443000091,0.0568,900.0
5294.705573479863,-0.0083753619615858,-0.0187181423365955,0.0568,900.0
5294.806139390203,-0.0087822548985426,-0.0172749170781976,0.0568,900.0
5294.9067022011,-0.0089232253664565,-0.0157990689038797,0.0568,900.0
5295.007265727254,-0.0088046705449437,-0.0142425968041075,0.0568,900.0
5295.107831876012,-0.0084453571993812,-0.0127863474797967,0.0568,900.0
5295.208437363835,-0.0078387977879365,-0.011401146322638,0.0568,900.0
5295.298951785298,-0.0071060237262101,-0.0102675646837956,0.0568,900.0
5295.399501006337,-0.0061136023058807,-0.0091524360556147,0.0568,900.0
5295.500075499745,-0.0049571440223145,-0.0082233032571731,0.0568,900.0
5295.603174607488,-0.0036214889810264,-0.0074961350768921,0.0568,900.0
5295.703741233083,-0.0021533746110535,-0.0069688073578392,0.0568,900.0
5295.8043126270495,-0.0006816500628534,-0.006733876001188,0.0568,900.0
5295.904877106877,0.000783320447073,-0.0067215400847484,0.0568,900.0
5296.0054492161,0.0022657385738994,-0.0069924058553253,0.0568,900.0
5296.106007735463,0.0037183537273147,-0.0075129675604694,0.0568,900.0
5296.206557433339,0.0050004414667611,-0.0082553490849251,0.0568,900.0
5296.307131211492,0.0061873080637371,-0.0092226937860725,0.0568,900.0
5296.407679717275,0.0071634378148374,-0.0103352109749169,0.0568,900.0
5296.499049823018,0.0078755028839129,-0.0114822826347281,0.0568,900.0
5296.599609296056,0.0084699148621618,-0.0128691563932522,0.0568,900.0
5296.700308959218,0.0088040157529494,-0.0142581664449811,0.0568,900.0
5296.8016270801745,0.0089293405967368,-0.0152839317770926,0.0568,900.0
5296.902164618703,0.008931,-0.0153097989612297,0.0568,900.0
5297.002722661229,0.0086118679359895,-0.0153639369474941,0.0568,900.0
5297.103271882268,0.0045915299469488,-0.0160459524118561,0.0568,900.0
5297.203844706746,-0.0028862310860655,-0.0173145144390783,0.0568,900.0
5297.304412762853,-0.0107003444831117,-0.0186400433086126,0.0568,900.0
5297.408186118337,-0.0148543998762293,-0.019344717423023,0.0568,900.0
5297.508712689611,-0.015763,-0.0194988498379386,0.0568,900.0
5297.609224478932,-0.0156588557934868,-0.0198701539043812,0.0568,900.0
5297.710728804799,-0.0153086531487493,-0.0209565396266418,0.0568,900.0
5297.81144038889,-0.0147621383896701,-0.0223424725331698,0.0568,900.0
5297.912017266484,-0.0140890792106347,-0.0236533858438175,0.0568,900.0
5298.0129067108355,-0.013300766524055,-0.0249182253501431,0.0568,900.0
5298.113454739781,-0.0123440868103079,-0.0261636982058714,0.0568,900.0
5298.214039008351,-0.0113274704847106,-0.0272478604844506,0.0568,900.0
5298.314608256551,-0.0102103728561144,-0.0282375456782803,0.0568,900.0
5298.415171782704,-0.008983924988459,-0.0291272320425344,0.0568,900.0
5298.515746991368,-0.0076832116267974,-0.0299062976971641,0.0568,900.0
5298.616338889333,-0.0063221948603681,-0.0305600771818331,0.0568,900.0
5298.716999690267,-0.0049001107189444,-0.0310783813866111,0.0568,900.0
5298.817520062657,-0.0034524735624104,-0.0314695691363566,0.0568,900.0
5298.918097417089,-0.0019664718975888,-0.0317202388635738,0.0568,900.0
5299.008553426,-0.0005992779581974,-0.0318319076594205,0.0568,900.0
5299.109101216527,0.0008979267433556,-0.0318268341426032,0.0568,900.0
5299.210833232137,0.0023674453124546,-0.0316810397027195,0.0568,900.0
5299.311409632894,0.0039078939216986,-0.0313789505207479,0.0568,900.0
5299.411941210958,0.00535014716664,-0.0309493205459757,0.0568,900.0
5299.51251165125,0.0067598321332247,-0.0303698324156324,0.0568,900.0
5299.614304463597,0.0081022561532147,-0.0296744671343953,0.0568,900.0
5299.714844863149,0.0093647031328778,-0.028866370182974,0.0568,900.0
5299.815411011907,0.0105254840149675,-0.0279577235363017,0.0568,900.0
5299.915983836385,0.0116214485213152,-0.0269301812935592,0.0568,900.0
5300.016544263097,0.0126303558382812,-0.0257911524999708,0.0568,900.0
5300.117104689809,0.0135129593664063,-0.0245840320930306,0.0568,900.0
5300.217676083776,0.0142764495594238,-0.0233107605842543,0.0568,900.0
5300.31191364977,0.0148998367197206,-0.0220389220127526,0.0568,900.0
5300.412460009786,0.0154341206747004,-0.0206347807928737,0.0568,900.0
5300.512981335851,0.0158364229477833,-0.0191954135923893,0.0568,900.0
5300.614739815923,0.0160953789602303,-0.0176028276042324,0.0568,900.0
5300.715267817708,0.0162088638435494,-0.0161456329858555,0.0568,900.0
5300.815849225255,0.0161798591646347,-0.0146248498501555,0.0568,900.0
5300.916393677922,0.0160164877874105,-0.0131338798423586,0.0568,900.0
5301.016964595052,0.0157183113095851,-0.0116605992349205,0.0568,900.0
5301.1175269291125,0.0152938320041967,-0.0102461356265138,0.0568,900.0
5301.218121211263,0.0147482517085304,-0.008905507226835,0.0568,900.0
5301.308625380727,0.0142305971621405,-0.007841511127044,0.0568,900.0
5301.409204404088,0.0136680608001764,-0.0069015247046481,0.0568,900.0
5301.509908597203,0.0128103619429629,-0.0056634634646663,0.0568,900.0
5301.610474269124,0.0118119868330772,-0.0045028820214742,0.0568,900.0
5301.711043278905,0.0107486947510296,-0.0034733196097087,0.0568,900.0
5301.811616818639,0.0095653276351729,-0.0025307783760798,0.0568,900.0
5301.912121932241,0.0083417000275249,-0.0017235168469004,0.0568,900.0
5302.010165612432,0.0070420135040805,-0.0010244702308001,0.0568,900.0
5302.110834996434,0.0056641859896999,-0.0004372787353667,0.0568,900.0
5302.211395661565,0.0041984864672196,2.438918245057861e-05,0.0568,900.0
5302.311949889394,0.0027144396114812,0.0003579095603413,0.0568,900.0
5302.412635247441,0.0012678947826227,0.0005353015105773,0.0568,900.0
5302.513211648198,-0.0002404092037218,0.000578929461764,0.0568,900.0
5302.61377875063,-0.0018027187755453,0.0004946493420856,0.0568,900.0
5302.7143453762255,-0.0032499523656449,0.0002635751012798,0.0568,900.0
5302.814944903585,-0.0047205289665324,-9.788973612291987e-05,0.0568,900.0
5302.915510813924,-0.0061449764249316,-0.0006138607320738,0.0568,900.0
5303.016088883611,-0.0075137987185891,-0.0012537151348078,0.0568,900.0
5303.116656224462,-0.0088222548137922,-0.0020202371632538,0.0568,900.0
5303.208230416509,-0.009928462824872,-0.0028104690018292,0.0568,900.0
5303.308808963033,-0.0110818228280738,-0.0037997398219191,0.0568,900.0
5303.40938536379,-0.0121419905860927,-0.004890189166728,0.0568,900.0
5303.509956042501,-0.0130852281460834,-0.0060617818557686,0.0568,900.0
5303.6105102703295,-0.0139216732172751,-0.0073207311231227,0.0568,900.0
5303.711047808858,-0.0146427997290419,-0.0086508634943987,0.0568,900.0
5303.811616818639,-0.0152123475388518,-0.0100025025944933,0.0568,900.0
5303.91219250414,-0.0156571434038513,-0.0113714967195917,0.0568,900.0
5304.012757222386,-0.0159693086313365,-0.0127514113741095,0.0568,900.0
5304.113315503331,-0.0161280621038857,-0.0137826414241808,0.0568,900.0
5304.213879029485,-0.0162092623108767,-0.0148767032828445,0.0568,900.0
5304.314449231359,-0.0162019934780841,-0.0162267160066492,0.0568,900.0
5304.415019433232,-0.016135977125413,-0.0172999035667025,0.0568,900.0
5304.515590827199,-0.0159919929461325,-0.018322856297346,0.0568,900.0
5304.616177003118,-0.0158348079349769,-0.0191734227333252,0.0568,900.0
5304.716746251317,-0.015763,-0.0194988498379386,0.0568,900.0
5304.817319791051,-0.0156399780457561,-0.019478861987422,0.0568,900.0
5304.917831103536,-0.013316711142355,-0.0191012980188764,0.0568,900.0
5305.00834361765,-0.0066563593609755,-0.0180188641505832,0.0568,900.0
5305.108890216085,0.0007677307872311,-0.0168123452043733,0.0568,900.0
5305.209491412374,0.0084885526789654,-0.0155575202590947,0.0568,900.0
5305.310063283177,0.0103618865017778,-0.0152530608433121,0.0568,900.0
5305.410658042165,0.0106279999999999,-0.0152098115627089,0.0568,900.0
5305.511226813527,0.0106308741313974,-0.0152611481105104,0.0568,900.0
5305.611779610845,0.0106007574187647,-0.0162016658351101,0.0568,900.0
5305.712291877004,0.0104099942432736,-0.0176813042424505,0.0568,900.0
5305.8128604099475,0.0099984486945867,-0.0191652546965233,0.0568,900.0
5305.913384358617,0.0094148053818853,-0.0205244704876629,0.0568,900.0
5306.013955037328,0.0086610320802386,-0.0217658155218302,0.0568,900.0
5306.114513079854,0.0077155229599844,-0.022936600694157,0.0568,900.0
5306.215069215032,0.0066189375779434,-0.0239468862037515,0.0568,900.0
5306.315636079045,0.0053834737223121,-0.0247986703726016,0.0568,900.0
5306.416199128362,0.0040379586055302,-0.0254643105938625,0.0568,900.0
5306.516759078237,0.0025240469104333,-0.0259550311349622,0.0568,900.0
5306.617340485784,0.0010556668972872,-0.0262000056009611,0.0568,900.0
5306.717916171285,-0.0004685827339147,-0.0262286418600672,0.0568,900.0
5306.808389107915,-0.0017800477533351,-0.0260869140783957,0.0568,900.0
5306.908960263463,-0.003203138579208,-0.0257405830685995,0.0568,900.0
5307.009516160222,-0.0046282623956416,-0.0251771071877872,0.0568,900.0
5307.110096137258,-0.0059544753857249,-0.0244129477000118,0.0568,900.0
5307.210653941365,-0.0070894927150045,-0.0235350807317191,0.0568,900.0
5307.311236302587,-0.0081439348128735,-0.0224510133165334,0.0568,900.0
5307.411974589559,-0.0090862428342622,-0.0211668328982736,0.0568,900.0
5307.512538354131,-0.0097374445852826,-0.0199155636037024,0.0568,900.0
5307.61310092661,-0.0102256640837654,-0.0184969328051084,0.0568,900.0
5307.713724057408,-0.0105343651598374,-0.0169621331536549,0.0568,900.0
5307.8142408535205,-0.0106137465495182,-0.0154453131612165,0.0568,900.0
5307.914805333348,-0.0104856293703796,-0.0139623545030567,0.0568,900.0
5308.015383641454,-0.0101447158641298,-0.0125347791192868,0.0568,900.0
5308.1159369156085,-0.0095933514402854,-0.0111108470031224,0.0568,900.0
5308.216538827153,-0.008859216310404,-0.0097807374154097,0.0568,900.0
5308.317112843724,-0.0079858584905102,-0.008631893881128,0.0568,900.0
5308.417635361882,-0.0069297732653681,-0.0075823858466872,0.0568,900.0
5308.518195073339,-0.0057113245705086,-0.0066790970219269,0.0568,900.0
5308.608670870992,-0.0044824952589354,-0.0059835769835424,0.0568,900.0
5308.7092274830065,-0.0030768477672219,-0.0054521507279074,0.0568,900.0
5308.809858243199,-0.0016641112854333,-0.0051215438130647,0.0568,900.0
5308.910427014562,-0.0001216861026263,-0.0050123840484471,0.0568,900.0
5309.010955970021,0.0014000049397828,-0.0051131782564489,0.0568,900.0
5309.111512820455,0.0028299744852012,-0.0053982714595307,0.0568,900.0
5309.212074200841,0.0042474370925207,-0.0059130650515639,0.0568,900.0
5309.312637011739,0.0055956194897566,-0.0066149126161783,0.0568,900.0
5309.413227956029,0.0067977295015527,-0.0074850762357788,0.0568,900.0
5309.513791005345,0.0078987132593921,-0.0085327905428797,0.0568,900.0
5309.614351908895,0.008818085612422,-0.0096905833051145,0.0568,900.0
5309.71496383402,0.0095915758030053,-0.0110532656633101,0.0568,900.0
5309.815528313848,0.0101454942361762,-0.0124493517225864,0.0568,900.0
5309.916101615163,0.0104826466301046,-0.0138522171497095,0.0568,900.0
5310.0174028084,0.0106134636908728,-0.0150630141156374,0.0568,900.0
5310.11798373911,0.0106279775147982,-0.0152098068877727,0.0568,900.0
5310.20848361704,0.0106279999999999,-0.0152098115627089,0.0568,900.0
5310.309052865239,0.0116370227998151,-0.0120017145799021,0.0568,900.0
5310.409812609883,0.0125498632315339,-0.00909943046098,0.0568,900.0
5310.510371606084,0.012713,-0.0085807629977456,0.0568,900.0
5310.610897700521,0.0126010177486127,-0.0083950057600778,0.0568,900.0
5310.711474578115,0.0120198292997561,-0.0074658415002563,0.0568,900.0
5310.812005440923,0.0111189256256112,-0.0061959331934138,0.0568,900.0
5310.912648122045,0.0100474425310358,-0.0051325790769068,0.0568,900.0
5311.013247410985,0.0089503331813962,-0.0041927420772339,0.0568,900.0
5311.1138240501605,0.0076891485955716,-0.0033166415679313,0.0568,900.0
5311.214383523198,0.0063697237643908,-0.0025879012446941,0.0568,900.0
5311.31494728777,0.0049973416741748,-0.0020051021615745,0.0568,900.0
5311.415514628621,0.0035549429739683,-0.0015674275501869,0.0568,900.0
5311.516091029378,0.0020813867725545,-0.0012676889630244,0.0568,900.0
5311.61668173525,0.0005970956564966,-0.0011297037205716,0.0568,900.0
5311.717272441121,-0.0009011337870282,-0.0011459134761742,0.0568,900.0
5311.807906310292,-0.002254494753373,-0.0012886843475405,0.0568,900.0
5311.9084717437945,-0.0037346168904039,-0.0015921933030542,0.0568,900.0
5312.011330048772,-0.0052756634435311,-0.0020912908976922,0.0568,900.0
5312.111907403203,-0.0066446176589241,-0.0027164980649485,0.0568,900.0
5312.21262971613,-0.0079012907307407,-0.0034424823977007,0.0568,900.0
5312.313186328145,-0.0091404911469564,-0.0043557964524721,0.0568,900.0
5312.413756053182,-0.0102698199939495,-0.0053783688807702,0.0568,900.0
5312.5143534347735,-0.0112860403697733,-0.0065136064949795,0.0568,900.0
5312.614929597112,-0.0121286216951912,-0.0076561147145602,0.0568,900.0
5312.715500275823,-0.0127921683949338,-0.0087741503662583,0.0568,900.0
5312.816074292394,-0.0133719163418158,-0.0099970303625276,0.0568,900.0
5312.91663567278,-0.0138836266096239,-0.0114093291264695,0.0568,900.0
5313.017198483678,-0.0142518549531463,-0.0128847585670147,0.0568,900.0
5313.107712428304,-0.0144551177937794,-0.0141907197013057,0.0568,900.0
5313.208299557897,-0.0145215104356515,-0.0157566799737226,0.0568,900.0
5313.308865706655,-0.014444356030995,-0.0171669524299452,0.0568,900.0
5313.409444730016,-0.0141795531799522,-0.0187216706996551,0.0568,900.0
5313.510018031331,-0.0138870857661439,-0.0198802701657984,0.0568,900.0
5313.610512654515,-0.0134832081361795,-0.0209993984977621,0.0568,900.0
5313.711097399922,-0.0128874143204247,-0.0222872713135804,0.0568,900.0
5313.8116578266345,-0.0121124035387038,-0.0236174287047932,0.0568,900.0
5313.912273328038,-0.0112130730372214,-0.0248334222508014,0.0568,900.0
5314.012834708425,-0.0102171046170332,-0.0259372327530131,0.0568,900.0
5314.113398234578,-0.009114884713684,-0.0269211574061671,0.0568,900.0
5314.21395866129,-0.0078846041085085,-0.0278228221089347,0.0568,900.0
5314.314497868749,-0.0065763868455911,-0.0285787603133032,0.0568,900.0
5314.415066640111,-0.0052452960304201,-0.0291803092728521,0.0568,900.0
5314.5156239673815,-0.0038042849596501,-0.0296438202457115,0.0568,900.0
5314.616188447209,-0.0022647989891395,-0.0299677540501301,0.0568,900.0
5314.716752927037,-0.0007784219345545,-0.0301227299718888,0.0568,900.0
5314.817262093755,0.0007106537700675,-0.0301242216186026,0.0568,900.0
5314.907769124242,0.0020503462620216,-0.0299911434486821,0.0568,900.0
5315.008329312535,0.0035172939571971,-0.0297075122740801,0.0568,900.0
5315.108889977666,0.0049445909232182,-0.0292676536470983,0.0568,900.0
5315.209576050969,0.0063449162291791,-0.0286826705632224,0.0568,900.0
5315.310160319539,0.007699050679528,-0.0279358162511499,0.0568,900.0
5315.410733620854,0.0088926377249453,-0.0271081465493589,0.0568,900.0
5315.511292855474,0.0100643729850335,-0.0261039728143106,0.0568,900.0
5315.611903588506,0.0110906276209563,-0.0250044817749002,0.0568,900.0
5315.712591807576,0.0119934075765761,-0.0238198821047008,0.0568,900.0
5315.813333670827,0.0127708583681316,-0.0225127073709796,0.0568,900.0
5315.913980405065,0.0134197317402975,-0.0211535765268109,0.0568,900.0
5316.014662663671,0.0139128067073932,-0.0197447101957813,0.0568,900.0
5316.107769648763,0.0142383248222689,-0.018389552594947,0.0568,900.0
5316.208335797521,0.0144505678942031,-0.0168941550421326,0.0568,900.0
5316.3092481300555,0.0145045274758851,-0.0153680773175482,0.0568,900.0
5316.409815470906,0.0144006286138802,-0.0138437306487022,0.0568,900.0
5316.510386626454,0.0141685258405779,-0.0124247082942,0.0568,900.0
5316.614895264836,0.0137069890115421,-0.0108471641366497,0.0568,900.0
5316.715467850896,0.0131715932031548,-0.0094825312345611,0.0568,900.0
5316.815991799565,0.0127369256445319,-0.0086277429265156,0.0568,900.0
5316.916515032979,0.012713,-0.0085807629977456,0.0568,900.0
5317.0170842811785,0.0127029399371905,-0.008749335225537,0.0568,900.0
5317.117632786962,0.0124451382096861,-0.0130871062101543,0.0568,900.0
5317.208101908895,0.012330318077203,-0.0150192521044893,0.0568,900.0
5317.308680932256,0.012325,-0.0151088044342493,0.0568,900.0
5317.409290711614,0.0123299703663106,-0.0151951049255328,0.0568,900.0
5317.5112623378955,0.0123170341903721,-0.0158523718448944,0.0568,900.0
5317.611833731862,0.0122114549740488,-0.0173365673849595,0.0568,900.0
5317.7124013111315,0.011923554603881,-0.0187814393632309,0.0568,900.0
5317.812984864446,0.0114587627489736,-0.0202004426593253,0.0568,900.0
5317.913550297948,0.0107882806992668,-0.0216235624228856,0.0568,900.0
5318.014118115636,0.0099416383021487,-0.0229105558634006,0.0568,900.0
5318.1167773411,0.0089704733734017,-0.0240782474278363,0.0568,900.0
5318.217356364461,0.0078655188612711,-0.0251115149739995,0.0568,900.0
5318.307873646947,0.0067726454410212,-0.0259057575630772,0.0568,900.0
5318.408450047704,0.0055085925337862,-0.0266367155115315,0.0568,900.0
5318.509020249578,0.0041194668854893,-0.0272215255651062,0.0568,900.0
5318.60958401415,0.0026566616111098,-0.0276562187269412,0.0568,900.0
5318.710132281514,0.0012213324241007,-0.0278798017114461,0.0568,900.0
5318.8106903240405,-0.0003446735754187,-0.0279554261628037,0.0568,900.0
5318.911234776708,-0.0018389134539688,-0.0278260114312486,0.0568,900.0
5319.011809985372,-0.0032527958411586,-0.027532475207421,0.0568,900.0
5319.112322728368,-0.0047331204772724,-0.0270191119731499,0.0568,900.0
5319.212889115544,-0.0060967044811942,-0.0263454795862702,0.0568,900.0
5319.313454072209,-0.0073349941771544,-0.0255358277016681,0.0568,900.0
5319.41400973055,-0.008469056919428,-0.0245811325164721,0.0568,900.0
5319.514594475957,-0.0094820252295803,-0.023482788700477,0.0568,900.0
5319.61641828272,-0.0103983488081392,-0.0222133140274844,0.0568,900.0
5319.716973702642,-0.0111249883919406,-0.0209005539363515,0.0568,900.0
5319.807992140981,-0.0116289953557275,-0.019666977582555,0.0568,900.0
5319.908538500997,-0.0120439947809261,-0.0181965317780427,0.0568,900.0
5320.009280125829,-0.0122775052555784,-0.0167139922361037,0.0568,900.0
5320.107879559728,-0.0123260061396249,-0.0152637933490903,0.0568,900.0
5320.208449284764,-0.0121986001267914,-0.0137976767631068,0.0568,900.0
5320.309005419942,-0.0118749402917632,-0.0123229092877522,0.0568,900.0
5320.409524123403,-0.011382533137338,-0.0108950908379158,0.0568,900.0
5320.510050456258,-0.0107148238619013,-0.009536936115923,0.0568,900.0
5320.610601823064,-0.0099024380271958,-0.0082845135342084,0.0568,900.0
5320.71115819666,-0.0089155417984376,-0.0071286525261064,0.0568,900.0
5320.811706225606,-0.0077998607749928,-0.0061013027294539,0.0568,900.0
5320.912270228597,-0.0065676983041267,-0.0052146694466346,0.0568,900.0
5321.012830178472,-0.0052410093184731,-0.0044840985375617,0.0568,900.0
5321.113391558858,-0.0038728024779838,-0.0039389434158977,0.0568,900.0
5321.21395031664,-0.0024128584745854,-0.003546636281567,0.0568,900.0
5321.314501206609,-0.0009007946275332,-0.0033333666646747,0.0568,900.0
5321.415069739553,0.0005867785679892,-0.0033099722638489,0.0568,900.0
5321.511332194539,0.0020224564389976,-0.00346833137821,0.0568,900.0
5321.611908356877,0.0035421450270552,-0.0038253339451774,0.0568,900.0
5321.712456385823,0.0049117623941298,-0.0043255374413676,0.0568,900.0
5321.813080708715,0.0062492380389589,-0.0050104281295856,0.0568,900.0
5321.91365401003,0.0074795117178863,-0.0058431693992885,0.0568,900.0
5322.014235655995,0.0086044214701073,-0.0068143713181034,0.0568,900.0
5322.11479894373,0.0096261884606528,-0.0079456339716978,0.0568,900.0
5322.215376298162,0.0104950601115378,-0.0092091994001519,0.0568,900.0
5322.315956275197,0.0111938966672342,-0.010566775980357,0.0568,900.0
5322.416566292974,0.0117595807609683,-0.0119454671862447,0.0568,900.0
5322.517143408986,0.0121151097295935,-0.0133463998852505,0.0568,900.0
5322.607674758168,0.0122878925511897,-0.0147003178952792,0.0568,900.0
5322.708264510366,0.0123223203352811,-0.0150659015050004,0.0568,900.0
5322.80884806368,0.012325,-0.0151088044342493,0.0568,900.0
5322.909497182103,0.012325,-0.0151082798093516,0.0568,0.0
5323.012303034993,0.0123249999999999,-0.0151067017092613,0.0568,0.0
5323.112871329518,0.012325,-0.0151053520564597,0.0568,0.0
5323.213434617253,0.0123249999999999,-0.0151046483005634,0.0568,0.0
5323.313999573918,0.012325,-0.0151040091982701,0.0568,0.0
5323.41459528658,0.012325,-0.015102773924089,0.0568,0.0
5323.515163581105,0.0123249999999999,-0.0151012186438066,0.0568,0.0
5323.615737120839,0.0123249999999999,-0.0151004987110438,0.0568,0.0
5323.716313521596,0.0123249999999999,-0.0150999112205372,0.0568,0.0
5323.81687704775,0.012325,-0.0150984353054321,0.0568,0.0
5323.917456309529,0.012325,-0.0150975351927712,0.0568,0.0
5324.00798289034,0.012325,-0.0150967743670694,0.0568,0.0
5324.108447472783,0.0123249999999999,-0.0150262467693506,0.0568,0.0
5324.209022919866,0.012325,-0.0150415169388226,0.0568,0.0
5324.310423295232,0.012325,-0.0150932837432803,0.0568,0.0
5324.411163012715,0.012325,-0.0150921686974573,0.0568,0.0
5324.511743705007,0.0123249999999999,-0.0150912303580147,0.0568,0.0
5324.6123456165515,0.012325,-0.0150902427334987,0.0568,0.0
5324.71398226473,0.0123249999999999,-0.0150891783280418,0.0568,0.0
5324.814514796468,0.012325,-0.0150878222210935,0.0568,0.0
5324.915093342992,0.0123249999999999,-0.0150864183334206,0.0568,0.0
5325.015679280492,0.012325,-0.0150856940918948,0.0568,0.0
5325.116259257527,0.012325,-0.0150848962214643,0.0568,0.0
5325.216840188237,0.012325,-0.0150835212645566,0.0568,0.0
5325.31743065569,0.012325,-0.0150825512530486,0.0568,0.0
5325.407964627477,0.012325,-0.0150816060058429,0.0568,0.0
5325.508551041814,0.012325,-0.0150806231822025,0.0568,0.0
5325.609130780431,0.012325,-0.0150795475167867,0.0568,0.0
5325.710242430898,0.012325,-0.0150782575110599,0.0568,0.0
5325.810808341237,0.012325,-0.0150772466666612,0.0568,0.0
5325.911349694463,0.012325,-0.0150765179257236,0.0568,0.0
5326.011891524526,0.0123249999999999,-0.0150750982314997,0.0568,0.0
5326.112474362584,0.012325,-0.0150736750749864,0.0568,0.0
5326.214996020528,0.012325,-0.0150733872704002,0.0568,0.0
5326.315578143331,0.012325,-0.0150733973738516,0.0568,0.0
