5195.517958542108,0.0124169999999999,6.5432704897827276e-09,0.05609,0.0
5195.610186001062,0.0124169999999999,-4.339361547545605e-07,0.05609,0.0
5195.710761924982,0.012417,-1.6826966879336094e-06,0.05609,0.0
5195.811603685617,0.0124169999999999,-3.326391578659365e-06,0.05609,0.0
5195.912178655863,0.012417,-4.874310132739999e-06,0.05609,0.0
5196.014788290262,0.0124169999999999,-6.580568325788294e-06,0.05609,0.0
5196.115332266092,0.012417,-8.1058978742745e-06,0.05609,0.0
5196.215897938013,0.0124169999999999,-9.629731860451296e-06,0.05609,0.0
5196.316455265283,0.012417,-1.1068773467787577e-05,0.05609,0.0
5196.417033096552,0.0124169999999999,-1.272413047495244e-05,0.05609,0.0
5196.517554899454,0.012417,-1.425430622303131e-05,0.05609,0.0
5196.618130346536,0.0124169999999999,-1.58198460109343e-05,0.05609,0.0
5196.718700309992,0.0124169999999999,-1.732459643530304e-05,0.05609,0.0
5196.819266697168,0.0124169999999999,-1.886386522113349e-05,0.05609,0.0
5196.919840952158,0.0124169999999999,-2.053748106328572e-05,0.05609,0.0
5197.0103680098055,0.0124169999999999,-2.1969720363040207e-05,0.05609,0.0
5197.110947986841,0.0124169999999999,-2.352542629388901e-05,0.05609,0.0
5197.21253409028,0.012417,-2.501948340850532e-05,0.05609,0.0
5197.313254019022,0.0124169999999999,-2.6677017366411385e-05,0.05609,0.0
5197.415586611032,0.0124169999999999,-2.817840271218328e-05,0.05609,0.0
5197.516136785745,0.0124169999999999,-2.963363943357146e-05,0.05609,0.0
5197.61668338418,0.0124169999999999,-3.13172868962857e-05,0.05609,0.0
5197.717238804102,0.0124169999999999,-3.281895310389832e-05,0.05609,0.0
5197.817803522348,0.0124169999999999,-3.427152986433882e-05,0.05609,0.0
5197.918370386362,0.012417,-3.5212416630407e-05,0.05609,0.0
5198.018964191675,0.0124169999999999,-3.541840428912882e-05,0.05609,0.0
5198.1195351088045,0.0122924610958858,-9.097571733337334e-06,0.05609,0.0
5198.210041185617,0.0119251993744604,6.852760540246652e-05,0.05609,0.0
5198.310610433817,0.0111675136143502,0.0002287012124317,0.05609,0.0
5198.41117229104,0.0103727956056646,0.000396754331132,0.05609,0.0
5198.512703796625,0.0095961211733227,0.0005610099809519,0.05609,0.0
5198.613272806406,0.0088563511040034,0.0007173763633564,0.05609,0.0
5198.7138413393495,0.0080650050884326,0.0008847217422422,0.05609,0.0
5198.814369579553,0.0072883042943303,0.0010489683570329,0.05609,0.0
5198.916848560571,0.0065307251967165,0.0012091795555821,0.05609,0.0
5199.017403503656,0.0057859651191652,0.0013666344979275,0.05609,0.0
5199.1179677450655,0.0051912052731599,0.0014923980964874,0.05609,0.0
5199.218518635034,0.0049699999999999,0.0015392115419156,0.05609,0.0
5199.319086214304,0.0048569730867126,0.0015692591355523,0.05609,900.0
5199.409615417719,0.0043041176295209,0.0017073049929035,0.05609,900.0
5199.510193964243,0.0027631286631929,0.0020206823486184,0.05609,900.0
5199.610761066675,0.0012969581005896,0.0021910506563397,0.05609,900.0
5199.711328169107,-0.0001928441345905,0.0022296743652841,0.05609,900.0
5199.81190528512,-0.0017403700183851,0.0021384679078245,0.05609,900.0
5199.912843366861,-0.0032284812108644,0.0019287595704919,0.05609,900.0
5200.013420244455,-0.0047117694547753,0.0015895772322392,0.05609,900.0
5200.113997122049,-0.0061278123775562,0.0011416304308038,0.05609,900.0
5200.214557071924,-0.0074826638083048,0.0005772634436149,0.05609,900.0
5200.315133234262,-0.0088462170218796,-0.0001243632605433,0.05609,900.0
5200.415711780786,-0.0101584662732671,-0.0009443334861767,0.05609,900.0
5200.516291042566,-0.0113465595016994,-0.0018339115719612,0.05609,900.0
5200.618009945154,-0.012478118915767,-0.0028526384378131,0.05609,900.0
5200.718579431772,-0.0134929300359067,-0.0039191641379506,0.05609,900.0
5200.819137474298,-0.0144429367331298,-0.0051081086549208,0.05609,900.0
5200.909641405344,-0.0152063152053862,-0.0062644621019644,0.05609,900.0
5201.010206838846,-0.0159255030966809,-0.0075654793500046,0.05609,900.0
5201.11075176835,-0.0164612655783423,-0.0087141437138741,0.05609,900.0
5201.211300035715,-0.0169135287744005,-0.0099243375115407,0.05609,900.0
5201.311843057871,-0.0173213204411922,-0.0113189691659145,0.05609,900.0
5201.412404676676,-0.0176210331358958,-0.0127793451574329,0.05609,900.0
5201.512942215204,-0.017800973880139,-0.0141168444973086,0.05609,900.0
5201.613518139124,-0.0178521985350607,-0.0152462006462437,0.05609,900.0
5201.714091440439,-0.0178330420503057,-0.0166901223143243,0.05609,900.0
5201.81465544343,-0.017756622754799,-0.0176300499172604,0.05609,900.0
5201.915220638513,-0.0175256884334236,-0.0190929295599254,0.05609,900.0
5202.015782734155,-0.0171629061687689,-0.0205535388109297,0.05609,900.0
5202.109397073984,-0.016761537571081,-0.0217765843940085,0.05609,900.0
5202.209966083765,-0.016287347292666,-0.022950383401867,0.05609,900.0
5202.310509344339,-0.0156575197591574,-0.0242045237217669,0.05609,900.0
5202.411080738306,-0.0148881130867191,-0.0254855006594403,0.05609,900.0
5202.511646648645,-0.0140074574054481,-0.0266907456575387,0.05609,900.0
5202.612157245874,-0.0130047039502865,-0.027855106792237,0.05609,900.0
5202.712722917795,-0.0119072096442281,-0.0289351274452273,0.05609,900.0
5202.813285490274,-0.0107884565783793,-0.0298679254216187,0.05609,900.0
5202.913844963312,-0.0095121620539181,-0.0307450761965807,0.05609,900.0
5203.014421364069,-0.0082526594307472,-0.0314743759928503,0.05609,900.0
5203.114996811151,-0.0067960459357417,-0.0321525163866107,0.05609,900.0
5203.215572735071,-0.0054596657267919,-0.0326383956283805,0.05609,900.0
5203.316158434152,-0.0040305333173658,-0.0330205587189468,0.05609,900.0
5203.416725775003,-0.0025414283350981,-0.0332996157566197,0.05609,900.0
5203.517287870645,-0.0009928561680332,-0.0334535253989001,0.05609,900.0
5203.618547817468,0.0005041118287342,-0.033477310299597,0.05609,900.0
5203.7190815413,0.0019826528761267,-0.0333685039100586,0.05609,900.0
5203.809595962763,0.0033549427053828,-0.0331608631815224,0.05609,900.0
5203.910112758875,0.0048727262280406,-0.0328142200989036,0.05609,900.0
5204.0106138193605,0.0062986208248299,-0.0323453488651593,0.05609,900.0
5204.112063547373,0.0076427570264362,-0.0317739423055315,0.05609,900.0
5204.2127214872835,0.0090430940741582,-0.0310344737953614,0.05609,900.0
5204.313275953531,0.0102730472852788,-0.0302439275886518,0.05609,900.0
5204.413830896616,0.0114784345056519,-0.029309267257486,0.05609,900.0
5204.51441945672,0.0125589368805602,-0.0283189189502847,0.05609,900.0
5204.6149898970125,0.013578531618702,-0.0272136048191043,0.05609,900.0
5204.715554138422,0.0145368446211042,-0.0259909395701889,0.05609,900.0
5204.816120764017,0.0153589068614804,-0.0247336029558453,0.05609,900.0
5204.916693826914,0.0160534696279113,-0.0234293002332835,0.05609,900.0
5205.017248769998,0.0166120536185052,-0.022179540854916,0.05609,900.0
5205.117775341272,0.0170062797900356,-0.021059463412029,0.05609,900.0
5205.218319555521,0.0173982800104373,-0.0196501529487605,0.05609,900.0
5205.318895241022,0.0176923892492181,-0.0181211441591475,0.05609,900.0
5205.409420391321,0.0178271859208244,-0.0167182659919204,0.05609,900.0
5205.514270683527,0.0178511753885191,-0.0152368690168874,0.05609,900.0
5205.614845415354,0.0177493686257081,-0.013705999595763,0.05609,900.0
5205.715410848856,0.0175177415896039,-0.0121730190267798,0.05609,900.0
5205.815939565897,0.0171680908385222,-0.0107277819526382,0.05609,900.0
5205.916518112421,0.0167929848096578,-0.0095548063424768,0.05609,900.0
5206.017093082666,0.0162901362827935,-0.0083382921270208,0.05609,900.0
5206.117678781748,0.015606119595711,-0.0069679821900869,0.05609,900.0
5206.218238016367,0.0148298187594724,-0.0056807812872105,0.05609,900.0
5206.318809648752,0.0139576791446146,-0.0044865747041574,0.05609,900.0
5206.419410368204,0.0129696660459426,-0.0033518772398753,0.05609,900.0
5206.509920259714,0.01199987565309,-0.0023983401353691,0.05609,900.0
5206.610484024286,0.0108516022464472,-0.0014392923415642,0.05609,900.0
5206.711075445413,0.0096166081230474,-0.0005802467458386,0.05609,900.0
5206.812227627039,0.0083149114571652,0.000171854417739,0.05609,900.0
5206.912742038965,0.0069554699278022,0.0008097206266422,0.05609,900.0
5207.014832636118,0.0055837917492944,0.0013308431637273,0.05609,900.0
5207.11539640069,0.0049874969949497,0.001533624512258,0.05609,900.0
5207.215941568613,0.0049699999999999,0.0015392115419156,0.05609,900.0
5207.31652130723,0.0053608186942786,-0.0001213011818315,0.05609,900.0
5207.417106767893,0.0065360085831619,-0.0051142729575177,0.05609,900.0
5207.517682691812,0.0081375675299658,-0.0119182885756493,0.05609,900.0
5207.61823715806,0.009011,-0.0156287662680607,0.05609,900.0
5207.708740135431,0.0089617772736911,-0.0164506288194142,0.05609,900.0
5207.809320350885,0.0087194527627538,-0.0177547368129109,0.05609,900.0
5207.909896990061,0.0082388711123224,-0.0191696793069687,0.05609,900.0
5208.010963817835,0.0074992068204498,-0.0205277007454394,0.05609,900.0
5208.111529728174,0.0065600555738371,-0.0217427402132154,0.05609,900.0
5208.212063213587,0.0054661342347716,-0.0227407421187848,0.05609,900.0
5208.312626024484,0.004251107739181,-0.0235247213984213,0.05609,900.0
5208.41366400361,0.0028827397437879,-0.0241294418482406,0.05609,900.0
5208.514238973856,0.0013742497343694,-0.0245056973217635,0.05609,900.0
5208.623790403604,-0.0002849892103092,-0.0246145637899472,0.05609,900.0
5208.714255472421,-0.0015707853484732,-0.0244878139106395,0.05609,900.0
5208.815438886881,-0.0030138309016531,-0.0240986653781051,0.05609,900.0
5208.916131159067,-0.004446591928599,-0.0234238764943102,0.05609,900.0
5209.016708990335,-0.0056625221430095,-0.022590436854562,0.05609,900.0
5209.117277046442,-0.0067563001176827,-0.0215231919390992,0.05609,900.0
5209.217844148874,-0.0076412235233406,-0.0203107080917181,0.05609,900.0
5209.308406969309,-0.0082596018653496,-0.0191228251073643,0.05609,900.0
5209.408987423181,-0.0087288858952056,-0.0176794815648823,0.05609,900.0
5209.509505172968,-0.0089513847608951,-0.016174864883635,0.05609,900.0
5209.61007728219,-0.0089413690982448,-0.0146737504541862,0.05609,900.0
5209.710656305551,-0.0086686247544899,-0.0132256221646165,0.05609,900.0
5209.811227222681,-0.0081837853577216,-0.011876416388266,0.05609,900.0
5209.911801716089,-0.0074143220277375,-0.0105474804164597,0.05609,900.0
5210.012368818521,-0.0064694814953789,-0.0093943184656877,0.05609,900.0
5210.125036379099,-0.0051354420955465,-0.0082584261489706,0.05609,900.0
5210.217009445429,-0.0039942464152443,-0.0075886652162759,0.05609,900.0
5210.317577739954,-0.0025929300866475,-0.0070460029517667,0.05609,900.0
5210.4181372129915,-0.0010886743829849,-0.0067319085323868,0.05609,900.0
5210.508621116876,0.0002755694967817,-0.0066687542577709,0.05609,900.0
5210.609153887033,0.0017664884335076,-0.0068361503165252,0.05609,900.0
5210.709725042581,0.0032125104800428,-0.0072370500937601,0.05609,900.0
5210.810295959711,0.0045589080080329,-0.0078913678229039,0.05609,900.0
5210.910871168375,0.0058005137389256,-0.0087456390172021,0.05609,900.0
5211.0114442312715,0.0068549578409638,-0.0097943582300785,0.05609,900.0
5211.112044950723,0.0077205758659286,-0.0110234981536287,0.05609,900.0
5211.2126234972475,0.008364683650553,-0.0123475927507049,0.05609,900.0
5211.313206812143,0.0087743701058062,-0.013767060796323,0.05609,900.0
5211.413780113458,0.0089673303924698,-0.0151264738166599,0.05609,900.0
5211.514346977472,0.0090107124801473,-0.0156238520994343,0.05609,900.0
5211.614919563532,0.009011,-0.0156287662680606,0.05609,900.0
5211.7159615957735,0.0100850266096809,-0.0136305860593497,0.05609,900.0
5211.816552540064,0.0122766060972618,-0.0095532993321871,0.05609,900.0
5211.917183777094,0.0136609999999999,-0.0069778083271376,0.05609,900.0
5212.017791410684,0.0136419227762212,-0.0069477576015674,0.05609,900.0
5212.109782358408,0.0134975864807719,-0.0067203969302936,0.05609,900.0
5212.210363050699,0.0126248877779545,-0.0055479779057033,0.05609,900.0
5212.310929199457,0.0116500998510333,-0.0044391723238153,0.05609,900.0
5212.411497732401,0.0105625422614792,-0.0034081904140423,0.05609,900.0
5212.51206364274,0.0093543344578949,-0.0024669808934793,0.05609,900.0
5212.612785955667,0.0080877369793352,-0.0016533090631862,0.05609,900.0
5212.7133258783815,0.0067461023275526,-0.0009584624174258,0.05609,900.0
5212.81386007905,0.0053433827339188,-0.0003864340562676,0.05609,900.0
5212.914425989389,0.0039291451847467,4.012917622231091e-05,0.05609,900.0
5213.014951845407,0.002436149688358,0.0003427741478778,0.05609,900.0
5213.115518471002,0.0009695540612199,0.0005016335673759,0.05609,900.0
5213.21607460618,-0.0005306698222187,0.0005319234530052,0.05609,900.0
5213.316629549265,-0.0020891313108524,0.0003995637580796,0.05609,900.0
5213.41177978158,-0.0034658824676472,0.0001571238825297,0.05609,900.0
5213.512348552942,-0.0049720502379641,-0.0002636327787391,0.05609,900.0
5213.612922569513,-0.0064012971912642,-0.0008003918583918,0.05609,900.0
5213.713452717066,-0.0077244572278928,-0.0014439540358624,0.05609,900.0
5213.814236541986,-0.0090164388512842,-0.0022349423469208,0.05609,900.0
5213.914816519022,-0.0102181165218688,-0.0031204394595296,0.05609,900.0
5214.015393396616,-0.0113076589824155,-0.0040963708497096,0.05609,900.0
5214.115932127237,-0.0123712675490357,-0.0052457812231706,0.05609,900.0
5214.216492315531,-0.0132969325089337,-0.0064429669385099,0.05609,900.0
5214.317061086893,-0.0140877666894975,-0.0077137253252831,0.05609,900.0
5214.4176262819765,-0.0147646776175171,-0.0090447316338876,0.05609,900.0
5214.518197914362,-0.0153275801633635,-0.0104972884270388,0.05609,900.0
5214.608717104196,-0.0156895396197829,-0.0117876792399907,0.05609,900.0
5214.709234853983,-0.0159756341790386,-0.0132594285903466,0.05609,900.0
5214.809839388132,-0.0161219334181499,-0.0147519514546806,0.05609,900.0
5214.914784570932,-0.016128617553951,-0.0163214750652699,0.05609,900.0
5215.0153459513185,-0.0160003649808,-0.017819384781033,0.05609,900.0
5215.115908285379,-0.0157263933305715,-0.0192922179620953,0.05609,900.0
5215.217355867624,-0.0153166963203858,-0.0207490038986367,0.05609,900.0
5215.317867180109,-0.0147790918500122,-0.0221471604854479,0.05609,900.0
5215.416658540964,-0.0141293884444642,-0.0234657227899102,0.05609,900.0
5215.517228027582,-0.0133585307661032,-0.0247227447455128,0.05609,900.0
5215.617777725458,-0.0124685179551971,-0.0259249962003496,0.05609,900.0
5215.71834149003,-0.0113766745337224,-0.027106537409022,0.05609,900.0
5215.8088556730745,-0.0103916592456907,-0.0279952222314908,0.05609,900.0
5215.909406563043,-0.0091883963286717,-0.0289078104885655,0.05609,900.0
5216.009977241754,-0.0079261720412626,-0.0296994828248254,0.05609,900.0
5216.1106316053865,-0.0066191943029117,-0.030363228738934,0.05609,900.0
5216.211194177866,-0.0052323667331354,-0.0309078234255052,0.05609,900.0
5216.3117491209505,-0.0037581150888169,-0.0313352827734862,0.05609,900.0
5216.41233005166,-0.0022441702333293,-0.03162662712069,0.05609,900.0
5216.512886186838,-0.0007706436376604,-0.0317689477291091,0.05609,900.0
5216.613460203409,0.0007663605666812,-0.0317700873618339,0.05609,900.0
5216.714051862955,0.0022272936901516,-0.0316467121645624,0.05609,900.0
5216.816481491327,0.0037403101000708,-0.0313549175723708,0.05609,900.0
5216.9170144999025,0.005160014586538,-0.0309462565580083,0.05609,900.0
5217.017591615915,0.0066172212852865,-0.0303654099624622,0.05609,900.0
5217.118162056207,0.0079478052595821,-0.0296888737274842,0.05609,900.0
5217.208671947717,0.009108218086466,-0.0289625672653534,0.05609,900.0
5217.309247633219,0.010296999526223,-0.0280347768267776,0.05609,900.0
5217.409832855463,0.0113997568478537,-0.0270114324512915,0.05609,900.0
5217.510404487848,0.0124572089871057,-0.0259129509826385,0.05609,900.0
5217.610952755213,0.0133417281594965,-0.0247310473947126,0.05609,900.0
5217.711531063318,0.0141478470523587,-0.0234337399594145,0.05609,900.0
5217.812107464075,0.0148202274755668,-0.0220817212929503,0.05609,900.0
5217.912681003809,0.0153434779781862,-0.0207154219949411,0.05609,900.0
5218.013500591516,0.0157529891713176,-0.0192517929004625,0.05609,900.0
5218.11407746911,0.0160143523195701,-0.017734612837364,0.05609,900.0
5218.214641233682,0.0161391149830148,-0.0162685139136101,0.05609,900.0
5218.317566057443,0.0161231954081273,-0.014739851848026,0.05609,900.0
5218.418151518106,0.0159727376158624,-0.0132640206521532,0.05609,900.0
5218.508677860498,0.0157195156388139,-0.0119396080622968,0.05609,900.0
5218.609788557291,0.015295726280804,-0.0104432267634808,0.05609,900.0
5218.710327764749,0.0147261811334756,-0.0089998402143526,0.05609,900.0
5218.810931583643,0.014115356181057,-0.0077502986714254,0.05609,900.0
5218.91174616456,0.0136609999999999,-0.0069778083271376,0.05609,900.0
5219.012317320108,0.0136609481391361,-0.0069779586949864,0.05609,900.0
5219.112880131006,0.0136574125900964,-0.0069882098335982,0.05609,900.0
5219.213447471857,0.0117778743012919,-0.0125055787420775,0.05609,900.0
5219.318884512186,0.0108627390887817,-0.0151921066827339,0.05609,900.0
5219.409389873743,0.010714,-0.0156287662680606,0.05609,900.0
5219.509971519708,0.0107129537976353,-0.0156472327955158,0.05609,900.0
5219.610543628931,0.0106534968788082,-0.016411921733823,0.05609,900.0
5219.711109777689,0.0104349499465657,-0.0178497282220013,0.05609,900.0
5219.81169046998,0.0100273552162096,-0.0192831072386607,0.05609,900.0
5219.912257572412,0.009428301954965,-0.0206339734038897,0.05609,900.0
5220.012780567407,0.0086397381550187,-0.0219186274219484,0.05609,900.0
5220.113346477747,0.0076518424393507,-0.0231026903731079,0.05609,900.0
5220.21391334176,0.0065601797742473,-0.0240748818386587,0.05609,900.0
5220.31444563508,0.0053079063540664,-0.024909100800745,0.05609,900.0
5220.415037771463,0.0039211148089883,-0.0255721167377701,0.05609,900.0
5220.515602966547,0.0024879706615813,-0.0260143564466539,0.05609,900.0
5220.616169592142,0.0010085296952726,-0.026257472283679,0.05609,900.0
5220.716740986109,-0.0004755405102441,-0.0262856548843113,0.05609,900.0
5220.8174849951265,-0.0019632113018542,-0.0261212880759904,0.05609,900.0
5220.908548732996,-0.0032938139378166,-0.0257826879126277,0.05609,900.0
5221.009137769937,-0.0046891694094779,-0.0252213274003967,0.05609,900.0
5221.109700580835,-0.0059658422603406,-0.0244905611715838,0.05609,900.0
5221.210271736383,-0.0071591127453299,-0.02355609433644,0.05609,900.0
5221.312081238031,-0.008241217232444,-0.022442234392665,0.05609,900.0
5221.412688633203,-0.0091098790549975,-0.0212454877363058,0.05609,900.0
5221.513252397775,-0.0098100689085398,-0.0198649062377151,0.05609,900.0
5221.620805164575,-0.0103239060861462,-0.0183878302604904,0.05609,900.0
5221.7113138639925,-0.0105815267141012,-0.0170461057386162,0.05609,900.0
5221.811882158518,-0.0106786371558643,-0.0155471460525634,0.05609,900.0
5221.912459751367,-0.0105532907342892,-0.0140430730713347,0.05609,900.0
5222.013018270731,-0.0102160771798897,-0.012558925546395,0.05609,900.0
5222.113733192682,-0.009674730956102,-0.0111349883900992,0.05609,900.0
5222.214479109049,-0.0089613523309285,-0.0098165096035765,0.05609,900.0
5222.315228601694,-0.008080567468364,-0.0086366878713898,0.05609,900.0
5222.415865799188,-0.0070068888332252,-0.0075628492593635,0.05609,900.0
5222.516525408029,-0.0057860763145012,-0.0066376155571095,0.05609,900.0
5222.617200990915,-0.0045303412968586,-0.0059339601317423,0.05609,900.0
5222.72176112771,-0.0030402161731244,-0.0053736809347664,0.05609,900.0
5222.812265774011,-0.0017494556027627,-0.0050865061975005,0.05609,900.0
5222.912835499048,-0.0002416961060076,-0.004958839924945,0.05609,900.0
5223.0134047472475,0.0012437760929665,-0.0050303157568949,0.05609,900.0
5223.113947530985,0.0027462778440316,-0.0053202105900595,0.05609,900.0
5223.214511533975,0.0041801267814004,-0.0058004401203619,0.05609,900.0
5223.315077682733,0.0055022784925388,-0.0064866837745476,0.05609,900.0
5223.415648361444,0.0067493341100993,-0.0073610095174904,0.05609,900.0
5223.516208072901,0.0078268398049388,-0.0083674510909443,0.05609,900.0
5223.614267965555,0.0087388001272093,-0.0095521738377303,0.05609,900.0
5223.714839121103,0.0095275745994103,-0.0107527338348436,0.05609,900.0
5223.815420051813,0.0101371618060128,-0.0122344424967587,0.05609,900.0
5223.916001220941,0.0105080276067657,-0.0137063285098207,0.05609,900.0
5224.016571661234,0.0106751338179897,-0.0151356543670066,0.05609,900.0
5224.117149492502,0.0107111845892013,-0.0155790149985275,0.05609,900.0
5224.217722078562,0.010714,-0.0156287662680606,0.05609,900.0
5224.318296333551,0.0101548977498419,-0.0137534244047759,0.05609,900.0
5224.4087799990175,0.0088366932290391,-0.0093318427484834,0.05609,900.0
5224.5093387567995,0.0072477347230053,-0.0040020261871303,0.05609,900.0
5224.609958311319,0.006926,-0.0029227933370587,0.05609,900.0
5224.710531374216,0.0069252972586565,-0.0029224179753876,0.05609,900.0
5224.815210481882,0.0068227238035196,-0.0028725950327675,0.05609,900.0
5224.915790458917,0.0057242549503363,-0.0023415884615159,0.05609,900.0
5225.016359468698,0.0043127068201538,-0.0018239203407559,0.05609,900.0
5225.116852661371,0.0028952189542611,-0.0014589682815268,0.05609,900.0
5225.217415472269,0.0013820784348536,-0.001240937550207,0.05609,900.0
5225.317991634607,-0.0001397334939785,-0.0011816147420015,0.05609,900.0
5225.408521076441,-0.0014792769607238,-0.0012593129887951,0.05609,900.0
5225.509085794687,-0.0029350157228047,-0.0014799902957634,0.05609,900.0
5225.609617134332,-0.0043944009451934,-0.0018659655745221,0.05609,900.0
5225.710202356577,-0.0058448839421055,-0.0024118822822861,0.05609,900.0
5225.810776849985,-0.0071712829769375,-0.0030761130348292,0.05609,900.0
5225.911342760324,-0.008411416146096,-0.0038662050443389,0.05609,900.0
5226.015570064783,-0.0096607413114244,-0.0048642422151237,0.05609,900.0
5226.1177507841585,-0.0107051108467849,-0.0058974566127477,0.05609,900.0
5226.218313595056,-0.0117154856430111,-0.0071497136170624,0.05609,900.0
5226.308782001734,-0.0124345296203956,-0.0082665727961125,0.05609,900.0
5226.416278024912,-0.0131553017729133,-0.0097215045614826,0.05609,900.0
5226.516842981577,-0.013694814994392,-0.0110735809079241,0.05609,900.0
5226.617406030893,-0.0141048315488339,-0.0125243537630792,0.05609,900.0
5226.7179719412325,-0.0143551891924457,-0.0140420596470927,0.05609,900.0
5226.808479925394,-0.0144453933959783,-0.015375397510454,0.05609,900.0
5226.909017463922,-0.0143977010933254,-0.016837586591701,0.05609,900.0
5227.009569069147,-0.0141939581882632,-0.0183726073411656,0.05609,900.0
5227.110136171579,-0.0138344786056485,-0.0198368259042094,0.05609,900.0
5227.217532058954,-0.0132988311266566,-0.02132365219289,0.05609,900.0
5227.318242450952,-0.012620461328514,-0.0226925660213763,0.05609,900.0
5227.408747097254,-0.0119131709784387,-0.0238211814912994,0.05609,900.0
5227.509313961267,-0.010999484447288,-0.0249983721083671,0.05609,900.0
5227.609939476251,-0.0099467280263644,-0.0261035216785978,0.05609,900.0
5227.71048535943,-0.0087850021085982,-0.0270961872131226,0.05609,900.0
5227.811038156748,-0.0075521197341185,-0.0279468841493458,0.05609,900.0
5227.911592622995,-0.0062400460367707,-0.0286581166183468,0.05609,900.0
5228.012158771753,-0.0048480143104811,-0.0292426607173233,0.05609,900.0
5228.116320272684,-0.0033554386785996,-0.0296877009788221,0.05609,900.0
5228.216879507303,-0.0018775577400095,-0.0299616493339382,0.05609,900.0
5228.3175603353975,-0.0003748101997346,-0.0300854389811767,0.05609,900.0
5228.418118616342,0.0011104646465755,-0.0300511786404296,0.05609,900.0
5228.508654972315,0.0024557229445725,-0.0298791572831843,0.05609,900.0
5228.60922827363,0.0039863940056139,-0.0295205306869958,0.05609,900.0
5228.709804674387,0.0054231658745858,-0.0290224262037452,0.05609,900.0
5228.810376545191,0.0067490613446057,-0.0284046780012864,0.05609,900.0
5228.910972973108,0.0080504440491004,-0.0276220924323761,0.05609,900.0
5229.011539598703,0.0092760853796534,-0.0267014296254877,0.05609,900.0
5229.112100025415,0.0103544468688355,-0.0256704925667323,0.05609,900.0
5229.21269192338,0.0113267703174764,-0.0245288966642984,0.05609,900.0
5229.313241621256,0.0122255754592224,-0.0233579438487612,0.05609,900.0
5229.413811107874,0.012848286249878,-0.0222631626519601,0.05609,900.0
5229.531057735681,0.0134838943999072,-0.0208204037549503,0.05609,900.0
5229.611726423502,0.0138913753307051,-0.0196609837759063,0.05609,900.0
5229.712303062677,0.0142339039894098,-0.0181558793214099,0.05609,900.0
5229.812889715433,0.0144073589859656,-0.0166917872408017,0.05609,900.0
5229.913445373773,0.0144424550357873,-0.015194298621197,0.05609,900.0
5230.013934274912,0.0143105952430251,-0.0136829099537813,0.05609,900.0
5230.115010877847,0.0140705965115785,-0.0123435307113565,0.05609,900.0
5230.215568920374,0.0137646846841754,-0.0112081368273416,0.05609,900.0
5230.316130539179,0.0133118954683392,-0.0100173958172847,0.05609,900.0
5230.416695257425,0.01275358804084,-0.0088187967000308,0.05609,900.0
5230.517242571115,0.0123195233576784,-0.0080550015456207,0.05609,900.0
5230.617810150385,0.0117702621372718,-0.0072392679861689,0.05609,900.0
5230.717848917246,0.0108590429868878,-0.0060707566794991,0.05609,900.0
5230.8088811838625,0.0099445620284228,-0.0051345507126605,0.05609,900.0
5230.909473797083,0.0087586697105499,-0.0041264396326633,0.05609,900.0
5231.010002752542,0.0075326578381114,-0.0032980859526559,0.05609,900.0
5231.110561510324,0.006997156228701,-0.0029638187756455,0.05609,900.0
5231.211127659082,0.006926,-0.0029227933370587,0.05609,900.0
5231.311690708399,0.0075105848278665,-0.0042755681594131,0.05609,900.0
5231.412246605158,0.0094062037616451,-0.0086620417640222,0.05609,900.0
5231.512783666849,0.0118201695451204,-0.0142478390331217,0.05609,900.0
5231.6145814859865,0.0124169999999999,-0.0156287662680606,0.05609,900.0
5231.715091129541,0.0124166530096699,-0.0156345686433493,0.05609,900.0
5231.815664192438,0.012408135045243,-0.0157762885821917,0.05609,900.0
5231.916234871149,0.0123243129974114,-0.0170676105038166,0.05609,900.0
5232.016785999536,0.0120450671406246,-0.0185826462385086,0.05609,900.0
5232.117363115549,0.0116172551733678,-0.0199473056859859,0.05609,900.0
5232.210640569925,0.0110474575874655,-0.0212175173249108,0.05609,900.0
5232.311186691522,0.0102511818465653,-0.0225683717457968,0.05609,900.0
5232.412642379999,0.0093359103291136,-0.0237518735167379,0.05609,900.0
5232.513210197687,0.00832036783488,-0.0247912234996765,0.05609,900.0
5232.613768478632,0.0071130056306469,-0.0257517724289795,0.05609,900.0
5232.714350124597,0.0058083745626295,-0.0265569489644153,0.05609,900.0
5232.814908882379,0.0045104494109266,-0.0271541977312246,0.05609,900.0
5232.915474077463,0.0030743262037726,-0.0276247439259255,0.05609,900.0
5233.013094564676,0.0015704575620595,-0.0279228606246194,0.05609,900.0
5233.113654514551,7.066987524616264e-05,-0.0280275541595773,0.05609,900.0
5233.2141744101045,-0.001412977786811,-0.0279445315393234,0.05609,900.0
5233.314730068445,-0.0028559633345868,-0.0276820226296012,0.05609,900.0
5233.4152964556215,-0.0043417897598194,-0.0272245642418013,0.05609,900.0
5233.515811344385,-0.0056912021259414,-0.0266266530765608,0.05609,900.0
5233.616386076212,-0.0069501139901181,-0.025872896886571,0.05609,900.0
5233.716951509714,-0.008177512684911,-0.0249214434119712,0.05609,900.0
5233.817545791864,-0.0092673843513656,-0.0238366720661041,0.05609,900.0
5233.918118854761,-0.0101775043240302,-0.0226698184045638,0.05609,900.0
5234.008641859293,-0.0109072447425661,-0.0214964816807397,0.05609,900.0
5234.109326025247,-0.0115158511229921,-0.0201991915580423,0.05609,900.0
5234.20991148591,-0.0120036557174163,-0.0187092333959435,0.05609,900.0
5234.3104757273195,-0.0122891746323577,-0.0172195918283154,0.05609,900.0
5234.411051412821,-0.0123852217971432,-0.0157830169287516,0.05609,900.0
5234.5116340124605,-0.0122987308614659,-0.0142312261073832,0.05609,900.0
5234.6120482885835,-0.0120476428607233,-0.0127743122626602,0.05609,900.0
5234.712627073526,-0.011604231053883,-0.0113299703091318,0.05609,900.0
5234.813192745447,-0.0110084582194707,-0.0099643350309372,0.05609,900.0
5234.913753172159,-0.0102414616704881,-0.0086689127024455,0.05609,900.0
5235.014278074503,-0.009291361720896,-0.0074387517737896,0.05609,900.0
5235.114838501215,-0.0082537678095818,-0.006392437056385,0.05609,900.0
5235.215400596857,-0.0071047321131372,-0.0054819278269952,0.05609,900.0
5235.315964838266,-0.005772256750143,-0.0046636368936331,0.05609,900.0
5235.410293480158,-0.0045129942950803,-0.0040838942374484,0.05609,900.0
5235.510911127329,-0.0030747684960546,-0.0036231450216532,0.05609,900.0
5235.611578127146,-0.001560581561294,-0.0033449641833484,0.05609,900.0
5235.712092300653,-8.077057640787366e-05,-0.0032550252072377,0.05609,900.0
5235.812649866342,0.0014040323668631,-0.0033390814740047,0.05609,900.0
5235.91319431901,0.0028673357124995,-0.0035925809115952,0.05609,900.0
5236.0137604677675,0.0042900989888763,-0.0040222117956886,0.05609,900.0
5236.114313265085,0.0056648991682863,-0.004628276040024,0.05609,900.0
5236.214833875894,0.0069635167359533,-0.0053915112105094,0.05609,900.0
5236.315354248285,0.0081714601514627,-0.0063165916019887,0.05609,900.0
5236.415902754068,0.009283396842973,-0.0074208647168165,0.05609,900.0
5236.516465564966,0.0101768938532948,-0.0085514671722394,0.05609,900.0
5236.617023607492,0.010966887077626,-0.0098332723336833,0.05609,900.0
5236.717590471506,0.0115814964702995,-0.0111878668723612,0.05609,900.0
5236.818183323145,0.0120164544813632,-0.0126439616322471,0.05609,900.0
5236.9121724569795,0.0122727407134056,-0.0140160860542929,0.05609,900.0
5237.012725492716,0.0123915974574823,-0.0152021708780384,0.05609,900.0
5237.11330904603,0.0124169999999999,-0.0156287662680606,0.05609,900.0
5237.213871856928,0.0124169999999999,-0.0156279901992794,0.05609,0.0
5237.314339300394,0.012417,-0.0156262880965667,0.05609,0.0
5237.415070673227,0.0124169999999999,-0.0156251148650033,0.05609,0.0
5237.515591999292,0.0124169999999999,-0.0156242867875871,0.05609,0.0
5237.6296156847475,0.0124169999999999,-0.0156238011643619,0.05609,0.0
5237.710071464777,0.0124169999999999,-0.0156221660858976,0.05609,0.0
5237.810629507303,0.0124169999999999,-0.0156211847833147,0.05609,0.0
5237.9111625158785,0.012417,-0.0156206747451266,0.05609,0.0
5238.012365003824,0.0124169999999999,-0.0156193855139995,0.05609,0.0
5238.112925907373,0.0124169999999999,-0.0156182121677734,0.05609,0.0
5238.213486810922,0.0124169999999999,-0.0156173357473787,0.05609,0.0
5238.314072033167,0.012417,-0.0156163532142932,0.05609,0.0
5238.4146167242525,0.0124169999999999,-0.0156152395831351,0.05609,0.0
5238.515191694498,0.0124169999999999,-0.0156142846079258,0.05609,0.0
5238.615749975443,0.012417,-0.0156133570283541,0.05609,0.0
5238.716309686899,0.0124169999999999,-0.0156122524745548,0.05609,0.0
5238.808000942468,0.0124169999999999,-0.0156112506344352,0.05609,0.0
5238.90855803132,0.0124169999999999,-0.0156101328770244,0.05609,0.0
5239.009116789102,0.0124169999999999,-0.0156092091515292,0.05609,0.0
5239.110937973261,0.012417,-0.0156075141505115,0.05609,0.0
5239.211489340067,0.0124169999999999,-0.0156062171114047,0.05609,0.0
5239.312039991617,0.012417,-0.0156055021445066,0.05609,0.0
5239.412561317682,0.0124169999999999,-0.0156044988476953,0.05609,0.0
5239.513116737604,0.0124169999999999,-0.0156032582996082,0.05609,0.0
5239.613701006174,0.0124169999999999,-0.0156022604374806,0.05609,0.0
5239.714266916513,0.0124169999999999,-0.0156014576549527,0.05609,0.0
5239.8148311579225,0.012417,-0.0156000846145596,0.05609,0.0
5239.915403743982,0.0124169999999999,-0.0155991696514357,0.05609,0.0
5240.01595821023,0.012417,-0.015597825979564,0.05609,0.0
5240.116517683267,0.0124169999999999,-0.0155967388427293,0.05609,0.0
5240.217065235376,0.0124169999999999,-0.0155959092040262,0.05609,0.0
5240.317632576227,0.012417,-0.0155944347093072,0.05609,0.0
5240.408144851923,0.0124169999999999,-0.0155936299756571,0.05609,0.0
5240.510526319742,0.012417,-0.0155934048834527,0.05609,0.0
