2815.4839998438947,-0.010409,0.006917105906385,0.02982,0.0
2815.584564562141,-0.0104089999999999,0.006915283452642,0.02982,0.0
2815.686988230049,-0.010409,0.0069135585884344,0.02982,0.0
2815.7875500872724,-0.0104089999999999,0.0069118809528519,0.02982,0.0
2815.8880957320325,-0.0104089999999999,0.0069101136260124,0.02982,0.0
2815.9886578276746,-0.010409,0.0069082511587862,0.02982,0.0
2816.0891803458326,-0.010409,0.0069062738380092,0.02982,0.0
2816.179682607948,-0.0104089999999999,0.0069042287390085,0.02982,0.0
2816.28024637252,-0.0104089999999999,0.0069021178064963,0.02982,0.0
2816.3810542777173,-0.010409,0.0069009226698943,0.02982,0.0
2816.4816354468458,-0.010409,0.0068991131782925,0.02982,0.0
2816.5821508124463,-0.010409,0.0068972750198061,0.02982,0.0
2816.682707424461,-0.010409,0.0068954416424437,0.02982,0.0
2816.7832845404737,-0.0104089999999999,0.0068936725631393,0.02982,0.0
2816.8837596133344,-0.010409,0.006891772882479,0.02982,0.0
2816.9843085959546,-0.0104089999999999,0.0068897558612017,0.02982,0.0
2817.0851031497114,-0.010409,0.0068880163684956,0.02982,0.0
2817.186679954826,-0.010409,0.0068864251241751,0.02982,0.0
2817.2871972277753,-0.010409,0.0068675793747222,0.02982,0.0
2817.3883312895887,-0.010409,0.0067795642575622,0.02982,0.0
2817.4889031603925,-0.0104089999999999,0.0068825815218023,0.02982,0.0
2817.58945929557,-0.010290376787157,0.0063057633405937,0.02982,0.0
2817.6900411799543,-0.0097239690212296,0.0035517922985501,0.02982,0.0
2817.790723676979,-0.0090218705481919,0.0001382740730137,0.02982,0.0
2817.891296978294,-0.0083311758226508,-0.0032198543112823,0.02982,0.0
2817.9918323710554,-0.0076247995307118,-0.006654268155879,0.02982,0.0
2818.092347259819,-0.0069107527038553,-0.0101258639167818,0.02982,0.0
2818.1929165080182,-0.0062081536427079,-0.0135417829056546,0.02982,0.0
2818.2935000613325,-0.0055172515472402,-0.0169008268248362,0.02982,0.0
2818.394056911766,-0.0048475717614308,-0.0201569181016495,0.02982,0.0
2818.4946547701948,-0.0041404651792505,-0.0235949573991705,0.02982,0.0
2818.595253582298,-0.0034474017322002,-0.0269645533655147,0.02982,0.0
2818.6958171084516,-0.0029461161133538,-0.0294014005482179,0.02982,0.0
2818.798827762901,-0.0028799999999999,-0.0297227983864289,0.02982,0.0
2818.8993834212415,-0.0024162410835178,-0.0298085127565118,0.02982,900.0
2818.9999438479535,-0.0013084418400649,-0.0299379479409872,0.02982,900.0
2819.100517626106,0.0002486438889323,-0.0299790269092376,0.02982,900.0
2819.2010890200727,0.0015675171299039,-0.0299147482857296,0.02982,900.0
2819.3019345954053,0.0024900489885111,-0.0297705601560079,0.02982,900.0
2819.402566547691,0.0039633200507096,-0.0294397920902952,0.02982,900.0
2819.5031295970075,0.0053531893856848,-0.0289676003630674,0.02982,900.0
2819.603689070045,0.0067192418589143,-0.0283335097264997,0.02982,900.0
2819.7042647555463,0.0080774978336779,-0.0275191285447142,0.02982,900.0
2819.804785604774,0.0092705715679147,-0.0265950751603156,0.02982,900.0
2819.9053629592054,0.0103246994582512,-0.0256097668434697,0.02982,900.0
2820.005934830009,0.011298921157441,-0.0244812504589515,0.02982,900.0
2820.106532688438,0.0121567680527252,-0.0232605707149982,0.02982,900.0
2820.200788612663,0.0128530779636964,-0.0220175175531417,0.02982,900.0
2820.301363821327,0.013462648620719,-0.0206156043056159,0.02982,900.0
2820.4019087508314,0.0139117708858356,-0.0191815747185113,0.02982,900.0
2820.5024861052625,0.0142256403478485,-0.0176560499179964,0.02982,900.0
2820.6030670359723,0.0143540140302313,-0.0161893392783414,0.02982,900.0
2820.700217123329,0.0143488537109353,-0.0148016278939589,0.02982,900.0
2820.8009697154157,0.0141826607466012,-0.0132923516718947,0.02982,900.0
2820.901535625755,0.0138348176905585,-0.011764928272784,0.02982,900.0
2821.0020958140485,0.0133495419226058,-0.0103241194090969,0.02982,900.0
2821.1026607707136,0.0127146824671324,-0.0089649628118969,0.02982,900.0
2821.2032359793775,0.011962244086515,-0.0076924180624855,0.02982,900.0
2821.3038037970655,0.0110932979914515,-0.0065123561371911,0.02982,900.0
2821.404354210197,0.0100721309746376,-0.0054025762351786,0.02982,900.0
2821.5049070075147,0.0089254502057374,-0.0043875071146978,0.02982,900.0
2821.6054788783185,0.0076977263190998,-0.0035062233226526,0.02982,900.0
2821.7060002043836,0.0063779004454133,-0.002760529323865,0.02982,900.0
2821.806578512489,0.0050286492002889,-0.0021710749894613,0.02982,900.0
2821.907140608131,0.0035482487508954,-0.00170032123956,0.02982,900.0
2822.007722730934,0.002151574419398,-0.0014003887806584,0.02982,900.0
2822.1016105368726,0.0013127627514964,-0.0013166427855347,0.02982,900.0
2822.2021886065595,4.257101879096004e-06,-0.0012671095738292,0.02982,900.0
2822.302728290855,-0.001499694080491,-0.0013528860560577,0.02982,900.0
2822.4033049300306,-0.0029889403323903,-0.0015893527917007,0.02982,900.0
2822.5038913443677,-0.0044379014608372,-0.0019793725573109,0.02982,900.0
2822.604470367729,-0.0058739364991475,-0.0025315987807155,0.02982,900.0
2822.7050026610486,-0.0072435264965865,-0.0032341706119592,0.02982,900.0
2822.8055750086896,-0.0085013395035965,-0.004050843964782,0.02982,900.0
2822.906147594749,-0.0096767389765317,-0.0050140071744937,0.02982,900.0
2823.006704206764,-0.0107091842332307,-0.0060438435560062,0.02982,900.0
2823.107276554405,-0.0116487594225131,-0.0072069448371277,0.02982,900.0
2823.207856293022,-0.0124833721196814,-0.0085190483699156,0.02982,900.0
2823.2983697608106,-0.0130815974720865,-0.009696632166441,0.02982,900.0
2823.398936863243,-0.0136285026273805,-0.0111211583044157,0.02982,900.0
2823.4995106413953,-0.0140215449632535,-0.0125438421535616,0.02982,900.0
2823.6031333163373,-0.0142709392470079,-0.0140938137006198,0.02982,900.0
2823.7036925509565,-0.0143518832241693,-0.0156200189824105,0.02982,900.0
2823.804239626228,-0.0142842595331096,-0.0170901540334942,0.02982,900.0
2823.904919739067,-0.0140539065806068,-0.0185600322218906,0.02982,900.0
2824.00547158271,-0.0136801751930427,-0.0200176776411812,0.02982,900.0
2824.106027002632,-0.0131536039850263,-0.0214077938391044,0.02982,900.0
2824.2065914824598,-0.0124750723970738,-0.0227592217209373,0.02982,900.0
2824.3071666911237,-0.0116430719627268,-0.0240614330023302,0.02982,900.0
2824.407767648994,-0.0107248558923156,-0.0251970899806067,0.02982,900.0
2824.5083190158,-0.0096609114070405,-0.0262536340661716,0.02982,900.0
2824.5988198474042,-0.0085723127457874,-0.0271472074690162,0.02982,900.0
2824.6993910029523,-0.0072886973001624,-0.0279911603980933,0.02982,900.0
2824.7999547675245,-0.0059913406998884,-0.0286783148988247,0.02982,900.0
2824.900510902702,-0.0046020355164437,-0.0292247710483804,0.02982,900.0
2825.001066322624,-0.0033871236843438,-0.0295973731584507,0.02982,900.0
2825.1029642775648,-0.0028799999999999,-0.0297227983864289,0.02982,900.0
2825.203593130409,-0.0029060066885728,-0.0296502660986258,0.02982,900.0
2825.300839300453,-0.0032190359009102,-0.0287769094591,0.02982,900.0
2825.401396389305,-0.0057187172049934,-0.0218007373025842,0.02982,900.0
2825.50195967704,-0.0083112983029986,-0.0145652535538633,0.02982,900.0
2825.603746290504,-0.0100590578105927,-0.0096874870543008,0.02982,900.0
2825.7043291285627,-0.0104089999999999,-0.0087108433655605,0.02982,900.0
2825.804895515739,-0.0101421572381049,-0.0083475061361676,0.02982,900.0
2825.9054712012403,-0.0094780757900818,-0.007528947898384,0.02982,900.0
2826.006028290092,-0.0084566228281597,-0.0064735110657229,0.02982,900.0
2826.106592293083,-0.0072793446724847,-0.0055116789921395,0.02982,900.0
2826.207172985374,-0.0059873301086176,-0.0046938701290673,0.02982,900.0
2826.307743664085,-0.0046640848939071,-0.0040636345729367,0.02982,900.0
2826.3984266474836,-0.0033491844931052,-0.0036017704844136,0.02982,900.0
2826.4989978030317,-0.0018160249664567,-0.0032790624642549,0.02982,900.0
2826.599568720161,-0.0003064961533286,-0.0031505441146268,0.02982,900.0
2826.7055064395063,0.0011937162584334,-0.0032080834310649,0.02982,900.0
2826.8060694888227,0.0026654778394269,-0.003452214146382,0.02982,900.0
2826.9066373065107,0.0041251955714729,-0.0038647272594372,0.02982,900.0
2827.0072177603834,0.005535031449885,-0.0044555588338942,0.02982,900.0
2827.107736940681,0.0068363747332662,-0.0052122919949149,0.02982,900.0
2827.1982589915388,0.0079194530828455,-0.0060034727418085,0.02982,900.0
2827.2988325312726,0.009028436798919,-0.0070159765528452,0.02982,900.0
2827.3993614867322,0.0100041128196719,-0.0081822804683769,0.02982,900.0
2827.4999438479535,0.0108425906824951,-0.0094582739266975,0.02982,900.0
2827.6005400374524,0.0115098943113042,-0.0107649673466894,0.02982,900.0
2827.701104040443,0.0119999935965528,-0.012182440594423,0.02982,900.0
2827.8016768649213,0.0123210570269195,-0.0136881240664743,0.02982,900.0
2827.902244205772,0.0124669575496896,-0.0151907328449387,0.02982,900.0
2828.00280701667,0.0124284250372718,-0.0166609045263435,0.02982,900.0
2828.1033548071973,0.0122017595071082,-0.0181556602464101,0.02982,900.0
2828.2069128707044,0.0117941317461525,-0.0196610772636576,0.02982,900.0
2828.298617000877,0.0112930892842143,-0.0209195240937914,0.02982,900.0
2828.399208183586,0.0105798704866185,-0.0222171155943416,0.02982,900.0
2828.499770279228,0.0097184647633926,-0.0234441391429662,0.02982,900.0
2828.60033237487,0.0087038210188377,-0.0245653552920156,0.02982,900.0
2828.7046588614576,0.0074768270961206,-0.0256203222646064,0.02982,900.0
2828.806002016365,0.0062369354022517,-0.0264414049450003,0.02982,900.0
2828.9067381575696,0.0048282161646994,-0.0271523834845411,0.02982,900.0
2829.007325048744,0.003422391028512,-0.0276243410381999,0.02982,900.0
2829.0978392317884,0.0021579849324073,-0.0279056684049085,0.02982,900.0
2829.19838964492,0.0006806527657313,-0.0280794419081991,0.02982,900.0
2829.2989548400037,-0.0008500370338945,-0.0280632338619071,0.02982,900.0
2829.3995267108075,-0.0023679902819325,-0.0278609416855112,0.02982,900.0
2829.500081177055,-0.0038163506298928,-0.0274944222117464,0.02982,900.0
2829.6006277754896,-0.0051984437617568,-0.0269662127560278,0.02982,900.0
2829.7011660292737,-0.0065546943963646,-0.0262375517404872,0.02982,900.0
2829.801744575798,-0.0077906896699377,-0.0253707652189917,0.02982,900.0
2829.9023288443677,-0.008902082698112,-0.0243956982474702,0.02982,900.0
2830.002893085777,-0.0099274755672692,-0.0231976208115083,0.02982,900.0
2830.0987771704786,-0.0107007777768571,-0.0220414770502312,0.02982,900.0
2830.1993380740278,-0.0113884039465058,-0.020720250802057,0.02982,900.0
2830.299866075813,-0.0119207110041602,-0.019273154644288,0.02982,900.0
2830.4004307940595,-0.0122659490790444,-0.017839073740692,0.02982,900.0
2830.5009916976087,-0.0124445307269614,-0.0163344471450735,0.02982,900.0
2830.6015702441327,-0.0124429913596775,-0.0148371779959383,0.02982,900.0
2830.7022300913923,-0.0122499836323204,-0.0133612682076418,0.02982,900.0
2830.802819128334,-0.0118851066591855,-0.0118450022825797,0.02982,900.0
2830.903416271507,-0.0113540823587399,-0.010454840633369,0.02982,900.0
2831.003991480171,-0.0107586949063695,-0.0092942119667373,0.02982,900.0
2831.1045697882764,-0.0104089999999999,-0.0087108433655605,0.02982,900.0
2831.205120201408,-0.010409,-0.0087106723094055,0.02982,900.0
2831.305689211189,-0.010409,-0.0087090712555531,0.02982,0.0
2831.406223650276,-0.010409,-0.0087077791920881,0.02982,0.0
2831.5000797465436,-0.010409,-0.0087069945277249,0.02982,0.0
2831.6006697371595,-0.010409,-0.0087058215376175,0.02982,0.0
2831.7012788012617,-0.010409,-0.0087044120321034,0.02982,0.0
2831.8018273070447,-0.010409,-0.0087033637902224,0.02982,0.0
2831.902402992546,-0.010409,-0.0087023944460135,0.02982,0.0
2832.0029586508863,-0.010409,-0.0087009413916692,0.02982,0.0
2832.103528375923,-0.010409,-0.0086998791522643,0.02982,0.0
2832.2040988162153,-0.0104089999999999,-0.0086989987130129,0.02982,0.0
2832.3046823695295,-0.010409,-0.0086973159522765,0.02982,0.0
2832.405284519493,-0.0104089999999999,-0.0086963813498346,0.02982,0.0
2832.50582396537,-0.010409,-0.0086951308114641,0.02982,0.0
2832.606383199989,-0.0104089999999999,-0.00869408567683,0.02982,0.0
2832.706968660652,-0.0104089999999999,-0.0086924868530288,0.02982,0.0
2832.7974849894636,-0.010409,-0.0086910872317595,0.02982,0.0
2832.898650045692,-0.0104089999999999,-0.0086899994493966,0.02982,0.0
2832.999199743568,-0.010409,-0.0086890639848741,0.02982,0.0
2833.0997821047895,-0.010409,-0.0086626112595127,0.02982,0.0
2833.2002915099256,-0.0104089999999999,-0.008587184886052,0.02982,0.0
2833.301347847282,-0.010409,-0.0086857683241154,0.02982,0.0
2833.40191065818,-0.010409,-0.0086845132626805,0.02982,0.0
2833.5027199938886,-0.010409,-0.0086832230992001,0.02982,0.0
2833.6032429888837,-0.010409,-0.0086815999672913,0.02982,0.0
2833.703823681175,-0.0104089999999999,-0.0086804362203121,0.02982,0.0
2833.8043900683515,-0.0104089999999999,-0.0086794479738614,0.02982,0.0
2833.904965992271,-0.010409,-0.008678044604396,0.02982,0.0
2834.005672569572,-0.010409,-0.0086767091288718,0.02982,0.0
2834.10623371154,-0.010409,-0.0086757735719205,0.02982,0.0
2834.206754560768,-0.010409,-0.0086753035707087,0.02982,0.0
