3266.1615623006783,-0.00526,0.0118959204593702,0.037630000000000004,0.0
3266.2621389398537,-0.00526,0.011895236704405,0.037630000000000004,0.0
3266.3628438482247,-0.0052599999999999,0.0118927891908386,0.037630000000000004,0.0
3266.463412619587,-0.0052599999999999,0.0117982974196363,0.037630000000000004,0.0
3266.5639964113197,-0.00526,0.0118673476215487,0.037630000000000004,0.0
3266.6545053491554,-0.0052599999999999,0.0118882222188948,0.037630000000000004,0.0
3266.7550788888893,-0.00526,0.0118865161956426,0.037630000000000004,0.0
3266.855645276066,-0.0052599999999999,0.0118848996110397,0.037630000000000004,0.0
3266.957379199024,-0.0052599999999999,0.0118831788700089,0.037630000000000004,0.0
3267.057953930851,-0.00526,0.0118811348088185,0.037630000000000004,0.0
3267.1585072050057,-0.0052599999999999,0.0118791089160548,0.037630000000000004,0.0
3267.2590857515297,-0.00526,0.0118770454453506,0.037630000000000004,0.0
3267.359662390705,-0.0052599999999999,0.0118759315453271,0.037630000000000004,0.0
3267.460208273884,-0.00526,0.0118740682313222,0.037630000000000004,0.0
3267.5607853898964,-0.0052599999999999,0.0118725440946809,0.037630000000000004,0.0
3267.6635259160958,-0.0052599999999999,0.0118708848439872,0.037630000000000004,0.0
3267.7552820215187,-0.0052599999999999,0.0118695788682383,0.037630000000000004,0.0
3267.8558493623696,-0.0052599999999999,0.0118673821391972,0.037630000000000004,0.0
3267.956426001545,-0.00526,0.0118657241272007,0.037630000000000004,0.0
3268.0569945344887,-0.00526,0.01186392557003,0.037630000000000004,0.0
3268.1575671205483,-0.0052599999999999,0.0118619501014283,0.037630000000000004,0.0
3268.258133507725,-0.00526,0.0118609068561944,0.037630000000000004,0.0
3268.3586452970467,-0.0052599999999999,0.0118605827416015,0.037630000000000004,0.0
3268.459177828785,-0.0052640228319812,0.0118510867432193,0.037630000000000004,0.0
3268.559737063404,-0.0053599919576314,0.0116243021795682,0.037630000000000004,0.0
3268.660308457371,-0.0062055909291318,0.0096254177557496,0.037630000000000004,0.0
3268.760892010685,-0.0071013825925128,0.0075079910653706,0.037630000000000004,0.0
3268.8614583978615,-0.0080042211225278,0.0053737210490411,0.037630000000000004,0.0
3268.9620278844795,-0.0089582111555389,0.0031187863840141,0.037630000000000004,0.0
3269.062603331562,-0.0098675273611917,0.0009692867456535,0.037630000000000004,0.0
3269.1632004747353,-0.0107696306462958,-0.0011630936710687,0.037630000000000004,0.0
3269.263783789631,-0.0116953130762477,-0.0033512063394912,0.037630000000000004,0.0
3269.3643630514107,-0.0126120927115993,-0.0055183305248451,0.037630000000000004,0.0
3269.457689143177,-0.013456873783659,-0.0075152170424132,0.037630000000000004,0.0
3269.558267212864,-0.0142884941206799,-0.0094809924872253,0.037630000000000004,0.0
3269.6588459978066,-0.014535,-0.0100637931366889,0.037630000000000004,0.0
3269.759407378193,-0.0147927915164794,-0.0107941965008772,0.037630000000000004,900.0
3269.859974480625,-0.0151448347433859,-0.0120891348643852,0.037630000000000004,900.0
3269.960549689289,-0.015417299459026,-0.013589852129689,0.037630000000000004,900.0
3270.061147070881,-0.0155404009817887,-0.0151093973697894,0.037630000000000004,900.0
3270.1617098817787,-0.0155212968300507,-0.0165720191441108,0.037630000000000004,900.0
3270.2622891435585,-0.0153534947404869,-0.0180686026622397,0.037630000000000004,900.0
3270.362860537525,-0.0150435559167887,-0.0195641911913775,0.037630000000000004,900.0
3270.4533689985237,-0.0146625633169498,-0.0208165705808215,0.037630000000000004,900.0
3270.553937769886,-0.0141036691070151,-0.0221959687555698,0.037630000000000004,900.0
3270.65446267223,-0.0135071622796728,-0.0233617768626156,0.037630000000000004,900.0
3270.758191205021,-0.0127975588021395,-0.0244879722699928,0.037630000000000004,900.0
3270.859473801609,-0.0118268533728183,-0.0257520256603358,0.037630000000000004,900.0
3270.960020161625,-0.0108086676004592,-0.0268171600788525,0.037630000000000004,900.0
3271.0605932245217,-0.0096364429421887,-0.0278343230491013,0.037630000000000004,900.0
3271.1611820230446,-0.0084494602113601,-0.0286835276034938,0.037630000000000004,900.0
3271.2617379198036,-0.0071694474565335,-0.0294256388532938,0.037630000000000004,900.0
3271.3623255262337,-0.0060382367654488,-0.0299722911627905,0.037630000000000004,900.0
3271.4628916749916,-0.0049037864742637,-0.0303861196127409,0.037630000000000004,900.0
3271.553351975437,-0.0036132029863042,-0.0307515024606014,0.037630000000000004,900.0
3271.653925515171,-0.0020801900559282,-0.0310419452618125,0.037630000000000004,900.0
3271.754492856022,-0.0006521950513295,-0.0311767169018903,0.037630000000000004,900.0
3271.855078793522,0.0009236496537616,-0.0311676796188271,0.037630000000000004,900.0
3271.9556377897225,0.0023793787288834,-0.0310081815229343,0.037630000000000004,900.0
3272.0561929712258,0.0039168435431747,-0.0306852327900665,0.037630000000000004,900.0
3272.1567381391487,0.0053349620943968,-0.0302435895438212,0.037630000000000004,900.0
3272.2615481386147,0.0063568518068795,-0.0298338452994543,0.037630000000000004,900.0
3272.3620770940743,0.0075244317591885,-0.0292391624823341,0.037630000000000004,900.0
3272.462641097065,0.0088161230906973,-0.0284256621190091,0.037630000000000004,900.0
3272.5632198820076,0.0100303807085882,-0.0275072779971974,0.037630000000000004,900.0
3272.653719998356,0.0110218212108009,-0.0265979869512508,0.037630000000000004,900.0
3272.760901547428,0.0120929834905355,-0.0254058414405751,0.037630000000000004,900.0
3272.8614562520943,0.0129670249690138,-0.0242165027803521,0.037630000000000004,900.0
3272.962044096943,0.013735324811436,-0.0229478448435378,0.037630000000000004,900.0
3273.06258854961,0.0143993987303955,-0.0215475469391292,0.037630000000000004,900.0
3273.163146830555,0.0148880853681084,-0.020165654302989,0.037630000000000004,900.0
3273.253597832676,0.0152226037243836,-0.018811309701594,0.037630000000000004,900.0
3273.3541987905464,0.0154627103999191,-0.0172975755147608,0.037630000000000004,900.0
3273.4547348985634,0.0155483268169813,-0.0158155376677975,0.037630000000000004,900.0
3273.556466437336,0.0154859076330112,-0.0142988493346786,0.037630000000000004,900.0
3273.657025195118,0.0152777397393952,-0.0127783427416132,0.037630000000000004,900.0
3273.757588006016,0.0149435944249046,-0.0113165407685677,0.037630000000000004,900.0
3273.8581532010994,0.0144627350964988,-0.0099260453251775,0.037630000000000004,900.0
3273.958718396183,0.0138331875675785,-0.0085119626154316,0.037630000000000004,900.0
3274.059422827717,0.0130956359542796,-0.0072299559626929,0.037630000000000004,900.0
3274.162242270466,0.0121663631771673,-0.0059250851637285,0.037630000000000004,900.0
3274.2628170022926,0.0112111454067124,-0.0048347249877205,0.037630000000000004,900.0
3274.353293276783,0.0101897188447332,-0.0038757957066127,0.037630000000000004,900.0
3274.4538579950295,0.0090616585140404,-0.0029834890202567,0.037630000000000004,900.0
3274.5544253358803,0.0077938687060041,-0.0021748112926242,0.037630000000000004,900.0
3274.6550019750557,0.0066470366256941,-0.0015656604399284,0.037630000000000004,900.0
3274.755575276371,0.0055163758358659,-0.0010873097536891,0.037630000000000004,900.0
3274.8561349878273,0.0041953262085894,-0.0006590301177776,0.037630000000000004,900.0
3274.9567090043984,0.0027285905416807,-0.0003201570149948,0.037630000000000004,900.0
3275.0572768220864,0.0012440290900037,-0.000123172243185,0.037630000000000004,900.0
3275.157852746006,-0.0002720281247974,-7.983006439347615e-05,0.037630000000000004,900.0
3275.2584141263924,-0.0018302380832965,-0.0001816726525436,0.037630000000000004,900.0
3275.358992434498,-0.0032780857198676,-0.0004105338909581,0.037630000000000004,900.0
3275.459569788929,-0.0047002688922016,-0.0007927260842305,0.037630000000000004,900.0
3275.560132599827,-0.0058503762183348,-0.0012106767054367,0.037630000000000004,900.0
3275.6632412443123,-0.0070456259437879,-0.0017590753161483,0.037630000000000004,900.0
3275.753748513218,-0.0082115391881063,-0.0024257429854434,0.037630000000000004,900.0
3275.8542762765846,-0.0094376719952521,-0.0032699157971529,0.037630000000000004,900.0
3275.954839802738,-0.010597998672669,-0.0042557393848556,0.037630000000000004,900.0
3276.0553790101967,-0.0116518859886831,-0.0053338429982161,0.037630000000000004,900.0
3276.1559179792366,-0.0125526471120495,-0.0064538367869692,0.037630000000000004,900.0
3276.2564807901344,-0.0133409142877522,-0.0076170751089889,0.037630000000000004,900.0
3276.3570452699623,-0.0139342703487422,-0.0087076220011127,0.037630000000000004,900.0
3276.4576083192787,-0.0144904432302713,-0.0099488166786167,0.037630000000000004,900.0
3276.558176613804,-0.014535,-0.010063793136689,0.037630000000000004,900.0
3276.6587532529793,-0.0122886242598361,-0.0089870327993759,0.037630000000000004,900.0
3276.75932059383,-0.0064624547999269,-0.006194421005057,0.037630000000000004,900.0
3276.8598989019356,-0.0046060625013985,-0.0053046237757492,0.037630000000000004,900.0
3276.9604612359963,-0.004571,-0.005287822496119,0.037630000000000004,900.0
3277.06182513332,-0.0043033713387515,-0.0051776579445635,0.037630000000000004,900.0
3277.162418938633,-0.0034219211623566,-0.0048824814974132,0.037630000000000004,900.0
3277.252922154423,-0.0021380355274575,-0.0045510738852302,0.037630000000000004,900.0
3277.353769160267,-0.0006682029682493,-0.0043654940887153,0.037630000000000004,900.0
3277.4545484552345,0.0008196189392807,-0.0043706791382823,0.037630000000000004,900.0
3277.5556000242195,0.0023563720561655,-0.0045719930090307,0.037630000000000004,900.0
3277.6561592588387,0.0038093254636385,-0.0049884036219614,0.037630000000000004,900.0
3277.7567244539223,0.0052081057663487,-0.0056077148796159,0.037630000000000004,900.0
3277.8572820196114,0.0064661852614301,-0.0063850901944896,0.037630000000000004,900.0
3277.957836485859,0.0076544051340877,-0.0073423195747065,0.037630000000000004,900.0
3278.058401442524,0.0086730543372937,-0.0084185349206046,0.037630000000000004,900.0
3278.158974267002,0.0095572469610803,-0.0096620504193674,0.037630000000000004,900.0
3278.25953207111,0.0102787633465433,-0.0109903397692166,0.037630000000000004,900.0
3278.3600922594032,0.0107935836289267,-0.0123522281999844,0.037630000000000004,900.0
3278.4606667528114,0.0111319658743711,-0.0138103819996332,0.037630000000000004,900.0
3278.561239815708,0.0112757779588159,-0.0153334881648297,0.037630000000000004,900.0
3278.661816216465,0.0112244276352466,-0.0167901483698045,0.037630000000000004,900.0
3278.7623933324776,0.0109771275160021,-0.0182902568704306,0.037630000000000004,900.0
3278.8557773599587,0.0105545107631776,-0.0196539865421746,0.037630000000000004,900.0
3278.9563570985756,0.0099361364614466,-0.0209914168547305,0.037630000000000004,900.0
3279.0569175252876,0.0091161026342252,-0.0222765459998353,0.037630000000000004,900.0
3279.1574860582314,0.0081304397855876,-0.0234406120216195,0.037630000000000004,900.0
3279.258061982151,0.0070200973103951,-0.0244461836567335,0.037630000000000004,900.0
3279.3586390981636,0.0057949488114409,-0.0253034438772843,0.037630000000000004,900.0
3279.459216452595,0.0044234506427882,-0.0259997275559108,0.037630000000000004,900.0
3279.559789277073,0.0029855935737849,-0.0265000542930945,0.037630000000000004,900.0
3279.6603656778298,0.0015520392091279,-0.0268002643284663,0.037630000000000004,900.0
3279.7609444627724,7.241698589736945e-05,-0.0269083118695365,0.037630000000000004,900.0
3279.861526585575,-0.001435583571156,-0.0268321047703158,0.037630000000000004,900.0
3279.962107993122,-0.0028984335884284,-0.0265522426125244,0.037630000000000004,900.0
3280.062683678623,-0.0043879288539598,-0.0260396072799329,0.037630000000000004,900.0
3280.1531680593453,-0.0055630187596625,-0.0254466398796082,0.037630000000000004,900.0
3280.2537339696846,-0.0067995602468,-0.0246386732449675,0.037630000000000004,900.0
3280.357028342243,-0.0079611576459107,-0.0236119368933212,0.037630000000000004,900.0
3280.457585431095,-0.0089406907340398,-0.0224914994203741,0.037630000000000004,900.0
3280.558153964039,-0.0097859449411875,-0.0212158038294383,0.037630000000000004,900.0
3280.658728457447,-0.0104627504293627,-0.019851434775263,0.037630000000000004,900.0
3280.759297467228,-0.0109147921802694,-0.0184610565080926,0.037630000000000004,900.0
3280.8598683843575,-0.0112016091729661,-0.0169377019576755,0.037630000000000004,900.0
3280.960435248371,-0.0112869731191437,-0.0153992788272447,0.037630000000000004,900.0
3281.061016655918,-0.0111610112786335,-0.0139462379392356,0.037630000000000004,900.0
3281.1615701684914,-0.0108365226297276,-0.0124214980598217,0.037630000000000004,900.0
3281.2621327409706,-0.010355581150983,-0.0111012389800164,0.037630000000000004,900.0
3281.362700797077,-0.009630169617234,-0.0097299285277048,0.037630000000000004,900.0
3281.453224516865,-0.0088579732526002,-0.0086550778288749,0.037630000000000004,900.0
3281.553796626087,-0.0078368861581478,-0.0075303626443949,0.037630000000000004,900.0
3281.654364443775,-0.0066807364526264,-0.0065437684362884,0.037630000000000004,900.0
3281.754932976719,-0.0054621166093938,-0.0057629597972887,0.037630000000000004,900.0
3281.8554552564583,-0.0046458190853645,-0.0053233146352783,0.037630000000000004,900.0
3281.959922171589,-0.004571,-0.005287822496119,0.037630000000000004,900.0
3282.0604868898354,-0.0053278021949547,-0.0058438647315679,0.037630000000000004,900.0
3282.161016322132,-0.0084565679391712,-0.0081426548744547,0.037630000000000004,900.0
3282.2615827093086,-0.0132476929028111,-0.0116628440045742,0.037630000000000004,900.0
3282.362171269413,-0.0132968261103222,-0.0116989906835785,0.037630000000000004,900.0
3282.462730504032,-0.0132979999999999,-0.0116998542993593,0.037630000000000004,900.0
3282.553234911915,-0.01334316784467,-0.0118563100517879,0.037630000000000004,900.0
3282.65384183025,-0.0135842048799935,-0.0129513693192837,0.037630000000000004,900.0
3282.7544358739815,-0.0137916478459036,-0.0143976448581317,0.037630000000000004,900.0
3282.854970551487,-0.0138403895145235,-0.0159121275938952,0.037630000000000004,900.0
3282.955551959034,-0.013731949003255,-0.0174126465041707,0.037630000000000004,900.0
3283.0561109552345,-0.0134614323402795,-0.0188624892353641,0.037630000000000004,900.0
3283.1566718587837,-0.0130262751848743,-0.0203261784992553,0.037630000000000004,900.0
3283.257440663334,-0.012435805893033,-0.0217273944311532,0.037630000000000004,900.0
3283.358009673115,-0.0117179759289685,-0.0230239588230038,0.037630000000000004,900.0
3283.4595387945137,-0.0108231914265628,-0.0242921797136481,0.037630000000000004,900.0
3283.5604980955086,-0.0098608954634163,-0.0253798704956503,0.037630000000000004,900.0
3283.6610630521736,-0.0086867993514577,-0.0264214947262445,0.037630000000000004,900.0
3283.7615760335884,-0.0074449760527348,-0.0273064020010003,0.037630000000000004,900.0
3283.8621376523934,-0.0061578397992567,-0.0280341108245128,0.037630000000000004,900.0
3283.962689257618,-0.004893311837687,-0.0285842978288647,0.037630000000000004,900.0
3284.0532928476296,-0.0038456255237223,-0.0289352091677287,0.037630000000000004,900.0
3284.1538551816902,-0.0025815673309576,-0.0292267278314519,0.037630000000000004,900.0
3284.254412985798,-0.0010821033344683,-0.0294336904559161,0.037630000000000004,900.0
3284.354971028324,0.000413133897143,-0.0294763663009011,0.037630000000000004,900.0
3284.455507851597,0.0018629390333945,-0.0293575046655123,0.037630000000000004,900.0
3284.5560747156105,0.0033307700370047,-0.029057776993277,0.037630000000000004,900.0
3284.6572128305397,0.0048402819035957,-0.0286197024477807,0.037630000000000004,900.0
3284.7577830324135,0.006232580187919,-0.0280013679180637,0.037630000000000004,900.0
3284.858374453541,0.0075428000046857,-0.0272501595464014,0.037630000000000004,900.0
3284.962707854267,0.0088114076953167,-0.026309641720788,0.037630000000000004,900.0
3285.0533076295815,0.0097852109676557,-0.0254242916188654,0.037630000000000004,900.0
3285.153830386158,0.0107640244237027,-0.0243387183765308,0.037630000000000004,900.0
3285.2543943891487,0.0116555830674144,-0.0230919950570779,0.037630000000000004,900.0
3285.3549834260903,0.0124228612840304,-0.0217542047677541,0.037630000000000004,900.0
3285.455545760151,0.0130029921049296,-0.0203975205470918,0.037630000000000004,900.0
3285.5561104783974,0.0134424843446463,-0.0189897157715389,0.037630000000000004,900.0
3285.656691409107,0.0137281825687374,-0.0175771283956521,0.037630000000000004,900.0
3285.757263756748,0.0138344345844338,-0.0165100375815525,0.037630000000000004,900.0
3285.857863999363,0.0138450240062894,-0.0150647964448755,0.037630000000000004,900.0
3285.958435870167,0.013691587647566,-0.0135065562387667,0.037630000000000004,900.0
3286.058998442646,0.0133840724491073,-0.0120535457389482,0.037630000000000004,900.0
3286.1595819959603,0.0129027735760664,-0.0106004360563201,0.037630000000000004,900.0
3286.2601152429543,0.0122958464157937,-0.0092577592399866,0.037630000000000004,900.0
3286.3606811532936,0.0115467726277802,-0.0079933707213015,0.037630000000000004,900.0
3286.46124754047,0.010628909267791,-0.0067624591595111,0.037630000000000004,900.0
3286.5527478227577,0.0096703721244124,-0.0057217527696624,0.037630000000000004,900.0
3286.653290606495,0.0085582956929059,-0.0047362514832586,0.037630000000000004,900.0
3286.7620516786537,0.007266526771537,-0.0038398748599893,0.037630000000000004,900.0
3286.8537219533882,0.0060326354196933,-0.0031452154795547,0.037630000000000004,900.0
3286.9543138513527,0.00467629036617,-0.0025769983732224,0.037630000000000004,900.0
3287.05486331081,0.0031757431037698,-0.0021395799933763,0.037630000000000004,900.0
3287.155429936405,0.0017185628081057,-0.0018790161889572,0.037630000000000004,900.0
3287.2559875020943,0.0001886169513181,-0.0017824318891789,0.037630000000000004,900.0
3287.3565567502937,-0.0013289040821998,-0.0018498506432946,0.037630000000000004,900.0
3287.457137442585,-0.0028278810760456,-0.0020772620385002,0.037630000000000004,900.0
3287.557664013859,-0.0040256167091042,-0.0023749430278436,0.037630000000000004,900.0
3287.658233500477,-0.0051372609557833,-0.0027654857673336,0.037630000000000004,900.0
3287.7587641248665,-0.0064754024496344,-0.0033909967728351,0.037630000000000004,900.0
3287.8593240747414,-0.0077712231881681,-0.0041639152719843,0.037630000000000004,900.0
3287.959900713917,-0.0089407750238653,-0.0050515446890651,0.037630000000000004,900.0
3288.0604680547676,-0.0100795342938634,-0.0061132397531978,0.037630000000000004,900.0
3288.161029911991,-0.0110530216807094,-0.007256419695176,0.037630000000000004,900.0
3288.255921936985,-0.011829173111767,-0.0084190400718718,0.037630000000000004,900.0
3288.3565064439736,-0.0125575053801657,-0.0097828368691543,0.037630000000000004,900.0
3288.457062102314,-0.013104056060984,-0.0111428117171542,0.037630000000000004,900.0
3288.557627058979,-0.0132793941940562,-0.011638823123893,0.037630000000000004,900.0
3288.658204651829,-0.0132979999999999,-0.0116998542993593,0.037630000000000004,900.0
3288.7587743768654,-0.0121049386749971,-0.0105173133940372,0.037630000000000004,900.0
3288.8595813283882,-0.0086241943778564,-0.0070672645466498,0.037630000000000004,900.0
3288.9601369867287,-0.0054254036550627,-0.0038966858592418,0.037630000000000004,900.0
3289.0606959829292,-0.00526,-0.0037327443310014,0.037630000000000004,900.0
3289.1612878808937,-0.005190271558565,-0.0037042943134991,0.037630000000000004,900.0
3289.261856652256,-0.0045047182305535,-0.0034386339002376,0.037630000000000004,900.0
3289.3624402055702,-0.0030591401051777,-0.0029925115644502,0.037630000000000004,900.0
3289.4529629716835,-0.0017660237577927,-0.0027559852860089,0.037630000000000004,900.0
3289.553510762211,-0.0003026539833555,-0.002638705135802,0.037630000000000004,900.0
3289.654054738041,0.0011892534260748,-0.00270229867151,0.037630000000000004,900.0
3289.7571671972237,0.002744921207427,-0.0029452451995054,0.037630000000000004,900.0
3289.857733107563,0.0042104154600978,-0.0033549126520446,0.037630000000000004,900.0
3289.958302117344,0.0055874424735461,-0.0039132900641146,0.037630000000000004,900.0
3290.0588453779183,0.0068853610373161,-0.0046293550494262,0.037630000000000004,900.0
3290.157899714466,0.0080927576122395,-0.0054790090010261,0.037630000000000004,900.0
3290.258457280155,0.0092212056761869,-0.0064778848325555,0.037630000000000004,900.0
3290.359038926121,0.0102550163697083,-0.0076385327533933,0.037630000000000004,900.0
3290.459564066883,0.0110776925226411,-0.0088228416263733,0.037630000000000004,900.0
3290.5601316461525,0.0118225131689122,-0.0102222795755912,0.037630000000000004,900.0
3290.660683251377,0.0123490585868949,-0.0115771761685388,0.037630000000000004,900.0
3290.761253930088,0.0127226656159529,-0.0130368900972226,0.037630000000000004,900.0
3290.8618062505684,0.0129358995090011,-0.0145882065193056,0.037630000000000004,900.0
3290.962370253559,0.0129684017182133,-0.0160983371495358,0.037630000000000004,900.0
3291.0528820524178,0.0128623633055485,-0.0174000185777934,0.037630000000000004,900.0
3291.1534784803353,0.0125772564431345,-0.0188474901218812,0.037630000000000004,900.0
3291.2540358076058,0.0121138321352678,-0.0203020087101323,0.037630000000000004,900.0
3291.3545976648293,0.0114982165010576,-0.0216567803775452,0.037630000000000004,900.0
3291.4551726350746,0.0107016753813754,-0.0230027092083443,0.037630000000000004,900.0
3291.5557552347145,0.0097952599847241,-0.0241689049882368,0.037630000000000004,900.0
3291.6583939561806,0.0086836055470331,-0.0252971912104274,0.037630000000000004,900.0
3291.7592667112312,0.007545735805728,-0.0262075475987871,0.037630000000000004,900.0
3291.859840966221,0.0062561820177092,-0.0270128792989195,0.037630000000000004,900.0
3291.9604140291176,0.0048732470557721,-0.0276621324522425,0.037630000000000004,900.0
3292.0609830388985,0.0034733884299913,-0.0281379926838388,0.037630000000000004,900.0
3292.1614931592903,0.0019872287117039,-0.0284590898637139,0.037630000000000004,900.0
3292.2620655069313,0.0004725417954858,-0.0286002272875488,0.037630000000000004,900.0
3292.3527554044686,-0.000881526362476,-0.0285762266334573,0.037630000000000004,900.0
3292.45329079723,-0.0023717618086063,-0.0283943864278646,0.037630000000000004,900.0
3292.553850508686,-0.0038119842413866,-0.0280454920578915,0.037630000000000004,900.0
3292.6544111738167,-0.0052088411607196,-0.0275281510930842,0.037630000000000004,900.0
3292.7549806604347,-0.0066134850611431,-0.0268228643746386,0.037630000000000004,900.0
3292.855540848728,-0.0078030101217684,-0.0260206923227591,0.037630000000000004,900.0
3292.9561027059517,-0.0089708767674952,-0.0250315244896715,0.037630000000000004,900.0
3293.0566707620583,-0.0100070120808253,-0.0239039234838124,0.037630000000000004,900.0
3293.1621819505654,-0.0109141439031835,-0.0226609280572683,0.037630000000000004,900.0
3293.252694226261,-0.011586428472965,-0.0214728227235787,0.037630000000000004,900.0
3293.353258706089,-0.0121928213328815,-0.0200828940532658,0.037630000000000004,900.0
3293.453832245823,-0.0126198623844553,-0.0186473386244409,0.037630000000000004,900.0
3293.554412938114,-0.0128873832710477,-0.0171471652619301,0.037630000000000004,900.0
3293.6549635896645,-0.0129843129447875,-0.0156440399736732,0.037630000000000004,900.0
3293.756590939518,-0.0129104013995389,-0.01418607004137,0.037630000000000004,900.0
3293.8571647176705,-0.0126547867153922,-0.0126614003517772,0.037630000000000004,900.0
3293.957721568104,-0.0122410491268187,-0.01125573734135,0.037630000000000004,900.0
3294.058289385792,-0.0116618706302806,-0.0098879518497584,0.037630000000000004,900.0
3294.158846951481,-0.0108687769567261,-0.0085113863269021,0.037630000000000004,900.0
3294.2594190607033,-0.0099772408576602,-0.0073279322258072,0.037630000000000004,900.0
3294.3610561857186,-0.0089415920171182,-0.0062224975821426,0.037630000000000004,900.0
3294.4616313943825,-0.007773799623473,-0.0052386000311222,0.037630000000000004,900.0
3294.5623210439644,-0.0065036835929246,-0.0044042626784417,0.037630000000000004,900.0
3294.652817107197,-0.0055959451914108,-0.0038921998181947,0.037630000000000004,900.0
3294.7533930311165,-0.00526,-0.0037327443310012,0.037630000000000004,900.0
3294.85293970203,-0.00526,-0.0037326689728213,0.037630000000000004,900.0
3294.953487730976,-0.0052599999999999,-0.00373224851942,0.037630000000000004,0.0
3295.0540495881996,-0.00526,-0.0037310758505948,0.037630000000000004,0.0
3295.1546417245827,-0.00526,-0.0037298054329037,0.037630000000000004,0.0
3295.2552073965035,-0.0052599999999999,-0.0037290706501047,0.037630000000000004,0.0
3295.355775929447,-0.00526,-0.0037276272633576,0.037630000000000004,0.0
3295.4563368329964,-0.0052599999999999,-0.0037265000879501,0.037630000000000004,0.0
3295.556891299244,-0.0052599999999999,-0.0037254731219703,0.037630000000000004,0.0
3295.6574610242806,-0.0052599999999999,-0.0037242441727647,0.037630000000000004,0.0
3295.7580300340614,-0.0052599999999999,-0.0037230961931862,0.037630000000000004,0.0
3295.858585692402,-0.00526,-0.0037220961579504,0.037630000000000004,0.0
3295.959216452595,-0.00526,-0.0037208688728068,0.037630000000000004,0.0
3296.0597435007057,-0.0052599999999999,-0.0037195645360494,0.037630000000000004,0.0
3296.1603120336495,-0.00526,-0.0037183534231485,0.037630000000000004,0.0
3296.2608765134773,-0.0052599999999999,-0.0037174809561893,0.037630000000000004,0.0
3296.3556211957894,-0.00526,-0.003716338140114,0.037630000000000004,0.0
3296.4561844835243,-0.00526,-0.0037149569811691,0.037630000000000004,0.0
3296.556739426609,-0.00526,-0.0037135058823007,0.037630000000000004,0.0
3296.657258606907,-0.0052599999999999,-0.0037125611014099,0.037630000000000004,0.0
3296.7578538427315,-0.00526,-0.0037116503609254,0.037630000000000004,0.0
3296.8584195146523,-0.00526,-0.0037103901849916,0.037630000000000004,0.0
3296.9589758882485,-0.00526,-0.0037091853107097,0.037630000000000004,0.0
3297.0595301160774,-0.00526,-0.0037081757869467,0.037630000000000004,0.0
3297.160096980091,-0.00526,-0.0037070196690823,0.037630000000000004,0.0
3297.2606452474556,-0.00526,-0.0037057171293819,0.037630000000000004,0.0
3297.361173726078,-0.00526,-0.0037044772754747,0.037630000000000004,0.0
3297.4617587099037,-0.0052599999999999,-0.003703056520655,0.037630000000000004,0.0
3297.562327958103,-0.00526,-0.00370220574353,0.037630000000000004,0.0
3297.652767039295,-0.0052599999999999,-0.0037011780479629,0.037630000000000004,0.0
3297.753285742756,-0.00526,-0.0036998022047267,0.037630000000000004,0.0
3297.856906033512,-0.0052599999999999,-0.0036985030042233,0.037630000000000004,0.0
3297.957469321247,-0.00526,-0.0036977164767484,0.037630000000000004,0.0
3298.0580266485176,-0.00526,-0.0036974260215851,0.037630000000000004,0.0
