201.80081944697267,0.0053769999999999,0.0109463267105943,0.00213,0.0
201.90138154261476,0.005377,0.0109437062006353,0.00213,0.0
202.0019326710022,0.005377,0.0109415871065971,0.00213,0.0
202.10336141817933,0.005377,0.010939482864298,0.00213,0.0
202.20393138163453,0.005377,0.0109372749711554,0.00213,0.0
202.30597620242006,0.005377,0.0109346260234648,0.00213,0.0
202.40652685397035,0.005377,0.0109319751378444,0.00213,0.0
202.50709347956544,0.005377,0.0109298651868551,0.00213,0.0
202.60760145419007,0.0053769999999999,0.0109282846607109,0.00213,0.0
202.7081518673218,0.005377,0.0109259056806503,0.00213,0.0
202.80874829523927,0.005377,0.0109242609165362,0.00213,0.0
202.9093087219513,0.0053769999999999,0.0109204660664554,0.00213,0.0
203.00983815424806,0.0053769999999999,0.010918542287015,0.00213,0.0
203.11041240923768,0.005377,0.0109172416472113,0.00213,0.0
203.20090584986573,0.005377,0.0109142223512217,0.00213,0.0
203.30162744753724,0.0053769999999999,0.0109121570249989,0.00213,0.0
203.40216188662416,0.005377,0.0109116403388488,0.00213,0.0
203.50383024447328,0.005377,0.0109116025432109,0.00213,0.0
203.60453825228578,0.005361642559872,0.0107547379579451,0.00213,0.0
203.70513515704042,0.005228213248613,0.0093903858868784,0.00213,0.0
203.80566816561586,0.0048643089311161,0.0056684210653991,0.00213,0.0
203.90624766581422,0.0044683804735836,0.0016189526226883,0.00213,0.0
204.00772576563722,0.0040808269633909,-0.0023451688098774,0.00213,0.0
204.10831051104432,0.003685735454535,-0.0063869745302155,0.00213,0.0
204.2088897728241,0.0032903039266949,-0.0104313439591148,0.00213,0.0
204.30946116679078,0.002895574806987,-0.0144685111247355,0.00213,0.0
204.4099910759247,0.0025177287744504,-0.0183332113811891,0.00213,0.0
204.50050192110902,0.0021715072718605,-0.0218743888235104,0.00213,0.0
204.60106926195985,0.0017777512496268,-0.025901647869418,0.00213,0.0
204.70162635081178,0.0013885133899487,-0.0298827154693751,0.00213,0.0
204.8021686577118,0.0011005028631137,-0.0328288196582752,0.00213,0.0
204.90268521540528,0.001016,-0.0336937974856197,0.00213,0.0
205.00325327151185,0.0010168513274309,-0.0336937304874855,0.00213,0.0
205.10382108919984,0.0010870666311764,-0.033687033664423,0.00213,900.0
205.20438485377198,0.0023116359227802,-0.0335687917579445,0.00213,900.0
205.30495839350587,0.0037336930868472,-0.0333122754845971,0.00213,900.0
205.4055326484955,0.0052169914505954,-0.0329346310140258,0.00213,900.0
205.50628881686097,0.00661203394382,-0.0324458670755427,0.00213,900.0
205.60686927073365,0.0080284549650073,-0.031820437720582,0.00213,900.0
205.70746355288392,0.009331186043107,-0.0311057521393655,0.00213,900.0
205.80822687380677,0.0105496908246221,-0.0302930699861785,0.00213,900.0
205.90878920786744,0.0117419906502414,-0.0293574651596467,0.00213,900.0
206.0092797779358,0.0128802072096056,-0.0283021648339168,0.00213,900.0
206.10985236399537,0.0139102858460131,-0.0271674786230257,0.00213,900.0
206.21042804949647,0.0148140929849625,-0.025985944192197,0.00213,900.0
206.30093031161195,0.0155148034556708,-0.0249099876585015,0.00213,900.0
206.40166478388673,0.0162647929569545,-0.0235264668308829,0.00213,900.0
206.50217466586,0.0168345441999013,-0.0221318954480799,0.00213,900.0
206.60276227229005,0.0173377788166614,-0.0206968656274195,0.00213,900.0
206.70333676569825,0.0176917248503039,-0.0192938532215975,0.00213,900.0
206.80391602747804,0.0179351943343535,-0.0177962044656705,0.00213,900.0
206.90449385874635,0.0180557593586906,-0.0162853756077409,0.00213,900.0
207.0050585769928,0.0180502075479079,-0.0147976535320538,0.00213,900.0
207.10556893580323,0.0179115436337476,-0.0132878629502599,0.00213,900.0
207.2061939739502,0.0176553644211918,-0.0117888809628601,0.00213,900.0
207.3067720436371,0.0172859025266011,-0.0103642856380908,0.00213,900.0
207.40734486811525,0.0168027400627441,-0.0089473512962505,0.00213,900.0
207.50806074374086,0.0161707939860889,-0.007543177423743,0.00213,900.0
207.60861497156984,0.0154168107951272,-0.0061815205880199,0.00213,900.0
207.7092080616272,0.0146010238429874,-0.004961858890945,0.00213,900.0
207.80979829066163,0.013671869009321,-0.0038030232201281,0.00213,900.0
207.91035132639772,0.0125971963293043,-0.0026756019937105,0.00213,900.0
208.00086932413942,0.011613826278585,-0.0017904672183454,0.00213,900.0
208.10173659556276,0.0104105292727071,-0.0008627766274106,0.00213,900.0
208.20225887530214,0.009136422708822,-3.859753445634509e-05,0.00213,900.0
208.3028190635956,0.0078539917999796,0.0006477113888784,0.00213,900.0
208.40338306658631,0.0064616850675328,0.0012448444337449,0.00213,900.0
208.5039532684601,0.0050170537778376,0.0017349223457306,0.00213,900.0
208.60452299349672,0.0035571244608672,0.0021053939692116,0.00213,900.0
208.70509605639344,0.0020688472219919,0.0023355343922797,0.00213,900.0
208.80568390124208,0.000552963121883,0.0024406820669248,0.00213,900.0
208.90624265902406,-0.0009781988622702,0.0024189049816157,0.00213,900.0
209.00680737727052,-0.0024299869807218,0.0022833608346077,0.00213,900.0
209.10737686388856,-0.0039277469031343,0.0020051059506151,0.00213,900.0
209.20795397990113,-0.0053817790121327,0.0016181012835457,0.00213,900.0
209.30853753321534,-0.0067711674121006,0.0011207145289041,0.00213,900.0
209.40909819834596,-0.0081458229497588,0.0004989907898626,0.00213,900.0
209.50966792338258,-0.00948454765662,-0.0002485233442523,0.00213,900.0
209.61025839083558,-0.01074511225866,-0.0010972320801048,0.00213,900.0
209.70076685183412,-0.0118130662216795,-0.0019444178039572,0.00213,900.0
209.80132084124452,-0.012923924595403,-0.002983038296146,0.00213,900.0
209.90202646487123,-0.0139007566812434,-0.0040543143438864,0.00213,900.0
210.00310378306276,-0.0148329085169633,-0.0052909505319744,0.00213,900.0
210.10366039507753,-0.0156515153296491,-0.0066030981136929,0.00213,900.0
210.2042317890442,-0.0163498008895899,-0.0079335184982021,0.00213,900.0
210.30479698412782,-0.0169189828926141,-0.0092729515393021,0.00213,900.0
210.40531282656556,-0.0173763141095287,-0.0106769223563968,0.00213,900.0
210.5058904194153,-0.0177264793355688,-0.0121550189693071,0.00213,900.0
210.60646467440492,-0.017959506508533,-0.0136674850429269,0.00213,900.0
210.70718913309938,-0.018060810993563,-0.0151917738271155,0.00213,900.0
210.80925541155702,-0.0180424168289753,-0.0167409484540442,0.00213,900.0
210.90981011622316,-0.0178844072201659,-0.0182297220441047,0.00213,900.0
211.01039605372316,-0.0176085923689568,-0.0197214496543468,0.00213,900.0
211.10087566607362,-0.0172669799831267,-0.0209870893965207,0.00213,900.0
211.20144992106324,-0.0167549771067807,-0.0224179775374435,0.00213,900.0
211.30205612414247,-0.0161415392846175,-0.023760088201559,0.00213,900.0
211.40375762217408,-0.0153816068956753,-0.025105252330525,0.00213,900.0
211.50428228609925,-0.0145189603751269,-0.0263807169116245,0.00213,900.0
211.60483865969545,-0.0135852980033855,-0.0275488873844638,0.00213,900.0
211.70544295542604,-0.0125572756818966,-0.028621836453237,0.00213,900.0
211.80601482622987,-0.0114260897438941,-0.0296221840077154,0.00213,900.0
211.90658312075502,-0.0102288593911399,-0.0305258495974305,0.00213,900.0
212.00715594523317,-0.0089744663370413,-0.0313186888999224,0.00213,900.0
212.10772233240968,-0.0075769029695211,-0.0320450175324422,0.00213,900.0
212.20829468005067,-0.0061746987479931,-0.0326219517335724,0.00213,900.0
212.30887203448182,-0.0048187165284957,-0.0330554947885112,0.00213,900.0
212.4094343685425,-0.0033205197775959,-0.0333999642542296,0.00213,900.0
212.51001363032228,-0.0018417891714913,-0.0336101363275958,0.00213,900.0
212.6005280517853,-0.0004538499645753,-0.0336897209915541,0.00213,900.0
212.7010968231476,0.0006476931764649,-0.0337012349706152,0.00213,900.0
212.80166273348695,0.001016,-0.0336937974856197,0.00213,900.0
212.90222506754762,0.0009744849571804,-0.0335233061030376,0.00213,900.0
213.00279717677003,0.0003928092313979,-0.0311339339251997,0.00213,900.0
213.10339241259462,-0.0009559890484366,-0.0255932027433171,0.00213,900.0
213.20395760767823,-0.001264,-0.0243278274354877,0.00213,900.0
213.3046510719574,-0.0012676714889132,-0.0243272102295549,0.00213,900.0
213.4052095913208,-0.0013317399588548,-0.0243164398198699,0.00213,900.0
213.50650911562806,-0.0027105322669,-0.0239597810009149,0.00213,900.0
213.60703830950624,-0.0040429960684673,-0.0234109328772685,0.00213,900.0
213.7075961136139,-0.0052764634272366,-0.0226082086963732,0.00213,900.0
213.80815224879152,-0.0064045320770773,-0.0215901943188184,0.00213,900.0
213.90773802035218,-0.0073189372560801,-0.0204242199228429,0.00213,900.0
214.0083101295746,-0.0080309652889972,-0.0190896453965031,0.00213,900.0
214.10887699358827,-0.008507915055738,-0.0176605251473387,0.00213,900.0
214.20943217509156,-0.0087333612719,-0.0161993069357394,0.00213,900.0
214.30999546282655,-0.0087026719310817,-0.0147001365864206,0.00213,900.0
214.41051726572877,-0.0084276805020397,-0.0132114332305571,0.00213,900.0
214.5009892486847,-0.0079781650149185,-0.0119449745247844,0.00213,900.0
214.60162143938905,-0.0071990345400747,-0.0106321779471556,0.00213,900.0
214.7021222614563,-0.0062054475489949,-0.0094469062606901,0.00213,900.0
214.80269270174867,-0.0050499285595752,-0.0084763254673186,0.00213,900.0
214.90325956576234,-0.0038061699453769,-0.0077427944795549,0.00213,900.0
215.00382571452027,-0.002426173819693,-0.0072277617961671,0.00213,900.0
215.1043918632782,-0.0009127379913041,-0.006933953937191,0.00213,900.0
215.20494919054872,0.0006089005081448,-0.006905585922765,0.00213,900.0
215.30551104777223,0.0020752218097193,-0.0071268178100439,0.00213,900.0
215.406081249646,0.0034843069984884,-0.0076002427395685,0.00213,900.0
215.5066466831482,0.0047756186159565,-0.008288673114653,0.00213,900.0
215.6072042488373,0.0060173941878196,-0.0092388671423079,0.00213,900.0
215.7077479862488,0.0070371165249918,-0.010370659307866,0.00213,900.0
215.80834107630616,0.0077921138558049,-0.0115970593723694,0.00213,900.0
215.9101348423279,0.0083788381467956,-0.0130750445639069,0.00213,900.0
216.00063638918763,0.0086650017684241,-0.0144036569367923,0.00213,900.0
216.1012008690155,0.0087451771163349,-0.0158500348791131,0.00213,900.0
216.2017617725647,0.0085688466908186,-0.0173227278764807,0.00213,900.0
216.30232911341554,0.008163843652002,-0.0187825690170013,0.00213,900.0
216.40287380450135,0.0074832412236509,-0.0201403053430636,0.00213,900.0
216.50482516520387,0.006573602206849,-0.0214083185228759,0.00213,900.0
216.60539107554322,0.0055052435388444,-0.0224427181286353,0.00213,900.0
216.70641713374025,0.0042935679599678,-0.0232618322823523,0.00213,900.0
216.8070514702118,0.0029147253854118,-0.0239035418048954,0.00213,900.0
216.90761428110963,0.0014454544642015,-0.0242867839951044,0.00213,900.0
217.00818186037904,5.270908032331545e-06,-0.0244042765229905,0.00213,900.0
217.10877328150636,-0.0010582423786836,-0.0243433437034934,0.00213,900.0
217.20931749575502,-0.001264,-0.0243278274354877,0.00213,900.0
217.30988173716432,-0.0012426733653806,-0.0243765822348793,0.00213,900.0
217.41046123736268,0.0003727335231193,-0.0280585988633162,0.00213,900.0
217.50087337725526,0.0017147853000416,-0.0311174128077848,0.00213,900.0
217.6014395260132,0.002055,-0.0318927527203646,0.00213,900.0
217.70198278658754,0.0022349192382427,-0.0318633941118044,0.00213,900.0
217.8025167488373,0.003156445929896,-0.0317087724269437,0.00213,900.0
217.9030855201996,0.0040119540546077,-0.0315101279150628,0.00213,900.0
218.00364547007447,0.0054289629752127,-0.0310879471433688,0.00213,900.0
218.10420661204225,0.0068497208839005,-0.0304990599179919,0.00213,900.0
218.20477681391603,0.0081943831314249,-0.0298010115154734,0.00213,900.0
218.30535416834718,0.0094479053490508,-0.0289988580303112,0.00213,900.0
218.4059308075226,0.0106215105356909,-0.0280801853289813,0.00213,900.0
218.50650673144227,0.011704084038217,-0.0270677179955415,0.00213,900.0
218.6070900463379,0.0125837615467758,-0.0261100218721176,0.00213,900.0
218.7076418899811,0.0132633044892011,-0.0252417589631069,0.00213,900.0
218.80823283427125,0.013916501339974,-0.0242525669748524,0.00213,900.0
218.9088035129822,0.0146549702372196,-0.0229249146119803,0.00213,900.0
219.00938277476197,0.0152816352834689,-0.0215209891677896,0.00213,900.0
219.09991054766542,0.0157332596408594,-0.0202123761503472,0.00213,900.0
219.2006814979828,0.016065999390131,-0.0188017610863044,0.00213,900.0
219.30125217669374,0.0162895102003308,-0.017283110103909,0.00213,900.0
219.40180497401124,0.0163674580053795,-0.0157592359060264,0.00213,900.0
219.50239281885987,0.0163097339503073,-0.0143030419540021,0.00213,900.0
219.60295706026918,0.0161730841858215,-0.0130818804090171,0.00213,900.0
219.7035301231659,0.0159196382811864,-0.0118287932034294,0.00213,900.0
219.80408554308778,0.0155689732924105,-0.0105423443429687,0.00213,900.0
219.90464906924134,0.0151925531529675,-0.0095032023309167,0.00213,900.0
220.00520496600038,0.0147533284783789,-0.0085099068038691,0.00213,900.0
220.10577421419984,0.0141250098414221,-0.0073415003027776,0.00213,900.0
220.20630603068238,0.0133146544034303,-0.0060963022732025,0.00213,900.0
220.30686645739442,0.0123959569316529,-0.0049112918401499,0.00213,900.0
220.40743236773378,0.0113325418715025,-0.0038078987766817,0.00213,900.0
220.50810866587526,0.0101742218747497,-0.0028030437932132,0.00213,900.0
220.60868244402772,0.0089792595964958,-0.0019338219420823,0.00213,900.0
220.70925693743592,0.0076415576906412,-0.0011554689120731,0.00213,900.0
220.79977231257325,0.0064362434460015,-0.0005821282480882,0.00213,900.0
220.90033345454103,0.0050545683166257,-6.399756647712876e-05,0.00213,900.0
221.00090079539186,0.0037985049418232,0.0003037203735376,0.00213,900.0
221.1025586628235,0.0027397785398411,0.0005146302526129,0.00213,900.0
221.20344190829164,0.0013379319085284,0.0006930171073525,0.00213,900.0
221.30396919482118,-0.0001339207642343,0.0007455430497193,0.00213,900.0
221.40460806124574,-0.0016359664752495,0.0006779248755688,0.00213,900.0
221.50617842905885,-0.0031454142404872,0.000447945725887,0.00213,900.0
221.60674004786378,-0.0045854684219505,9.40882156723992e-05,0.00213,900.0
221.70731811755067,-0.0060792105833389,-0.000427036661668,0.00213,900.0
221.80789499514466,-0.0074212201404882,-0.0010384933569865,0.00213,900.0
221.9084725879944,-0.0087055665478849,-0.0017664856129299,0.00213,900.0
222.00905804865724,-0.0099328293487677,-0.0026225747548743,0.00213,900.0
222.10963707201844,-0.0110994924853946,-0.003605358068365,0.00213,900.0
222.20013766520387,-0.0120790951250401,-0.0045772055659009,0.00213,900.0
222.30070429079896,-0.0129669389162382,-0.0056205255100672,0.00213,900.0
222.40127568476564,-0.013591678960958,-0.0064905306482315,0.00213,900.0
222.50183539622194,-0.0143088719684904,-0.0076580738771558,0.00213,900.0
222.6024034523285,-0.0149782355860096,-0.0089918572256308,0.00213,900.0
222.70297627680665,-0.0155323196455447,-0.010424396086641,0.00213,900.0
222.80356412165528,-0.0159292502886747,-0.0118573147673163,0.00213,900.0
222.90408640139466,-0.016147679771456,-0.012904248033072,0.00213,900.0
223.00464945071107,-0.0163061626510194,-0.0142435131353237,0.00213,900.0
223.10634474985963,-0.0163628236059183,-0.0157720262278999,0.00213,900.0
223.20691352122194,-0.016314095346077,-0.0170461930290131,0.00213,900.0
223.30747966997987,-0.0161984539351788,-0.0180518522607969,0.00213,900.0
223.4080274605072,-0.0159872952781023,-0.0191597781308202,0.00213,900.0
223.50891952746278,-0.0156039056325338,-0.0205627995153265,0.00213,900.0
223.60949068301088,-0.0150702187076498,-0.0220210629503499,0.00213,900.0
223.6999638580597,-0.0144901872718847,-0.0232732865393411,0.00213,900.0
223.80053763621217,-0.0137638731886295,-0.0245095746320856,0.00213,900.0
223.90106659167176,-0.0128780860091714,-0.0257436010808196,0.00213,900.0
224.0016294025696,-0.0119086059640107,-0.02686610560104,0.00213,900.0
224.1022129558838,-0.0107721545322033,-0.0279508961750295,0.00213,900.0
224.2166066669739,-0.009405751457326,-0.0290273565390254,0.00213,900.0
224.3074589275635,-0.0082730152198748,-0.0297471807799021,0.00213,900.0
224.40800385706788,-0.0069854661410841,-0.0304326088167569,0.00213,900.0
224.50847797625428,-0.0055865640361261,-0.0310076665769606,0.00213,900.0
224.60904340975648,-0.0041050578026503,-0.0314715066770661,0.00213,900.0
224.70960455172425,-0.002668905724582,-0.0317836556264489,0.00213,900.0
224.80010538332826,-0.0013295531868429,-0.031961395857701,0.00213,900.0
224.90066867106324,0.0002266882348921,-0.0320077536397512,0.00213,900.0
225.00124006502992,0.0016984538705527,-0.031922038065864,0.00213,900.0
225.10180192225343,0.0020137830511063,-0.0318964756879334,0.00213,900.0
225.20228724711305,0.002055,-0.0318927527203646,0.00213,900.0
225.30284600489503,0.0009823950427269,-0.0301113077094014,0.00213,900.0
225.40340523951417,-0.0007170226677796,-0.0272887121568382,0.00213,900.0
225.50397305720216,-0.0014839999999999,-0.0260148042125972,0.00213,900.0
225.60060863726503,-0.0018811069477961,-0.0259328102041142,0.00213,900.0
225.7012358211792,-0.0030560680027584,-0.0256418920262069,0.00213,900.0
225.8017967247284,-0.0044437939052623,-0.0251059767305319,0.00213,900.0
225.90234260790712,-0.0058072930653327,-0.0243457526469245,0.00213,900.0
226.00291137926942,-0.0069698485235435,-0.0234446415959825,0.00213,900.0
226.10499029391175,-0.0080300284322699,-0.0223680199384663,0.00213,900.0
226.2055185341156,-0.0088893339601604,-0.0211557378546828,0.00213,900.0
226.30625539057618,-0.0095857583698973,-0.019801333316196,0.00213,900.0
226.40682726138002,-0.0100850795720167,-0.0183892796125685,0.00213,900.0
226.5073941253937,-0.0103799408632378,-0.0168809847159291,0.00213,900.0
226.607914736203,-0.0104488146099776,-0.0153764077492103,0.00213,900.0
226.70848326914674,-0.010300511101194,-0.0138800707564836,0.00213,900.0
226.80904703371888,-0.0099468499422731,-0.0124104549266838,0.00213,900.0
226.89961867564088,-0.0094608770620436,-0.0111595621010452,0.00213,900.0
227.0012128853119,-0.0087000041238084,-0.0098016486177055,0.00213,900.0
227.10174613230592,-0.0077908306733724,-0.0086268704219541,0.00213,900.0
227.20231347315675,-0.0067216972702187,-0.0075926431633231,0.00213,900.0
227.30200271838075,-0.0055427174065219,-0.006742827344418,0.00213,900.0
227.40257530444032,-0.0042013409843132,-0.0060475138774386,0.00213,900.0
227.50314502947694,-0.0027655825230484,-0.005544418564511,0.00213,900.0
227.60368662112123,-0.0012457438364067,-0.0052523139793026,0.00213,900.0
227.70426421397096,0.0002526551487156,-0.005176541135333,0.00213,900.0
227.80484538309938,0.0017051611338499,-0.0053089755269261,0.00213,900.0
227.90545182459718,0.00317121749605,-0.0056731739074059,0.00213,900.0
228.0060239338196,0.0045922632211032,-0.0062384644904218,0.00213,900.0
228.10659055941468,0.0058612286814268,-0.0069711451025702,0.00213,900.0
228.20407943957215,0.0070588736191138,-0.0078872415929899,0.00213,900.0
228.30463605158693,0.008050539099063,-0.0089214911600387,0.00213,900.0
228.40519218676454,0.0089147119197443,-0.010127032072947,0.00213,900.0
228.5057466530121,0.0096131891748016,-0.0114936989733678,0.00213,900.0
228.6063130401886,0.0101155050866664,-0.0129697204391006,0.00213,900.0
228.70687251322633,0.0103884618830029,-0.0144046970070556,0.00213,900.0
228.80743961565858,0.0104451674240268,-0.0159126064916407,0.00213,900.0
228.908002664975,0.0103017106148025,-0.0174050581426543,0.00213,900.0
229.00858192675477,0.0099403180720094,-0.0188672046605406,0.00213,900.0
229.0991099380768,0.0094349194817684,-0.0201373778341296,0.00213,900.0
229.19968157046205,0.0086913834943518,-0.0214400653981233,0.00213,900.0
229.30024128191835,0.0077549131710367,-0.0226582267992573,0.00213,900.0
229.40081315272218,0.006708276834494,-0.0236873749519099,0.00213,900.0
229.50136094324952,0.0054663209754197,-0.0245623283324585,0.00213,900.0
229.60194068186647,0.0041128609526723,-0.0252566255314148,0.00213,900.0
229.70537405245668,0.0026641691995437,-0.025752804291442,0.00213,900.0
229.80594115488893,0.0011828425758411,-0.0260227719687881,0.00213,900.0
229.9065194629944,-0.0003192898229166,-0.0260809103950345,0.00213,900.0
230.00710516207582,-0.0012099027626679,-0.0260402554245752,0.00213,900.0
230.10768633120423,-0.0014839999999999,-0.0260148042125972,0.00213,900.0
230.2082806133545,-0.0014713335695784,-0.0263934857534921,0.00213,900.0
230.30885153048402,-0.0014114142806854,-0.0281847297739927,0.00213,900.0
230.39937477343446,-0.0013419999999999,-0.0302597715386798,0.00213,900.0
230.4999466442383,-0.0013369618967023,-0.0302599896757682,0.00213,900.0
230.60051732294923,-0.0001986704193201,-0.0303092748083045,0.00213,900.0
230.7010853790558,0.0013257209048528,-0.0302418596379832,0.00213,900.0
230.8016586803711,0.0028251333188124,-0.0300264922641165,0.00213,900.0
230.90222912066346,0.004272855794098,-0.0296585039764342,0.00213,900.0
231.00333981745607,0.0056890219083076,-0.0291411785165325,0.00213,900.0
231.10390334360963,0.0070543333519952,-0.0284861843340199,0.00213,900.0
231.20447068446046,0.0083074515588314,-0.0277144302012135,0.00213,900.0
231.3050334953583,0.0094888813831351,-0.0268030609528698,0.00213,900.0
231.40559559100038,0.0106117471437813,-0.0257587438853917,0.00213,900.0
231.50682502024537,0.0115782895135987,-0.0246331220238728,0.00213,900.0
231.60738044016725,0.0124683618528616,-0.0233701910329933,0.00213,900.0
231.70793633692628,0.0132053914915413,-0.0220392401989263,0.00213,900.0
231.79949550860292,0.013734457913431,-0.0208097116246883,0.00213,900.0
231.9000781082428,0.0141842572653505,-0.0193705872999559,0.00213,900.0
232.00064378016359,0.0144912991536765,-0.0179091163537945,0.00213,900.0
232.10121994250184,0.0146424188635254,-0.0164107295142597,0.00213,900.0
232.20180588000184,0.0146408310818439,-0.0148820960241563,0.00213,900.0
232.3023844265259,0.0144881290418205,-0.0133793893944753,0.00213,900.0
232.40293102496034,0.0141917857893066,-0.0119288386993207,0.00213,900.0
232.50349073641664,0.0137394607237649,-0.0105065963121775,0.00213,900.0
232.60513644450074,0.0131376416689333,-0.0090965029586799,0.00213,900.0
232.70573501818544,0.0123965362067318,-0.0077901382933172,0.00213,900.0
232.8063223861969,0.011520284811356,-0.0065343494952378,0.00213,900.0
232.90689854853517,0.0105047497795802,-0.0053773403888386,0.00213,900.0
233.0077579521454,0.009442018739748,-0.0043804188457828,0.00213,900.0
233.1083243393219,0.008217943565023,-0.0034717989028731,0.00213,900.0
233.1988196872986,0.0070626365270653,-0.0027781345360108,0.00213,900.0
233.29938321345216,0.0056843944168621,-0.0021124956413522,0.00213,900.0
233.39994507067567,0.0042617572439483,-0.0015972562944523,0.00213,900.0
233.50051551096803,0.0028419667968133,-0.0012426946664027,0.00213,900.0
233.60118131869203,0.0013617242139809,-0.0010340421794243,0.00213,900.0
233.70190530054933,-0.0001644012813409,-0.0009624234805977,0.00213,900.0
233.80247025721437,-0.0016253869677342,-0.0010444809332752,0.00213,900.0
233.9030466579712,-0.0031136112973964,-0.0012928908435307,0.00213,900.0
234.00357418291932,-0.0045836676598924,-0.0016787258518936,0.00213,900.0
234.10414009325868,-0.0060035873490824,-0.0022316998813848,0.00213,900.0
234.20471077196962,-0.0073917956331934,-0.0029563955085002,0.00213,900.0
234.3052876495636,-0.0086480375132534,-0.0037771496959761,0.00213,900.0
234.40585403674012,-0.009793953086487,-0.0047081692865792,0.00213,900.0
234.50300841563111,-0.0108467479573301,-0.0057609729919424,0.00213,900.0
234.60356073611146,-0.0117857430691643,-0.0069033119681152,0.00213,900.0
234.70412998431092,-0.0126094144808361,-0.0081480735195795,0.00213,900.0
234.80470423930055,-0.013316575809943,-0.0094925851705011,0.00213,900.0
234.90526585810548,-0.0138724473499321,-0.0108852493727491,0.00213,900.0
234.99967222445375,-0.0142868012486337,-0.0122578523424376,0.00213,900.0
235.10024314158326,-0.0145571249866227,-0.0137413089572817,0.00213,900.0
235.20080070727235,-0.0146795597796374,-0.0152586256299317,0.00213,900.0
235.30130892031556,-0.0146394048747384,-0.0166744508652598,0.00213,900.0
235.40185957186586,-0.0144523800303548,-0.0181612217765738,0.00213,900.0
235.50241856806642,-0.0140913370164395,-0.0197019016758231,0.00213,900.0
235.60298590891725,-0.0135912923309054,-0.0211311695983806,0.00213,900.0
235.70355563395387,-0.0129528479391262,-0.0225021314272275,0.00213,900.0
235.80411868327027,-0.0121940964449888,-0.0237753544387278,0.00213,900.0
235.90467267268068,-0.0113013438443042,-0.0249697253809971,0.00213,900.0
236.00521688692933,-0.0102718936766412,-0.026093659489184,0.00213,900.0
236.1058090233124,-0.0091509661841138,-0.0270995561729839,0.00213,900.0
236.2063925766266,-0.0079203096550187,-0.0279817497242372,0.00213,900.0
236.30692963831788,-0.0066297248712739,-0.0287204754266757,0.00213,900.0
236.40083389513856,-0.0053381626123763,-0.0293045366627196,0.00213,900.0
236.50139122240907,-0.0039681848179666,-0.0297839318550606,0.00213,900.0
236.60194998019105,-0.0024804460369162,-0.0300931133399843,0.00213,900.0
236.70250873797303,-0.0015339162302409,-0.030235200964865,0.00213,900.0
236.80304436915284,-0.001342,-0.0302597715386798,0.00213,900.0
236.90367036097413,-0.001273300047202,-0.0299981638178012,0.00213,900.0
237.0042405628479,-0.0002532470753698,-0.0261149445463485,0.00213,900.0
237.1047993206299,0.0016553225217109,-0.0188494302062009,0.00213,900.0
237.2053213619507,0.0036621631955172,-0.0112098287141726,0.00213,900.0
237.30586867564088,0.0051521111258461,-0.0055378762177106,0.00213,900.0
237.4064326786316,0.005377,-0.004681822344152,0.00213,900.0
237.50699525111085,0.0053780822934971,-0.0046824173362731,0.00213,900.0
237.6075656914032,0.0054053436518394,-0.0046974420611652,0.00213,900.0
237.70839982264405,0.0065283335568255,-0.0053366244477507,0.00213,900.0
237.79909353487855,0.0076395927900338,-0.0061551010534274,0.00213,900.0
237.9031265281952,0.0088025734201271,-0.0072312175020089,0.00213,900.0
238.00390463106996,0.0097544892123742,-0.0083565202267699,0.00213,900.0
238.1044753097809,0.0105530158211692,-0.0095925601141576,0.00213,900.0
238.2050371670044,0.0112098653081359,-0.0109357618386209,0.00213,900.0
238.30560283892518,0.0117071304144476,-0.0123693200453648,0.00213,900.0
238.40619068377381,0.0120277725935058,-0.0138600451184597,0.00213,900.0
238.5067585014618,0.0121537130377173,-0.0153630810578706,0.00213,900.0
238.6073377632416,0.0120998803105269,-0.0168944596893135,0.00213,900.0
238.70790581934816,0.0118692327063731,-0.0183286127778469,0.00213,900.0
238.80847578280336,0.0114576405918674,-0.0197859050634751,0.00213,900.0
238.8989942573822,0.0109156452743859,-0.02101127225292,0.00213,900.0
238.99955730669862,0.0101433319391743,-0.022346408462287,0.00213,900.0
239.1001410984314,0.0092485433786499,-0.0235363942608071,0.00213,900.0
239.20070224039918,0.0082078543664218,-0.024599992514962,0.00213,900.0
239.3013051056183,0.0070311874428131,-0.0255489611356888,0.00213,900.0
239.40186505549318,0.0057432685735462,-0.0263387316030079,0.00213,900.0
239.5024416946686,0.0043790009915372,-0.0269618167166747,0.00213,900.0
239.6010914348877,0.0029897715863869,-0.0274219867209919,0.00213,900.0
239.70235662691957,0.001494115854587,-0.0276974985448604,0.00213,900.0
239.80318002932435,-4.612343085011461e-05,-0.0277979001573611,0.00213,900.0
239.90373616450196,-0.0014843190435459,-0.0277203102260199,0.00213,900.0
240.0043092273987,-0.0029939663096487,-0.0274375330273325,0.00213,900.0
240.1048701309479,-0.0044741715900797,-0.0269464220911434,0.00213,900.0
240.2054193519867,-0.0057842036649155,-0.0263378296408105,0.00213,900.0
240.30598502390748,-0.0070510617136248,-0.0255491349324794,0.00213,900.0
240.40655045740968,-0.0082538136824777,-0.0245509499708123,0.00213,900.0
240.50712399714357,-0.0093061745135242,-0.0234493063000613,0.00213,900.0
240.60768633120423,-0.0101739331108696,-0.0222796853463548,0.00213,900.0
240.70825128786927,-0.0108955929257975,-0.0210108312518789,0.00213,900.0
240.79877262347108,-0.0114345568362966,-0.0197712346841656,0.00213,900.0
240.8993332886017,-0.0118728186426961,-0.0183034514269022,0.00213,900.0
240.99989490740663,-0.0121241902706242,-0.0167839574875032,0.00213,900.0
241.10534959071046,-0.0121777676112112,-0.0151682543085171,0.00213,900.0
241.20590572588807,-0.0120193240756176,-0.0136881943358194,0.00213,900.0
241.3064606689728,-0.0116986642760126,-0.0122629950871517,0.00213,900.0
241.40701084368592,-0.0111754715137242,-0.010814853937321,0.00213,900.0
241.50757031672364,-0.0105031505148081,-0.0094880158589682,0.00213,900.0
241.60812883608705,-0.0096555907756897,-0.0082438047755921,0.00213,900.0
241.69864230387574,-0.0087656430025892,-0.0072049373738191,0.00213,900.0
241.7992163204468,-0.0076739966262709,-0.0062036102342308,0.00213,900.0
241.89978246920472,-0.0064783100940911,-0.0053397679201607,0.00213,900.0
242.0003583931244,-0.005134606881394,-0.0045991854994113,0.00213,900.0
242.10093837015992,-0.0037761661290541,-0.0040589034130996,0.00213,900.0
242.20149879687196,-0.0022294222823814,-0.0036570691001949,0.00213,900.0
242.3020704292572,-0.0007325787573496,-0.0034706059430223,0.00213,900.0
242.4026358627594,0.0007370435044828,-0.0034782809141498,0.00213,900.0
242.50320224993592,0.0021891628107789,-0.0036538108932646,0.00213,900.0
242.6072030567444,0.0037007154033509,-0.004027552002169,0.00213,900.0
242.7077651523865,0.0049052253180036,-0.0044823573843278,0.00213,900.0
242.80850677721864,0.0053769565768977,-0.0046818133159816,0.00213,900.0
242.89905433886415,0.0053769999999999,-0.004681822344152,0.00213,900.0
242.9996295475281,0.0053769999999999,-0.0046490689859575,0.00213,0.0
243.10024004214173,0.005377,-0.0045937907106107,0.00213,0.0
243.20079832308656,0.005377,-0.0046789018164578,0.00213,0.0
243.30137496226197,0.005377,-0.0046775376163246,0.00213,0.0
243.40193824999696,0.0053769999999999,-0.0046762523332877,0.00213,0.0
243.5024951004303,0.0053769999999999,-0.0046748084667717,0.00213,0.0
243.6030390762604,0.005377,-0.0046735326049075,0.00213,0.0
243.70355158083802,0.005377,-0.0046720763367132,0.00213,0.0
243.80413418047792,0.005377,-0.0046707849577462,0.00213,0.0
243.90471415751344,0.005377,-0.0046692310066056,0.00213,0.0
244.0052879356659,0.005377,-0.0046679066829275,0.00213,0.0
244.1058147453583,0.0053769999999999,-0.0046665727675279,0.00213,0.0
244.20637588732606,0.005377,-0.0046651464610559,0.00213,0.0
244.3076949619568,0.005377,-0.004663792972034,0.00213,0.0
244.4082510971344,0.0053769999999999,-0.0046622587095483,0.00213,0.0
244.49876861803895,0.005377,-0.0046611874263858,0.00213,0.0
244.59934430354005,0.0053769999999999,-0.0046598421163046,0.00213,0.0
244.69990973704225,0.005377,-0.0046584829968095,0.00213,0.0
244.80047159426576,0.0053769999999999,-0.0046571914915731,0.00213,0.0
244.90104704134828,0.0053769999999999,-0.0046552966706522,0.00213,0.0
245.0016077064789,0.005377,-0.0046537147568307,0.00213,0.0
245.10216312640077,0.005377,-0.004652631315472,0.00213,0.0
245.2027259372986,0.0053769999999999,-0.0046513602597332,0.00213,0.0
245.30328922503358,0.005377,-0.004649706540461,0.00213,0.0
245.40384845965272,0.005377,-0.004648262601416,0.00213,0.0
245.50442867510682,0.005377,-0.0046472039259118,0.00213,0.0
245.60498337977296,0.005377,-0.0046462966111959,0.00213,0.0
