4431.739350755222,0.010854,0.0070950169676567,0.0497,0.0
4431.839919526585,0.0108539999999999,0.0070938607268052,0.0497,0.0
4431.94048949004,0.010854,0.0070921553929989,0.0497,0.0
4432.041035850056,0.0108539999999999,0.0070907165748382,0.0497,0.0
4432.141601283558,0.0108539999999999,0.0070890756900994,0.0497,0.0
4432.242154557713,0.0108539999999999,0.007087506661147,0.0497,0.0
4432.342863757618,0.0108539999999999,0.0070860559954669,0.0497,0.0
4432.441543061741,0.0108539999999999,0.0070843063682805,0.0497,0.0
4432.542069633015,0.0108539999999999,0.0070827502906162,0.0497,0.0
4432.642640073307,0.0108539999999999,0.0070812002599228,0.0497,0.0
4432.743215281971,0.010854,0.0070794193108994,0.0497,0.0
4432.843789775379,0.0108539999999999,0.0070773586723979,0.0497,0.0
4432.944357354649,0.0108539999999999,0.0070759001909194,0.0497,0.0
4433.0449246954995,0.010854,0.0070745152735756,0.0497,0.0
4433.145497758396,0.010854,0.0070728943477449,0.0497,0.0
4433.2460665297585,0.0108539999999999,0.0070713167668215,0.0497,0.0
4433.346636970051,0.0108539999999999,0.0070698901400818,0.0497,0.0
4433.447218377598,0.010854,0.0070682815767004,0.0497,0.0
4433.547786910542,0.0108539999999999,0.0070663695051752,0.0497,0.0
4433.648351867207,0.0108539999999999,0.0070649201012991,0.0497,0.0
4433.748910863407,0.0108539999999999,0.0070635356544039,0.0497,0.0
4433.839431483753,0.010854,0.0070618365098517,0.0497,0.0
4433.9435174059945,0.0108539999999999,0.0070602635879747,0.0497,0.0
4434.044016082295,0.0108539999999999,0.0070596887148145,0.0497,0.0
4434.144709308155,0.0108539999999999,0.0070595807870519,0.0497,0.0
4434.245271403797,0.010856335621808,0.0069205344610872,0.0497,0.0
4434.345828492649,0.0108655945694116,0.0063433467669682,0.0497,0.0
4434.447079379566,0.0108822051367027,0.0053439938352236,0.0497,0.0
4434.5476357531625,0.0108992114038193,0.0043881320285968,0.0497,0.0
4434.6482035708505,0.0109152868734627,0.0034403122131947,0.0497,0.0
4434.748780448444,0.0109312146953634,0.0024976127188452,0.0497,0.0
4434.849344689854,0.0109471564278196,0.0015587618880882,0.0497,0.0
4434.939849574574,0.0109618580612064,0.0006929705750364,0.0497,0.0
4435.040418107517,0.0109782816906,-0.0002789035176884,0.0497,0.0
4435.140994746693,0.0109946673262831,-0.0012450719262909,0.0497,0.0
4435.241555650242,0.0110071898879464,-0.0019825196007456,0.0497,0.0
4435.342040021427,0.0110119999999999,-0.002265793621147,0.0497,0.0
4435.442612369068,0.010919540293319,-0.002192918707889,0.0497,900.0
4435.543115336903,0.010345476542341,-0.0017715438549061,0.0497,900.0
4435.647138793476,0.0090457192678122,-0.0008898608050914,0.0497,900.0
4435.747702558048,0.0076796808782491,-0.0001267692196632,0.0497,900.0
4435.848268706806,0.0063082373149323,0.0004878418585021,0.0497,900.0
4435.938783366688,0.0050892880329864,0.0009092083964128,0.0497,900.0
4436.039355237492,0.0035793345469156,0.0012948618518099,0.0497,900.0
4436.139927585133,0.002086123825711,0.0015411404574919,0.0497,900.0
4436.240500409611,0.0006445772548419,0.0016544382974922,0.0497,900.0
4436.3410579753,-0.0008797047863943,0.0016378192409217,0.0497,900.0
4436.441620786198,-0.0024170406295978,0.00149140397962,0.0497,900.0
4436.54218288184,-0.0038834359689734,0.0012256382163015,0.0497,900.0
4436.642754752644,-0.0053381060976167,0.0008172777530633,0.0497,900.0
4436.743314702519,-0.0067828877564812,0.00028295635813,0.0497,900.0
4436.84176274062,-0.0080564846895815,-0.0003247694797752,0.0497,900.0
4436.942330558308,-0.0093980190218761,-0.0010928048399086,0.0497,900.0
4437.0428917002755,-0.0106409763523115,-0.001974791375711,0.0497,900.0
4437.1457140040475,-0.0117526146723648,-0.0029262946343441,0.0497,900.0
4437.246285636433,-0.0128578329548326,-0.0040562754774251,0.0497,900.0
4437.3468632292825,-0.013797778179599,-0.0051909397750447,0.0497,900.0
4437.447438676365,-0.0146589298895632,-0.0064562313866018,0.0497,900.0
4437.5480019641,-0.0154148668766224,-0.0078018222909776,0.0497,900.0
4437.648580749043,-0.0160384385089282,-0.0091654467260816,0.0497,900.0
4437.739118535526,-0.0164894969908036,-0.0104250309360198,0.0497,900.0
4437.8407823634225,-0.0168811151100157,-0.011872550521268,0.0497,900.0
4437.941349942692,-0.0171374728313229,-0.0133258393681193,0.0497,900.0
4438.0404984545785,-0.0172806402908518,-0.0148519501885113,0.0497,900.0
4438.1410572123605,-0.0172998477850223,-0.0163234665823387,0.0497,900.0
4438.241632659443,-0.0171663067860496,-0.0178409027709512,0.0497,900.0
4438.342198331364,-0.0168921684692476,-0.019360125859187,0.0497,900.0
4438.44275804282,-0.0165108395594224,-0.0207833833601923,0.0497,900.0
4438.543324429997,-0.0159978109283361,-0.0221957622158153,0.0497,900.0
4438.643877704151,-0.0153741567119572,-0.0235427349940617,0.0497,900.0
4438.7444538664895,-0.0146350097351214,-0.024834027243602,0.0497,900.0
4438.845030028828,-0.0137472068537485,-0.0261092826246412,0.0497,900.0
4438.947287042149,-0.0127485031287555,-0.027316408023143,0.0497,900.0
4439.048047025211,-0.01168317123052,-0.0283753581282008,0.0497,900.0
4439.14859624625,-0.010530429203455,-0.0293478150224048,0.0497,900.0
4439.239396054752,-0.0094746615715104,-0.0301081860175767,0.0497,900.0
4439.339954812534,-0.008186812729399,-0.0308833109290488,0.0497,900.0
4439.440535743244,-0.006753103428465,-0.0315613890849064,0.0497,900.0
4439.541093070515,-0.0053966638539203,-0.0320628579196644,0.0497,900.0
4439.641659219273,-0.0038991506581664,-0.0324808981733408,0.0497,900.0
4439.7422129702645,-0.0023987216290049,-0.032758764840106,0.0497,900.0
4439.84278627158,-0.0009631599908926,-0.032894373089882,0.0497,900.0
4439.943344552525,0.0005022241845623,-0.0329107724641212,0.0497,900.0
4440.043906886585,0.0020406104336766,-0.032800443693384,0.0497,900.0
4440.144467074879,0.0035730824936144,-0.0325487089630202,0.0497,900.0
4440.245032031544,0.0050248160199743,-0.032177227189803,0.0497,900.0
4440.345595319279,0.00642356026459,-0.0316880658178412,0.0497,900.0
4440.4463989329415,0.0077743021707505,-0.031090040157463,0.0497,900.0
4440.547101457127,0.0091399603021753,-0.0303275387375471,0.0497,900.0
4440.639303643711,0.0103038227552642,-0.0295244770383537,0.0497,900.0
4440.7398769450265,0.011457197517745,-0.0285904284221163,0.0497,900.0
4440.8404471469,0.012544518796529,-0.0275375056092672,0.0497,900.0
4440.9410097193795,0.013508953657126,-0.0264270382545223,0.0497,900.0
4441.041580159672,0.014396241208528,-0.0252002233667818,0.0497,900.0
4441.1421362948495,0.0151726623550915,-0.0239222625785802,0.0497,900.0
4441.242697913654,0.0158337752941442,-0.022567694756698,0.0497,900.0
4441.343237121113,0.0163983174916319,-0.0211176344406839,0.0497,900.0
4441.443916280277,0.0168045633007772,-0.0197074998871308,0.0497,900.0
4441.543354947575,0.0170709186037523,-0.0184498267188443,0.0497,900.0
4441.6439232421,0.017206758537455,-0.0174160693233491,0.0497,900.0
4441.744479138859,0.0173023011713329,-0.015947496013955,0.0497,900.0
4441.84505983115,0.0172584953688793,-0.0143945735425848,0.0497,900.0
4441.945628364094,0.0171044023128085,-0.0130222377313267,0.0497,900.0
4442.046205241688,0.0168997333663907,-0.0119180251402189,0.0497,900.0
4442.1467766356545,0.016547434533944,-0.0106069201368486,0.0497,900.0
4442.247335631855,0.0160432701393966,-0.00918841315829,0.0497,900.0
4442.347902495869,0.0154201168390447,-0.007806906195796,0.0497,900.0
4442.441063601978,0.0147297872377563,-0.006568227264936,0.0497,900.0
4442.541627843388,0.0138763913171109,-0.0053085025238463,0.0497,900.0
4442.6411234927255,0.0129797511276993,-0.0041988576958962,0.0497,900.0
4442.741712768086,0.0119417648231137,-0.003099013807974,0.0497,900.0
4442.84228964568,0.0110351500088827,-0.0022701803719734,0.0497,900.0
4442.942856748112,0.0110134645351057,-0.0022660711394243,0.0497,900.0
4443.043451745518,0.0110119999999999,-0.002265793621147,0.0497,900.0
4443.144017655857,0.0095024018791671,-0.0063729343904887,0.0497,900.0
4443.244605023869,0.0083145629592484,-0.0096048655284329,0.0497,900.0
4443.345176656254,0.0080179999999999,-0.0104117929433631,0.0497,900.0
4443.445749719151,0.0080200452184047,-0.0104152024302606,0.0497,900.0
4443.5463170600015,0.0083235849733099,-0.0109691610440109,0.0497,900.0
4443.646877725132,0.0088888899088551,-0.0121990931693792,0.0497,900.0
4443.747451980122,0.0093243888704701,-0.0136372029528971,0.0497,900.0
4443.847922523029,0.0095209311872752,-0.0151081949320158,0.0497,900.0
4443.939414937504,0.0095171423756597,-0.016475993337575,0.0497,900.0
4444.039994914539,0.0092741612402764,-0.0179554242769475,0.0497,900.0
4444.143062789448,0.0087689711093118,-0.0194109730072257,0.0497,900.0
4444.243617017277,0.0080715828502015,-0.0207287313312104,0.0497,900.0
4444.344170053013,0.0071647407720151,-0.0219228113232841,0.0497,900.0
4444.444740254887,0.0061054750946266,-0.0229526987089267,0.0497,900.0
4444.54529710532,0.0048853323772379,-0.0238069555076961,0.0497,900.0
4444.645856816776,0.0035146554173626,-0.0244779667972644,0.0497,900.0
4444.746390779026,0.0020810619680216,-0.0249249036445921,0.0497,900.0
4444.8469492983895,0.000625043942446,-0.0251328917403445,0.0497,900.0
4444.947523314961,-0.0008817608162743,-0.0251175029673534,0.0497,900.0
4445.047085244663,-0.0023682906840101,-0.0248707372627576,0.0497,900.0
4445.14765163184,-0.0037787208070255,-0.024399586625051,0.0497,900.0
4445.248228509434,-0.005109997561372,-0.0237084587197628,0.0497,900.0
4445.3387419772225,-0.0062400604286956,-0.022847842580489,0.0497,900.0
4445.439311940678,-0.0072669401403672,-0.0218216822783097,0.0497,900.0
4445.539870936878,-0.0081338980994593,-0.0205948624238325,0.0497,900.0
4445.640435893543,-0.0088208537783249,-0.0192064628333337,0.0497,900.0
4445.741003711231,-0.0092909188161039,-0.0177468612059419,0.0497,900.0
4445.841535050877,-0.009507232030544,-0.0162945242795576,0.0497,900.0
4445.94210024596,-0.0094963033823747,-0.0148038395937678,0.0497,900.0
4446.042669732578,-0.0092602686277594,-0.0132855164296061,0.0497,900.0
4446.1441511702615,-0.0087726792545695,-0.0118898657740157,0.0497,900.0
4446.244690854557,-0.0080780991470752,-0.0105373974410082,0.0497,900.0
4446.3452539038735,-0.007214441803669,-0.0093684902343942,0.0497,900.0
4446.444600780018,-0.0061758090030783,-0.0083317903060924,0.0497,900.0
4446.545181710728,-0.0049407784603785,-0.007461320049661,0.0497,900.0
4446.645752866276,-0.0035138648143637,-0.0067659144363789,0.0497,900.0
4446.746310908802,-0.0020622472629423,-0.0063200943035739,0.0497,900.0
4446.846884448536,-0.0005960881725428,-0.0061195349768602,0.0497,900.0
4446.947453219898,0.0008957751064951,-0.0061428511986558,0.0497,900.0
4447.048009355076,0.0023361337774817,-0.0064096146590713,0.0497,900.0
4447.148534019001,0.0037422480752808,-0.006896003677823,0.0497,900.0
4447.239004809864,0.0049813386406313,-0.0074985924105378,0.0497,900.0
4447.344951112278,0.0062544944380278,-0.0084143903557117,0.0497,900.0
4447.445562798985,0.0073176167705432,-0.0094940619687558,0.0497,900.0
4447.546124894627,0.0080083703153817,-0.010398328382757,0.0497,900.0
4447.6466996264535,0.0080173411203376,-0.0104108716748588,0.0497,900.0
4447.747239787586,0.0080179999999999,-0.0104117929433631,0.0497,900.0
4447.847812135227,0.0038253788579843,-0.0108355816778398,0.0497,900.0
4447.948370416172,-0.0033075339947627,-0.0115565070289327,0.0497,900.0
4448.038890321262,-0.0104558241351528,-0.012278987464797,0.0497,900.0
4448.139473159321,-0.014789010181192,-0.0127169296149316,0.0497,900.0
4448.240035254963,-0.0153519999999999,-0.0127738105914591,0.0497,900.0
4448.340642888554,-0.0153533570528929,-0.0127827101364415,0.0497,900.0
4448.441216666706,-0.0154004553729573,-0.0131409312983483,0.0497,900.0
4448.548407752522,-0.0155585777146494,-0.0144562719025118,0.0497,900.0
4448.63891955138,-0.0156027815340261,-0.0152896404367052,0.0497,900.0
4448.739453036793,-0.0155829785148517,-0.0164586456371821,0.0497,900.0
4448.840032536991,-0.0154640450044992,-0.0176891528241165,0.0497,900.0
4448.940555055149,-0.0151974739223841,-0.0191260422128302,0.0497,900.0
4449.041129548557,-0.0148163016962474,-0.0204970705642262,0.0497,900.0
4449.141693551548,-0.0143746834295127,-0.0216818335879086,0.0497,900.0
4449.242261846073,-0.0137687316636631,-0.0229324683192939,0.0497,900.0
4449.342816789158,-0.0129939702018994,-0.0242369693207987,0.0497,900.0
4449.443368394383,-0.0120988948313336,-0.0254583663402227,0.0497,900.0
4449.5439271521645,-0.0111032401365103,-0.0265780157505929,0.0497,900.0
4449.64450546027,-0.0099959062235535,-0.0276005811902861,0.0497,900.0
4449.743783910282,-0.0088352894124558,-0.028485806186531,0.0497,900.0
4449.8443555426675,-0.007547104765637,-0.0292878054186695,0.0497,900.0
4449.944921929844,-0.0061858803687236,-0.0299588477764124,0.0497,900.0
4450.045434911259,-0.0047985854555126,-0.030471971342966,0.0497,900.0
4450.146011788853,-0.0032590363121836,-0.0308835159834852,0.0497,900.0
4450.246543366917,-0.0017690149017173,-0.0311192648764886,0.0497,900.0
4450.347104985722,-0.0002962899055818,-0.0312188095147229,0.0497,900.0
4450.438847501286,0.0010475070671195,-0.0311816534925197,0.0497,900.0
4450.539415318974,0.002539203399472,-0.0310103020856292,0.0497,900.0
4450.639984805592,0.0040461760842872,-0.030689507552602,0.0497,900.0
4450.740512092121,0.0055001277170126,-0.0302240564646806,0.0497,900.0
4450.843723256596,0.0068996206527891,-0.02961892619783,0.0497,900.0
4450.944311339863,0.0081800188421818,-0.0289178091932912,0.0497,900.0
4451.044866282948,0.0094177958235921,-0.0280748396530341,0.0497,900.0
4451.1465370249825,0.0105789407809687,-0.0271058304490125,0.0497,900.0
4451.24700589896,0.0116774446060549,-0.025965041461676,0.0497,900.0
4451.3476092410165,0.0125815519026446,-0.0248473660958083,0.0497,900.0
4451.448181827076,0.0132607521917273,-0.023843539158049,0.0497,900.0
4451.538694818028,0.0137617692732943,-0.0229710823167144,0.0497,900.0
4451.640173633106,0.0142990247759138,-0.0218437151584349,0.0497,900.0
4451.740724523075,0.0147621387441307,-0.0206736449068342,0.0497,900.0
4451.841299254902,0.015094196133276,-0.0195373121815472,0.0497,900.0
4451.941873986729,0.0153907237023014,-0.0181377763576998,0.0497,900.0
4452.042433221348,0.015549338228274,-0.016899004454563,0.0497,900.0
4452.143100459583,0.0156029600473291,-0.0156896154700492,0.0497,900.0
4452.2436687541085,0.015552000176988,-0.0142841505834612,0.0497,900.0
4452.344321448811,0.0154023216204876,-0.0131271835366812,0.0497,900.0
4452.444889504917,0.0150867197346492,-0.0116850278530838,0.0497,900.0
4452.545453031071,0.014644832531607,-0.0102628411175066,0.0497,900.0
4452.652371127613,0.0139996046252948,-0.0087766782859669,0.0497,900.0
4452.742845971592,0.0133539137094242,-0.0075813462073421,0.0497,900.0
4452.8434078288155,0.0125149542859961,-0.0063346652251104,0.0497,900.0
4452.9439892363625,0.0115641352138168,-0.0051728793655018,0.0497,900.0
4453.044571836002,0.0105137871388029,-0.004115670122777,0.0497,900.0
4453.145149428852,0.0093644540099577,-0.0031565818801364,0.0497,900.0
4453.245685298451,0.0081434642678144,-0.0023262803512122,0.0497,900.0
4453.346258838184,0.0068288957419518,-0.001593130030842,0.0497,900.0
4453.447942454823,0.0053476830008464,-0.0009654382626385,0.0497,900.0
4453.548506457813,0.0039497868179061,-0.000532594715102,0.0497,900.0
4453.639031846531,0.0026461444805621,-0.0002593422873332,0.0497,900.0
4453.739595372685,0.0011288391824231,-7.923366768302839e-05,0.0497,900.0
4453.840156037815,-0.0003822968092388,-4.472908940806111e-05,0.0497,900.0
4453.940751512058,-0.0018767986638658,-0.0001518632584565,0.0497,900.0
4454.041371781834,-0.0033399042548325,-0.0003991788313054,0.0497,900.0
4454.140608270176,-0.0047497734351932,-0.0007791417401191,0.0497,900.0
4454.242246825703,-0.0061946872059211,-0.0013207126805331,0.0497,900.0
4454.342815597065,-0.007578020049515,-0.0019944351009317,0.0497,900.0
4454.443342406757,-0.0088271914854118,-0.002761130890587,0.0497,900.0
4454.543904025562,-0.0100358780734504,-0.0036786288434119,0.0497,900.0
4454.647582967289,-0.0112094148668542,-0.004761529687137,0.0497,900.0
4454.748617370136,-0.0121860172856993,-0.0058925552454521,0.0497,900.0
4454.839125831135,-0.0130007831160501,-0.0070198677732523,0.0497,900.0
4454.939703423985,-0.0137508404611045,-0.008280736131915,0.0497,900.0
4455.040289838322,-0.0143031582072247,-0.0094168925782141,0.0497,900.0
4455.1408674311715,-0.0147134721796667,-0.0104660654477555,0.0497,900.0
4455.241413552769,-0.0150734193656777,-0.011652077069084,0.0497,900.0
4455.34198256255,-0.0153211595653699,-0.0126333245329742,0.0497,900.0
4455.442552287586,-0.0153519999999999,-0.0127738105914591,0.0497,900.0
4455.543090779789,-0.0149475000443577,-0.0127070338506254,0.0497,900.0
4455.643658835896,-0.0119394476152632,-0.0122104530592107,0.0497,900.0
4455.744222123631,-0.0041888704306636,-0.0109309805934788,0.0497,900.0
4455.844804246433,0.0036866790124748,-0.0096309112580238,0.0497,900.0
4455.945375163563,0.0082048112574417,-0.0088850247326643,0.0497,900.0
4456.055873591908,0.0089329999999999,-0.0087648081956449,0.0497,900.0
4456.156437594898,0.0092836146527145,-0.0092696462882779,0.0497,900.0
4456.256996829517,0.0099347537422234,-0.0103923711214693,0.0497,900.0
4456.357557494648,0.0105533591644917,-0.0117946758851945,0.0497,900.0
4456.458117206104,0.0109706334029827,-0.0131988321176585,0.0497,900.0
4456.548630673893,0.0111900793823576,-0.0144979948447972,0.0497,900.0
4456.649190146931,0.0112389885563416,-0.0160801345970805,0.0497,900.0
4456.750530679234,0.0110819339057303,-0.0175868512201196,0.0497,900.0
4456.851091821201,0.0107202281257287,-0.0190466450292129,0.0497,900.0
4456.951660354145,0.0101628263983687,-0.0204421460219924,0.0497,900.0
4457.052275378712,0.0094269188673108,-0.0217503983152223,0.0497,900.0
4457.152868945606,0.0085186092316933,-0.0229527676968998,0.0497,900.0
4457.253454883106,0.0074770692937951,-0.0240199413106302,0.0497,900.0
4457.354045588978,0.0062943133718098,-0.0249301419832252,0.0497,900.0
4457.454623658665,0.0050187358847854,-0.0256757079071557,0.0497,900.0
4457.557901580341,0.0036037035964132,-0.0262619826469338,0.0497,900.0
4457.648419101246,0.0022862843200066,-0.0266502031489871,0.0497,900.0
4457.748968322285,0.0008291248503684,-0.0268440537295539,0.0497,900.0
4457.849528987415,-0.0007347284058473,-0.0268589035039211,0.0497,900.0
4457.95007391692,-0.0022071863775665,-0.0266721278377184,0.0497,900.0
4458.050653893955,-0.0036886843525761,-0.0262602907662916,0.0497,900.0
4458.151226480015,-0.0050566714110266,-0.0256651826127551,0.0497,900.0
4458.251951653965,-0.0063489398543155,-0.0249018730579969,0.0497,900.0
4458.352484424122,-0.0075053167588067,-0.0239988954490263,0.0497,900.0
4458.453052003391,-0.0085515844890434,-0.0229130028344437,0.0497,900.0
4458.553621966847,-0.0093586752666578,-0.0218564018926975,0.0497,900.0
4458.654205758579,-0.010012942673244,-0.0207093805969333,0.0497,900.0
4458.754790980824,-0.0106022252592362,-0.0193446659033702,0.0497,900.0
4458.855306823261,-0.0110060202320957,-0.0178990298134071,0.0497,900.0
4458.955894906529,-0.0112197645264172,-0.0164102515174657,0.0497,900.0
4459.056463439472,-0.0112200129984982,-0.0148556830749319,0.0497,900.0
4459.157040555485,-0.0110390796993603,-0.01340367666808,0.0497,900.0
4459.265043694981,-0.0105878132507446,-0.0117994009826198,0.0497,900.0
4459.355580766209,-0.0100586419899179,-0.0106105141923387,0.0497,900.0
4459.456157882221,-0.0093067583986042,-0.0093339303037932,0.0497,900.0
4459.556727130421,-0.0083565815700547,-0.0081176558548155,0.0497,900.0
4459.657302339085,-0.0072482381730362,-0.0070464733209714,0.0497,900.0
4459.757860858448,-0.0060334550290668,-0.0061593902166058,0.0497,900.0
4459.848387916096,-0.0048821721671682,-0.0055085636652606,0.0497,900.0
4459.949634034641,-0.0034985179298232,-0.0049467894051048,0.0497,900.0
4460.050133664616,-0.0020055216962448,-0.0045640338640972,0.0497,900.0
4460.1506602358895,-0.0005852796477364,-0.0043988541900993,0.0497,900.0
4460.251247603901,0.0010169250479431,-0.0044123309184854,0.0497,900.0
4460.351802070149,0.0024782714659046,-0.0046422489841405,0.0497,900.0
4460.452367265232,0.0039209403678557,-0.005092484992488,0.0497,900.0
4460.553833205708,0.0053010251001128,-0.0057167271325887,0.0497,900.0
4460.654406507023,0.0065535369722658,-0.0065021297901565,0.0497,900.0
4460.7549881529885,0.0076942608499978,-0.0074349682466712,0.0497,900.0
4460.851782996662,0.0085520273323432,-0.0083217943767438,0.0497,900.0
4460.952340323933,0.0089329999999999,-0.0087648081956449,0.0497,900.0
4461.053225715168,0.0089301117763253,-0.0087653674123824,0.0497,900.0
4461.153799016483,0.0073176510439279,-0.0090732924274343,0.0497,900.0
4461.2543611121255,0.0013920265042269,-0.0102289649326144,0.0497,900.0
4461.354878623493,-0.0058510562385961,-0.011697192250081,0.0497,900.0
4461.455461938389,-0.013268751784965,-0.0130042659331748,0.0497,900.0
4461.556026895054,-0.0136725407244117,-0.0130813515006801,0.0497,900.0
4461.656598050602,-0.0136799999999999,-0.0130827755181201,0.0497,900.0
4461.757156331547,-0.0136837469614635,-0.0131073480696135,0.0497,900.0
4461.857732493885,-0.0137747575023432,-0.0137239397508571,0.0497,900.0
4461.948243100651,-0.0138608731367165,-0.0147912075043202,0.0497,900.0
4462.048797566898,-0.0138737011777417,-0.0162123682019921,0.0497,900.0
4462.14939661742,-0.0137755533897554,-0.0174833841694862,0.0497,900.0
4462.250063855656,-0.0135919026139113,-0.0185432681281035,0.0497,900.0
4462.350646693714,-0.013269208232007,-0.0197454801385941,0.0497,900.0
4462.451209027775,-0.012790939573217,-0.021056226005869,0.0497,900.0
4462.551818568714,-0.0121509830339383,-0.0223908190509489,0.0497,900.0
4462.652389724262,-0.0115524970820585,-0.0233663607067082,0.0497,900.0
4462.759146888264,-0.0106668745204515,-0.0245587811162359,0.0497,900.0
4462.849640805729,-0.0101118235352044,-0.0251788606537233,0.0497,900.0
4462.950756509312,-0.0090774515474328,-0.0261414877455733,0.0497,900.0
4463.051307876118,-0.0079017418184329,-0.0270472505814861,0.0497,900.0
4463.151897628315,-0.0066476589483222,-0.0278234719934124,0.0497,900.0
4463.252463300236,-0.0053008252630654,-0.0284620937533402,0.0497,900.0
4463.353020150669,-0.0038647522305294,-0.0289685636586149,0.0497,900.0
4463.453568894871,-0.0023757226661533,-0.0293184241891,0.0497,900.0
4463.554119308003,-0.0009051896672457,-0.0294901975627658,0.0497,900.0
4463.654656846531,0.0006299087739765,-0.0295153433286957,0.0497,900.0
4463.756481606968,0.0020885910337906,-0.0293717777621562,0.0497,900.0
4463.85704370261,0.0035622642834741,-0.0290723612590939,0.0497,900.0
4463.957625825413,0.0050558327181677,-0.0285831229495636,0.0497,900.0
4464.048120696552,0.0062722955331095,-0.0280205675007966,0.0497,900.0
4464.14867850066,0.0075723076055914,-0.0272758217901215,0.0497,900.0
4464.251931149967,0.0088012584380053,-0.0263701560345041,0.0497,900.0
4464.352503736027,0.0099055201714491,-0.0253627456963751,0.0497,900.0
4464.45304723502,0.0109098238733207,-0.0242180087153196,0.0497,900.0
4464.55358620406,0.0117843364513764,-0.0229681808311776,0.0497,900.0
4464.654127080448,0.0124903628600757,-0.0217238499872432,0.0497,900.0
4464.754656274326,0.0129628247301245,-0.0206485895035354,0.0497,900.0
4464.855221946247,0.0133712323695752,-0.0194347655198733,0.0497,900.0
4464.955855090626,0.0137008989996064,-0.0179710429961155,0.0497,900.0
4465.056391913899,0.013874890617868,-0.0164913738530511,0.0497,900.0
4465.156935174473,0.0138846427990109,-0.0150316779340217,0.0497,900.0
4465.257497031696,0.0137274500274331,-0.0135048821574429,0.0497,900.0
4465.358056981571,0.0134300100334723,-0.0120742732529619,0.0497,900.0
4465.448558290012,0.0130887861749089,-0.0109692117037203,0.0497,900.0
4465.549204547413,0.0126206864800548,-0.0098232821755782,0.0497,900.0
4465.650348384388,0.0119708764065153,-0.0086043740541939,0.0497,900.0
4465.751234729298,0.0111457515241862,-0.0073360702334468,0.0497,900.0
4465.851810891636,0.0101876912269005,-0.0061806305298774,0.0497,900.0
4465.952374894627,0.0091132157829891,-0.0051383770618602,0.0497,900.0
4466.05294342757,0.0079273335106714,-0.0042008246026368,0.0497,900.0
4466.150630433567,0.006735399505158,-0.0034634620309241,0.0497,900.0
4466.2511555743295,0.0053922798154836,-0.0028163438046694,0.0497,900.0
4466.351748425968,0.0038920809431616,-0.0022907986955781,0.0497,900.0
4466.452335078724,0.002465700222155,-0.001955867605379,0.0497,900.0
4466.552910764225,0.0009488496092997,-0.0017767995134074,0.0497,900.0
4466.653487164982,-0.0005491103979116,-0.0017516587684772,0.0497,900.0
4466.754064757832,-0.0020319074212231,-0.0018928637205501,0.0497,900.0
4466.854656894215,-0.003487305756239,-0.0021819891772224,0.0497,900.0
4466.955209691532,-0.0048821240462957,-0.0026271463620297,0.0497,900.0
4467.055806834705,-0.0063117382707379,-0.0032501329561951,0.0497,900.0
4467.156376559742,-0.0075968967192185,-0.003992925381451,0.0497,900.0
4467.257976491459,-0.00884760758116,-0.0049082138607557,0.0497,900.0
4467.348502357014,-0.0098249600294501,-0.0057859313659041,0.0497,900.0
4467.449062306889,-0.0108476231804323,-0.0069517995050836,0.0497,900.0
4467.549641807087,-0.0116289896415234,-0.0080132480024788,0.0497,900.0
4467.649991471775,-0.0122830082382114,-0.0091468453382408,0.0497,900.0
4467.751254279621,-0.0128922000466727,-0.0104636938098316,0.0497,900.0
4467.851813275822,-0.01332670609421,-0.0116988990026114,0.0497,900.0
4467.952375133045,-0.0135786071958476,-0.0126318946543031,0.0497,900.0
4468.0530159068185,-0.0136799999999999,-0.0130827755181202,0.0497,900.0
4468.153600175388,-0.0136300477075158,-0.0130735284260254,0.0497,900.0
4468.254165847309,-0.0120272495613723,-0.0127763646429253,0.0497,900.0
4468.354757745274,-0.0050382607812652,-0.0114804462834079,0.0497,900.0
4468.45536776305,0.002223519873738,-0.0101340689439029,0.0497,900.0
4468.5559517932015,0.0096312835915342,-0.0087604892695266,0.0497,900.0
4468.656539876469,0.0107604497814552,-0.0085511136614658,0.0497,900.0
4468.757127721317,0.0108539999999999,-0.0085337670767197,0.0497,900.0
4468.8577124667245,0.0109725798527527,-0.0087260905948852,0.0497,900.0
4468.94833560706,0.0114476544783996,-0.0096051550355087,0.0497,900.0
4469.0488972258645,0.0120690840233559,-0.0109784506266309,0.0497,900.0
4469.149598319538,0.0125248701559924,-0.0123919193628198,0.0497,900.0
4469.251299102314,0.0128171124081132,-0.0139035189385796,0.0497,900.0
4469.351867635258,0.0129378245412704,-0.0154108592292284,0.0497,900.0
4469.452429492481,0.0128821772009631,-0.0168820242753217,0.0497,900.0
4469.553420741566,0.0126650244628937,-0.0183564895404215,0.0497,900.0
4469.653979022511,0.0122589500199861,-0.0198459217344251,0.0497,900.0
4469.754533488758,0.011689498313391,-0.0212256021108602,0.0497,900.0
4469.855135400303,0.0109531569566287,-0.0225380380825372,0.0497,900.0
4469.955710608967,0.0100723867328215,-0.0237515811971292,0.0497,900.0
4470.05627079726,0.0090544740750148,-0.0248634318808799,0.0497,900.0
4470.156805474766,0.0079304306084066,-0.0258470701836003,0.0497,900.0
4470.257378299244,0.006691130931423,-0.0266949291175789,0.0497,900.0
4470.357953507908,0.0053195733639824,-0.0274212803963633,0.0497,900.0
4470.448465545185,0.0040090811282059,-0.0279407130356413,0.0497,900.0
4470.549070317753,0.0025637934777145,-0.0283322141621447,0.0497,900.0
4470.649730880268,0.0011100183834913,-0.0285381038225146,0.0497,900.0
4470.750438888081,-0.000405891749722,-0.028582994145485,0.0497,900.0
4470.852747399815,-0.0019091758598339,-0.0284443707759586,0.0497,900.0
4470.953318078526,-0.0034271106830289,-0.0281089388541454,0.0497,900.0
4471.053895432957,-0.0048576121161473,-0.0276277398816247,0.0497,900.0
4471.154424626835,-0.0061567364651545,-0.0270124903206869,0.0497,900.0
4471.255017478474,-0.0074554158301216,-0.0262010468545308,0.0497,900.0
4471.355541427143,-0.0086666835049446,-0.0252458740961628,0.0497,900.0
4471.4561011385995,-0.0097086802389858,-0.0241907416983886,0.0497,900.0
4471.556667287357,-0.0106042797147596,-0.0230422708758878,0.0497,900.0
4471.657232482441,-0.0113823687115534,-0.0217787370693259,0.0497,900.0
4471.757800300129,-0.0120365478029741,-0.0203830396991717,0.0497,900.0
4471.8483032775,-0.0124791399439453,-0.0190870595398719,0.0497,900.0
4471.948867995747,-0.0128099966359725,-0.0175940658635957,0.0497,900.0
4472.049437243946,-0.012941961768102,-0.0161719834314742,0.0497,900.0
4472.150016028889,-0.012903101414093,-0.0146117758939526,0.0497,900.0
4472.250601251133,-0.0127023761707576,-0.0131348251415988,0.0497,900.0
4472.351181705006,-0.0123134967854274,-0.0116598995008978,0.0497,900.0
4472.4529800009805,-0.0117750640784243,-0.010267093518461,0.0497,900.0
4472.553550679691,-0.0110608671853831,-0.0089307101912719,0.0497,900.0
4472.654140908726,-0.0101836109804928,-0.0076641446809767,0.0497,900.0
4472.754709680088,-0.0092202559919998,-0.0065558853017494,0.0497,900.0
4472.855280358799,-0.0081304013685636,-0.0055641450531505,0.0497,900.0
4472.9558560443,-0.0068655034835559,-0.0046538522612643,0.0497,900.0
4473.056428868778,-0.0055743254785672,-0.0039321149387791,0.0497,900.0
4473.156996686466,-0.0041747445117632,-0.0033608294929786,0.0497,900.0
4473.257575948246,-0.0026840203613519,-0.0029494133337864,0.0497,900.0
4473.358153541096,-0.0012308017162481,-0.0027412824074435,0.0497,900.0
4473.448643167027,0.0001244833468954,-0.0026959418581266,0.0497,900.0
4473.549209554203,0.0016060749169126,-0.0027953294057171,0.0497,900.0
4473.650035340794,0.0030679889898007,-0.0030654282931456,0.0497,900.0
4473.750610549458,0.0045445148002777,-0.0035256102990235,0.0497,900.0
4473.849391419895,0.0059366730261346,-0.0041280658890955,0.0497,900.0
4473.951677520283,0.007242021747789,-0.0049004778190634,0.0497,900.0
4474.052236993321,0.0084506659094368,-0.0058114929684638,0.0497,900.0
4474.152772862919,0.0094891709034463,-0.0068115243187353,0.0497,900.0
4474.253377873905,0.0104493153544771,-0.0079641701138709,0.0497,900.0
4474.354990203388,0.0108432304450355,-0.008518608839641,0.0497,900.0
4474.455556590565,0.0108539999999999,-0.0085337670767197,0.0497,900.0
4474.556127507694,0.0108539999999999,-0.0085334808531633,0.0497,900.0
4474.656698901661,0.010854,-0.0085321847964281,0.0497,0.0
4474.757232387074,0.0108539999999999,-0.0085310363884187,0.0497,0.0
4474.857826430805,0.0108539999999999,-0.0084677854165615,0.0497,0.0
4474.948327023991,0.010854,-0.0084595731761664,0.0497,0.0
4475.048818786152,0.0108539999999999,-0.0085280862099934,0.0497,0.0
4475.149378497608,0.0108539999999999,-0.0085266398725094,0.0497,0.0
4475.2499439311105,0.0108539999999999,-0.0085258663145315,0.0497,0.0
4475.350503642567,0.0108539999999999,-0.0085251356005691,0.0497,0.0
4475.451115090855,0.0108539999999999,-0.0085235591911668,0.0497,0.0
4475.551684100636,0.010854,-0.0085225993884402,0.0497,0.0
4475.652250010975,0.0108539999999999,-0.0085217885900118,0.0497,0.0
4475.752817113407,0.010854,-0.0085203982258171,0.0497,0.0
4475.852467496403,0.0108539999999999,-0.0085194495179212,0.0497,0.0
4475.953522164829,0.0108539999999999,-0.0085183837395229,0.0497,0.0
4476.0540995192605,0.0108539999999999,-0.0085171939778471,0.0497,0.0
4476.154659707554,0.010854,-0.0085160304059266,0.0497,0.0
4476.255184371479,0.0108539999999999,-0.0085150478393462,0.0497,0.0
4476.355693299778,0.0108539999999999,-0.008513874881063,0.0497,0.0
4476.456261594303,0.0108539999999999,-0.0085123511355437,0.0497,0.0
4476.55682297469,0.0108539999999999,-0.0085113691839294,0.0497,0.0
4476.657407004841,0.0108539999999999,-0.0085107121494132,0.0497,0.0
4476.7579252314645,0.0108539999999999,-0.0085093731885974,0.0497,0.0
4476.848438699253,0.010854,-0.0085083228137254,0.0497,0.0
4476.949095208653,0.010854,-0.0085075384986324,0.0497,0.0
4477.049885709293,0.010854,-0.0085059834473835,0.0497,0.0
4477.150446612843,0.0108539999999999,-0.0085045604323708,0.0497,0.0
4477.250993688114,0.0108539999999999,-0.0085035693446451,0.0497,0.0
4477.352235753544,0.0108539999999999,-0.0085026003224051,0.0497,0.0
4477.452801425465,0.0108539999999999,-0.0085015557641429,0.0497,0.0
4477.553365190037,0.010854,-0.008500182620648,0.0497,0.0
4477.653940637119,0.0108539999999999,-0.0084990046417359,0.0497,0.0
4477.754512746342,0.010854,-0.0084985129160207,0.0497,0.0
4477.855091292866,0.010854,-0.0084984025969804,0.0497,0.0
