1990.4279265535351,-0.011443,-0.0038419679763803,0.017750000000000002,0.0
1990.5284617078778,-0.0114429999999999,-0.0038425017268311,0.017750000000000002,0.0
1990.629028333473,-0.011443,-0.0038440863956724,0.017750000000000002,0.0
1990.7298150194165,-0.011443,-0.0038461622101368,0.017750000000000002,0.0
1990.83095408802,-0.011443,-0.0038481533158923,0.017750000000000002,0.0
1990.9315295351025,-0.0114429999999999,-0.003850268278896,0.017750000000000002,0.0
1991.0321176183697,-0.0114429999999999,-0.0038522257684246,0.017750000000000002,0.0
1991.1226391923901,-0.011443,-0.0038538215174511,0.017750000000000002,0.0
1991.2232227457043,-0.0114429999999999,-0.0038554967930733,0.017750000000000002,0.0
1991.3264031541821,-0.0114429999999999,-0.0038576145231125,0.017750000000000002,0.0
1991.4269757402417,-0.0114429999999999,-0.0038597925741879,0.017750000000000002,0.0
1991.5275542867657,-0.0114429999999999,-0.0038617679387671,0.017750000000000002,0.0
1991.6281397474286,-0.0114429999999999,-0.003863792356875,0.017750000000000002,0.0
1991.7287137639996,-0.011443,-0.003865873092803,0.017750000000000002,0.0
1991.8292913568494,-0.0114429999999999,-0.0038678420930162,0.017750000000000002,0.0
1991.9298608434674,-0.011443,-0.0038695276016509,0.017750000000000002,0.0
1992.030442489433,-0.0114429999999999,-0.0038716682668225,0.017750000000000002,0.0
1992.127635968971,-0.011443,-0.0038735973521868,0.017750000000000002,0.0
1992.228190673637,-0.0114429999999999,-0.0038753865609009,0.017750000000000002,0.0
1992.3287644517895,-0.0114429999999999,-0.0038770465076933,0.017750000000000002,0.0
1992.4293470514294,-0.0114429999999999,-0.0038773600329597,0.017750000000000002,0.0
1992.5299017560956,-0.0114243703688433,-0.0039335883028055,0.017750000000000002,0.0
1992.63049365406,-0.0108484810998348,-0.0056699801165282,0.017750000000000002,0.0
1992.7310640943524,-0.009985762368819,-0.008271334124607,0.017750000000000002,0.0
1992.831625951576,-0.0091027783174873,-0.0109336998059346,0.017750000000000002,0.0
1992.9322047365185,-0.0082230392220584,-0.0135862322134645,0.017750000000000002,0.0
1993.0226807725903,-0.0074097525344324,-0.0160385718158914,0.017750000000000002,0.0
1993.123247636604,-0.0064983340600639,-0.0187865884054237,0.017750000000000002,0.0
1993.2239985597607,-0.0056058882975525,-0.0214774724376083,0.017750000000000002,0.0
1993.324514640617,-0.0046805028376108,-0.0242675937005681,0.017750000000000002,0.0
1993.4250784051892,-0.0038137053817621,-0.0268811426841388,0.017750000000000002,0.0
1993.5256376398083,-0.0028823811630626,-0.029689276925046,0.017750000000000002,0.0
1993.6261973512646,-0.002288363107341,-0.0314801571812666,0.017750000000000002,0.0
1993.7267811429974,-0.0021139999999999,-0.0320058099162892,0.017750000000000002,0.0
1993.8273377550122,-0.0019649080517109,-0.0320196894822936,0.017750000000000002,900.0
1993.925570739555,-0.0011988435648981,-0.0320700544901024,0.017750000000000002,900.0
1994.0261147153851,0.0003174632723916,-0.0321154154936289,0.017750000000000002,900.0
1994.1267068517682,0.0018245630719276,-0.0320283738531552,0.017750000000000002,900.0
1994.2272596490857,0.00328946801272,-0.0317947023182064,0.017750000000000002,900.0
1994.3277373445508,0.0046863641722545,-0.0314493756863832,0.017750000000000002,900.0
1994.428282989311,0.0061350144744881,-0.0309566089929053,0.017750000000000002,900.0
1994.528850806999,0.0075181420267737,-0.0303122358378737,0.017750000000000002,900.0
1994.6301126611706,0.0088604010695525,-0.0295373247838911,0.017750000000000002,900.0
1994.730762971687,0.0100659242247511,-0.0286895918835288,0.017750000000000002,900.0
1994.831329120445,0.0111975257618105,-0.027732546323306,0.017750000000000002,900.0
1994.921855939674,0.0119606459150816,-0.0269922484963794,0.017750000000000002,900.0
1995.0224318635937,0.0127127702100506,-0.0261263487766049,0.017750000000000002,900.0
1995.1230213773724,0.0136171819962802,-0.0249296173589928,0.017750000000000002,900.0
1995.2236173284527,0.0144066607070628,-0.0236607334727708,0.017750000000000002,900.0
1995.3263321054455,0.0151154557119664,-0.0222374521249141,0.017750000000000002,900.0
1995.4268374574658,0.0156417087101236,-0.0208712456386957,0.017750000000000002,900.0
1995.5273988378522,0.0160753323804725,-0.0193762131715261,0.017750000000000002,900.0
1995.6279499662396,0.0163480117650286,-0.0178757610066203,0.017750000000000002,900.0
1995.7285473478314,0.0164710594672618,-0.0163775258823372,0.017750000000000002,900.0
1995.8291256559369,0.0164808010825412,-0.0149448317942943,0.017750000000000002,900.0
1995.9260070455548,0.0163458821363005,-0.0134751601102286,0.017750000000000002,900.0
1996.0265805852887,0.0160687010393783,-0.0119527496525414,0.017750000000000002,900.0
1996.127130044746,0.0156724948173599,-0.0105012252221542,0.017750000000000002,900.0
1996.2276921403882,0.0151462760769204,-0.0091113044719618,0.017750000000000002,900.0
1996.3282585275647,0.0144993301083942,-0.0077764097739049,0.017750000000000002,900.0
1996.4288206232068,0.013726484775206,-0.0064916320656253,0.017750000000000002,900.0
1996.5293870103833,0.0128534830674482,-0.0052775898390985,0.017750000000000002,900.0
1996.6299605501172,0.0120438489897328,-0.0043426418345419,0.017750000000000002,900.0
1996.730524553108,0.011249929935593,-0.0035492017229489,0.017750000000000002,900.0
1996.8222344053265,0.010226929043957,-0.0026897336711055,0.017750000000000002,900.0
1996.9228367937085,0.0090030990048317,-0.0018144758865839,0.017750000000000002,900.0
1997.0235180986401,0.0076905234006285,-0.0010363634974582,0.017750000000000002,900.0
1997.1240816247937,0.0062840614535684,-0.0003857010180081,0.017750000000000002,900.0
1997.2246425283429,0.0048727380920208,0.0001203570773728,0.017750000000000002,900.0
1997.3263485563275,0.0034430408887897,0.0004956292087476,0.017750000000000002,900.0
1997.426926864433,0.001974487066366,0.000743118861097,0.017750000000000002,900.0
1997.5275087488171,0.0004523305705168,0.00085397832696,0.017750000000000002,900.0
1997.6280326974866,-0.0010588128074005,0.0008251647163163,0.017750000000000002,900.0
1997.7286179197308,-0.0026136912588289,0.0006594169832684,0.017750000000000002,900.0
1997.829172624397,-0.004061018094556,0.0003606080624859,0.017750000000000002,900.0
1997.9296908510205,-0.0053711591992105,-2.452149864024672e-05,0.017750000000000002,900.0
1998.0302338731763,-0.0063362153438827,-0.000392922255128,0.017750000000000002,900.0
1998.130782617378,-0.0077211426967004,-0.0010463885953762,0.017750000000000002,900.0
1998.2313692701337,-0.0089890999752351,-0.0018047456640111,0.017750000000000002,900.0
1998.3218782079693,-0.0101122885364045,-0.0026093200758276,0.017750000000000002,900.0
1998.4224391115185,-0.0112681112935692,-0.003587743641097,0.017750000000000002,900.0
1998.5241556299206,-0.0122965132007269,-0.0046455455225268,0.017750000000000002,900.0
1998.624732269096,-0.0132470122931008,-0.0058136285626534,0.017750000000000002,900.0
1998.72530747776,-0.0141263781759954,-0.0071144403185889,0.017750000000000002,900.0
1998.826033366966,-0.0148345156086802,-0.0084157436427633,0.017750000000000002,900.0
1998.9265227449414,-0.0154081616043433,-0.0097431078403458,0.017750000000000002,900.0
1999.0271051061627,-0.0159190855546239,-0.0112558556685112,0.017750000000000002,900.0
1999.1276216638562,-0.0162360437275919,-0.0126656228631696,0.017750000000000002,900.0
1999.228198064613,-0.0164327870111175,-0.0142013394094863,0.017750000000000002,900.0
1999.328758014488,-0.0164947107965142,-0.0156562798540371,0.017750000000000002,900.0
1999.4293041360852,-0.0164190147813492,-0.0171569978025182,0.017750000000000002,900.0
1999.5299098623273,-0.0162015631102738,-0.0186734075039666,0.017750000000000002,900.0
1999.630454076576,-0.0158638562662652,-0.0201222790873779,0.017750000000000002,900.0
1999.7310199869153,-0.0153848370105658,-0.0215521204456719,0.017750000000000002,900.0
1999.8315932882306,-0.0147743955999714,-0.0229398234593311,0.017750000000000002,900.0
1999.9221372735974,-0.0141453210077293,-0.0241089352987933,0.017750000000000002,900.0
2000.0227117670056,-0.0132861862723085,-0.0254200607038026,0.017750000000000002,900.0
2000.1234865320203,-0.0123406296173116,-0.0265842464801518,0.017750000000000002,900.0
2000.2240462434766,-0.0113429668342165,-0.0276151965170525,0.017750000000000002,900.0
2000.324645532417,-0.0101643213725608,-0.0286314542282409,0.017750000000000002,900.0
2000.4251847398755,-0.0089596412555769,-0.029476050999551,0.017750000000000002,900.0
2000.5231914651868,-0.0076388771771044,-0.0302391302313982,0.017750000000000002,900.0
2000.624552739906,-0.0062966006862955,-0.0308701241955754,0.017750000000000002,900.0
2000.7251858842847,-0.0052087888247253,-0.0312856987306958,0.017750000000000002,900.0
2000.8257527482983,-0.0039787754411863,-0.0316269880501648,0.017750000000000002,900.0
2000.9263205659863,-0.0027127881120793,-0.0319064269803757,0.017750000000000002,900.0
2001.0268840921399,-0.002114,-0.0320058099162893,0.017750000000000002,900.0
2001.1274685991284,-0.0021241767951687,-0.0319886031037152,0.017750000000000002,900.0
2001.228030456352,-0.0025862143321234,-0.0312061584601952,0.017750000000000002,900.0
2001.3285992277142,-0.0059228361109767,-0.0255550270153419,0.017750000000000002,900.0
2001.4291849267956,-0.009639078058604,-0.0192608056274662,0.017750000000000002,900.0
2001.5297577512738,-0.0098118235268015,-0.0189681267794894,0.017750000000000002,900.0
2001.6303193700787,-0.009825,-0.0189458021707089,0.017750000000000002,900.0
2001.7308833730694,-0.0098829568968512,-0.0187432405557777,0.017750000000000002,900.0
2001.8314521444318,-0.0101244031473314,-0.0176943658274417,0.017750000000000002,900.0
2001.9219784868237,-0.0103051657714319,-0.0163210395011758,0.017750000000000002,900.0
2002.02622295742,-0.0102964941534078,-0.0147673778704545,0.017750000000000002,900.0
2002.127581609535,-0.0100646477420185,-0.0133010846462149,0.017750000000000002,900.0
2002.2281596792218,-0.0096356230168937,-0.0118690166556615,0.017750000000000002,900.0
2002.3287303579327,-0.0089870264305061,-0.0105225987318236,0.017750000000000002,900.0
2002.429308189201,-0.0081536776453398,-0.0092415073225023,0.017750000000000002,900.0
2002.5298349988934,-0.0071806461016156,-0.0081644529463709,0.017750000000000002,900.0
2002.6303613317486,-0.0059551258383415,-0.0071614998052072,0.017750000000000002,900.0
2002.7309451234814,-0.0047110429003775,-0.0064083364593125,0.017750000000000002,900.0
2002.8314626348492,-0.0032848520915456,-0.0058248228759263,0.017750000000000002,900.0
2002.9219713342663,-0.001969112671459,-0.0054878192303854,0.017750000000000002,900.0
2003.0225465429303,-0.0005168092757945,-0.005307278110838,0.017750000000000002,900.0
2003.1231148374554,0.0009778703176233,-0.0053479549188809,0.017750000000000002,900.0
2003.2236831319806,0.0024738735395788,-0.0055946910299231,0.017750000000000002,900.0
2003.3242502344128,0.0038753705376741,-0.0060469546208593,0.017750000000000002,900.0
2003.4248192441937,0.0052250918649667,-0.0067092533677689,0.017750000000000002,900.0
2003.5253021848675,0.0065084458355893,-0.0075841018026206,0.017750000000000002,900.0
2003.6258824003216,0.0076368783606757,-0.0086402874137871,0.017750000000000002,900.0
2003.7264733446118,0.0085402771187483,-0.0097668829906096,0.017750000000000002,900.0
2003.8270392549512,0.0092994862991084,-0.0110767222060117,0.017750000000000002,900.0
2003.9275570047375,0.0098490470913363,-0.012505150350204,0.017750000000000002,900.0
2004.0281379354474,0.0102035357334289,-0.013932142738756,0.017750000000000002,900.0
2004.1287067068097,0.0103281186918551,-0.0154185714504601,0.017750000000000002,900.0
2004.2292823923108,0.0102459817733115,-0.0169212243610761,0.017750000000000002,900.0
2004.330033077049,0.0099585652039608,-0.018394119609307,0.017750000000000002,900.0
2004.4305958879468,0.0094380652817615,-0.019827567574734,0.017750000000000002,900.0
2004.5311644208905,0.008728092055018,-0.0211617899749694,0.017750000000000002,900.0
2004.6317317617413,0.007858079688329,-0.0223436712815301,0.017750000000000002,900.0
2004.722227109718,0.0068937465842973,-0.0233427274113918,0.017750000000000002,900.0
2004.8227889669415,0.0057291133488631,-0.0242638201819988,0.017750000000000002,900.0
2004.9233172071454,0.0043889645640479,-0.0250048805339348,0.017750000000000002,900.0
2005.0238938463208,0.0030079015307841,-0.0255197383300688,0.017750000000000002,900.0
2005.1244781148907,0.0015277936509384,-0.0258613375706771,0.017750000000000002,900.0
2005.225724948692,5.266742430044824e-05,-0.0259659927925469,0.017750000000000002,900.0
2005.3263130319592,-0.0014245417521718,-0.0258470510776375,0.017750000000000002,900.0
2005.4268827569958,-0.0029397247272151,-0.0255217907672161,0.017750000000000002,900.0
2005.5274632108685,-0.0043878106041553,-0.0249747251650814,0.017750000000000002,900.0
2005.6280346048352,-0.0057120132502512,-0.0242465681019444,0.017750000000000002,900.0
2005.7285988462445,-0.0069000032669573,-0.0233297913137012,0.017750000000000002,900.0
2005.829180015373,-0.0079206109738083,-0.0222724508398409,0.017750000000000002,900.0
2005.930765641975,-0.008787659486009,-0.0210839502537421,0.017750000000000002,900.0
2006.0313348901745,-0.0095175827794728,-0.0197184937246015,0.017750000000000002,900.0
2006.121852411079,-0.0097760922499877,-0.0190687315410596,0.017750000000000002,900.0
2006.2224118841168,-0.009825,-0.0189458021707089,0.017750000000000002,900.0
2006.3229859006879,-0.009705106344019,-0.0190104708773036,0.017750000000000002,900.0
2006.4235682619092,-0.0053119718826016,-0.0213781051010545,0.017750000000000002,900.0
2006.5241260660168,0.0011704667465296,-0.0248716359948256,0.017750000000000002,900.0
2006.624701751518,0.0058064558944702,-0.0273700384599925,0.017750000000000002,900.0
2006.7252249849316,0.007604,-0.0283387596229689,0.017750000000000002,900.0
2006.825798286247,0.0077881258941982,-0.0282202508739443,0.017750000000000002,900.0
2006.926469100761,0.0085453320598999,-0.0277102133583843,0.017750000000000002,900.0
2007.0270347726819,0.0096999907783239,-0.0268022857063825,0.017750000000000002,900.0
2007.12760759716,0.0108231471143459,-0.0257336960140764,0.017750000000000002,900.0
2007.2282028329846,0.0117814364992252,-0.0245791937556703,0.017750000000000002,900.0
2007.3287673128125,0.0126017034940073,-0.0233800760607699,0.017750000000000002,900.0
2007.4293244016644,0.0133097955330279,-0.0220715647774682,0.017750000000000002,900.0
2007.5298898351666,0.0138971289388383,-0.0206865052819605,0.017750000000000002,900.0
2007.6304471624371,0.0142702349595134,-0.0195367353632362,0.017750000000000002,900.0
2007.730975402641,0.014547854137815,-0.0182491406395451,0.017750000000000002,900.0
2007.8214876783368,0.014731449189509,-0.016879510839557,0.017750000000000002,900.0
2007.9220142496106,0.0147906163834967,-0.0153670403901774,0.017750000000000002,900.0
2008.0304420125958,0.0146776983056673,-0.0138137131722446,0.017750000000000002,900.0
2008.1310682428357,0.0144515916123321,-0.0124303791411044,0.017750000000000002,900.0
2008.2216251028058,0.014226747507012,-0.0115225023530441,0.017750000000000002,900.0
2008.3221743238446,0.013862286637413,-0.0104245588560782,0.017750000000000002,900.0
2008.4227173460004,0.0132886118156254,-0.0091268052873187,0.017750000000000002,900.0
2008.5232832563397,0.012551893934351,-0.0078036172292418,0.017750000000000002,900.0
2008.622860206413,0.011724815558767,-0.006617661231693,0.017750000000000002,900.0
2008.7235703599927,0.0107169032921528,-0.005444280668861,0.017750000000000002,900.0
2008.8241260183331,0.0096263406280876,-0.0044058093000213,0.017750000000000002,900.0
2008.924684299278,0.0084709417160457,-0.0035150202902237,0.017750000000000002,900.0
2009.0252523553845,0.0071987659896097,-0.0027143220950246,0.017750000000000002,900.0
2009.1257798803326,0.0058429288016592,-0.0020425465371388,0.017750000000000002,900.0
2009.2263362539288,0.0044551401452038,-0.0015223310140303,0.017750000000000002,900.0
2009.3268973958966,0.0029971186496906,-0.0011375872761539,0.017750000000000002,900.0
2009.4274239671704,0.0014372295546935,-0.0008916138551284,0.017750000000000002,900.0
2009.527943862724,-8.029212522708828e-05,-0.0008312991348444,0.017750000000000002,900.0
2009.628510011482,-0.0015751200729971,-0.0009141787093591,0.017750000000000002,900.0
2009.7290871274945,-0.0030661419211988,-0.0011616928572366,0.017750000000000002,900.0
2009.8296663892743,-0.0044663709863836,-0.0015344466560959,0.017750000000000002,900.0
2009.930231584358,-0.0058946615522598,-0.0020732670843495,0.017750000000000002,900.0
2010.0252142084119,-0.0071765260580081,-0.0027016605768142,0.017750000000000002,900.0
2010.125815881538,-0.008423102999035,-0.0034766845202884,0.017750000000000002,900.0
2010.2263693941113,-0.0096283426688756,-0.0044038649226148,0.017750000000000002,900.0
2010.3269326818463,-0.0107339405424737,-0.0054558609741005,0.017750000000000002,900.0
2010.4275167119977,-0.0117028745330816,-0.0065783589912714,0.017750000000000002,900.0
2010.5280730855939,-0.012570635748432,-0.0078271967594545,0.017750000000000002,900.0
2010.628633989143,-0.0133311841024175,-0.009200882817194,0.017750000000000002,900.0
2010.729216588783,-0.0138979674617568,-0.0105380865655672,0.017750000000000002,900.0
2010.8298480642316,-0.0142559488186438,-0.011635651404941,0.017750000000000002,900.0
2010.9304318559643,-0.0145278409761148,-0.0128225843909626,0.017750000000000002,900.0
2011.0310173166272,-0.0147186212269507,-0.0142465602381162,0.017750000000000002,900.0
2011.1214881074902,-0.0147886542184631,-0.0156245142934757,0.017750000000000002,900.0
2011.2220590246197,-0.0147089570728334,-0.0171402428282257,0.017750000000000002,900.0
2011.3228707445141,-0.0145058128633342,-0.0185249298897823,0.017750000000000002,900.0
2011.4234404695508,-0.0142150252359671,-0.0197487001822931,0.017750000000000002,900.0
2011.5250241888043,-0.0138067922533131,-0.0209377255812599,0.017750000000000002,900.0
2011.6264181268689,-0.0132098519526336,-0.0222830240415725,0.017750000000000002,900.0
2011.7269826066968,-0.0124812131295343,-0.0235917998308562,0.017750000000000002,900.0
2011.827540649223,-0.0115682547542762,-0.0248551365938413,0.017750000000000002,900.0
2011.9293086660382,-0.0105797949332895,-0.0259839665996064,0.017750000000000002,900.0
2012.029880536842,-0.009482844018957,-0.0269809029966565,0.017750000000000002,900.0
2012.130440486717,-0.0082624029161288,-0.0278940587255334,0.017750000000000002,900.0
2012.2310142648694,-0.0069364359572928,-0.02868438093361,0.017750000000000002,900.0
2012.3215451372143,-0.0057422406031627,-0.0292539554337436,0.017750000000000002,900.0
2012.4221122396466,-0.0043656333243381,-0.0297539019830887,0.017750000000000002,900.0
2012.5227074754712,-0.0028717721174078,-0.0301318019605659,0.017750000000000002,900.0
2012.6232791078564,-0.0013672998019774,-0.0303572326601448,0.017750000000000002,900.0
2012.7238354814526,0.0001318240171132,-0.030419543331788,0.017750000000000002,900.0
2012.8244066370007,0.0016464696451332,-0.0303393711166012,0.017750000000000002,900.0
2012.9249804151532,0.0031539011572265,-0.0300928067087726,0.017750000000000002,900.0
2013.0255563390729,0.0046155820886205,-0.0296972705634619,0.017750000000000002,900.0
2013.126130355644,0.0059424070967026,-0.0291775549592232,0.017750000000000002,900.0
2013.22402049427,0.0071970913889956,-0.0285552330238489,0.017750000000000002,900.0
2013.324592841911,0.007581713185907,-0.0283524962669691,0.017750000000000002,900.0
2013.4251134527203,0.007604,-0.0283387596229689,0.017750000000000002,900.0
2013.525672925758,0.0055748940724592,-0.0273940886807968,0.017750000000000002,900.0
2013.6262416971203,0.0003586867565792,-0.0249655613297852,0.017750000000000002,900.0
2013.7268064153668,-0.0065200501853139,-0.0217629401663957,0.017750000000000002,900.0
2013.8275601995465,-0.0112161580677671,-0.0195764897313297,0.017750000000000002,900.0
2013.928737176704,-0.0114429999999999,-0.0194707849203227,0.017750000000000002,900.0
2014.029309524345,-0.0114459198817208,-0.019460579819827,0.017750000000000002,900.0
2014.1298742425915,-0.0115296170155567,-0.0191680550727128,0.017750000000000002,900.0
2014.2304024827954,-0.0118626234994253,-0.0177266868306105,0.017750000000000002,900.0
2014.3309846055981,-0.0120365333489819,-0.0161874676182366,0.017750000000000002,900.0
2014.4214952123639,-0.0120185966575366,-0.014868785822527,0.017750000000000002,900.0
2014.5220649374005,-0.0118284258216779,-0.0133891437695132,0.017750000000000002,900.0
2014.6226487291333,-0.0114547625414919,-0.0119320714794825,0.017750000000000002,900.0
2014.7249553335187,-0.0108870114529785,-0.0105097507227487,0.017750000000000002,900.0
2014.8255326879498,-0.0101697448200552,-0.0091892870524776,0.017750000000000002,900.0
2014.9261109960553,-0.0092890923129851,-0.007966086300507,0.017750000000000002,900.0
2015.026684058952,-0.0082225262131847,-0.006823508554764,0.017750000000000002,900.0
2015.1272676122662,-0.0070753669711809,-0.005869352046592,0.017750000000000002,900.0
2015.2278599870679,-0.0058318736081051,-0.0050845367728716,0.017750000000000002,900.0
2015.328439010429,-0.0044252519718312,-0.0044158005897127,0.017750000000000002,900.0
2015.4290104043957,-0.0029722861427032,-0.0039438576713937,0.017750000000000002,900.0
2015.529556525993,-0.0015448038817008,-0.0036696811710508,0.017750000000000002,900.0
2015.6310780179974,-2.372696300301236e-05,-0.0035936053853947,0.017750000000000002,900.0
2015.7220382822034,0.0013450941331093,-0.0036709611688377,0.017750000000000002,900.0
2015.8226030004498,0.0027936855362947,-0.0039233856827455,0.017750000000000002,900.0
2015.9231789243695,0.00419384698398,-0.0043480027390058,0.017750000000000002,900.0
2016.0237229001996,0.0055697806009298,-0.0049521114646358,0.017750000000000002,900.0
2016.124287618446,0.0068715276176886,-0.0057329320742325,0.017750000000000002,900.0
2016.2251310480115,0.0080710036109903,-0.0066930447477839,0.017750000000000002,900.0
2016.325752986717,0.0091508116522305,-0.0077954178975828,0.017750000000000002,900.0
2016.4263210428235,0.0100833348558455,-0.0090133941189859,0.017750000000000002,900.0
2016.5268960130688,0.0108100968292255,-0.0102884667090189,0.017750000000000002,900.0
2016.6274657381055,0.0113759791966517,-0.0116430892647393,0.017750000000000002,900.0
2016.728027595329,0.0117641705432322,-0.0131007359236127,0.017750000000000002,900.0
2016.8285956514355,0.0119924426527947,-0.0146128663800154,0.017750000000000002,900.0
2016.9291718137738,0.0120256988545679,-0.0161428117832742,0.017750000000000002,900.0
2017.029736055183,0.0118672124387605,-0.0176504443330104,0.017750000000000002,900.0
2017.1309495103833,0.0115376203810127,-0.0190867557691545,0.017750000000000002,900.0
2017.2214710844037,0.0110930722826772,-0.0203106294898449,0.017750000000000002,900.0
2017.323364270973,0.0104014242914163,-0.0216914993528485,0.017750000000000002,900.0
2017.4239459169385,0.0095646893747291,-0.0229582585154444,0.017750000000000002,900.0
2017.5253226888653,0.0085978488082511,-0.0240821693723988,0.017750000000000002,900.0
2017.6258909833905,0.0074257354807757,-0.0251397714028344,0.017750000000000002,900.0
2017.7264537942883,0.0062086168668714,-0.0259552642055953,0.017750000000000002,900.0
2017.8270137441632,0.0048249615378628,-0.0266609377240897,0.017750000000000002,900.0
2017.92505980854,0.0034282198341603,-0.027168354855069,0.017750000000000002,900.0
2018.0256323945996,0.0020141536423043,-0.0275023062076208,0.017750000000000002,900.0
2018.126225484657,0.0005097850190624,-0.0276550645802309,0.017750000000000002,900.0
2018.2268128526684,-0.0009950064679065,-0.0276243246252537,0.017750000000000002,900.0
2018.327373517799,-0.0024555905138159,-0.0274072300917043,0.017750000000000002,900.0
2018.427936805534,-0.003939392167386,-0.0270023232656479,0.017750000000000002,900.0
2018.5285022390362,-0.0053632957983765,-0.026412591322294,0.017750000000000002,900.0
2018.629069579887,-0.0066802232034739,-0.0256703690091851,0.017750000000000002,900.0
2018.7296273839947,-0.0078196281826255,-0.024806102460088,0.017750000000000002,900.0
2018.8301940095898,-0.0089070990385842,-0.0237492276314641,0.017750000000000002,900.0
2018.9307608736035,-0.0098825828325831,-0.0225226261032088,0.017750000000000002,900.0
2019.0212335718152,-0.0105729219624819,-0.0214020641057709,0.017750000000000002,900.0
2019.1217434537884,-0.0111764338730071,-0.0201125184243224,0.017750000000000002,900.0
2019.2223031652447,-0.0114339843381417,-0.0194956788401119,0.017750000000000002,900.0
2019.3230030668255,-0.0114429999999999,-0.0194707849203228,0.017750000000000002,900.0
2019.4248871934888,-0.011443,-0.0194701749706606,0.017750000000000002,0.0
2019.5254380834576,-0.0114429999999999,-0.0194684404792878,0.017750000000000002,0.0
2019.6261243951794,-0.0114429999999999,-0.019466777546896,0.017750000000000002,0.0
2019.726689590263,-0.011443,-0.0194662195562734,0.017750000000000002,0.0
2019.8272624147412,-0.0114429999999999,-0.0194655208586121,0.017750000000000002,0.0
2019.9295892847058,-0.0114429999999999,-0.0194633345403739,0.017750000000000002,0.0
2020.0301470888135,-0.0114429999999999,-0.0194623131966927,0.017750000000000002,0.0
2020.1306617391583,-0.0114429999999999,-0.019461491706439,0.017750000000000002,0.0
2020.2211907041547,-0.0114429999999999,-0.0194600144466155,0.017750000000000002,0.0
2020.3217539918896,-0.0114429999999999,-0.0194590258535904,0.017750000000000002,0.0
2020.4223175180432,-0.0114429999999999,-0.0194576818228034,0.017750000000000002,0.0
2020.5228881967541,-0.011443,-0.0194564161359667,0.017750000000000002,0.0
2020.6234185827252,-0.0114429999999999,-0.0194553280084729,0.017750000000000002,0.0
2020.7239368093487,-0.011443,-0.0194541062554184,0.017750000000000002,0.0
2020.8245060575482,-0.0114429999999999,-0.0194527976106613,0.017750000000000002,0.0
2020.92496920948,-0.0114429999999999,-0.019450318815324,0.017750000000000002,0.0
2021.0255367887494,-0.0114429999999999,-0.0194492647311756,0.017750000000000002,0.0
2021.1261100900647,-0.0114429999999999,-0.0194488736709316,0.017750000000000002,0.0
2021.2268371713635,-0.0114429999999999,-0.0194472228767478,0.017750000000000002,0.0
2021.3274061811444,-0.0114429999999999,-0.0194458349673169,0.017750000000000002,0.0
2021.4279575479504,-0.0114429999999999,-0.0194450850300478,0.017750000000000002,0.0
2021.5285260808942,-0.0114429999999999,-0.0194438106399189,0.017750000000000002,0.0
2021.6291022432324,-0.0114429999999999,-0.0194424334418803,0.017750000000000002,0.0
2021.7296626699444,-0.0114429999999999,-0.019440810381799,0.017750000000000002,0.0
2021.8302219045636,-0.0114429999999999,-0.0194394287545351,0.017750000000000002,0.0
2021.930790675926,-0.0114429999999999,-0.0194382749801177,0.017750000000000002,0.0
2022.0213153493878,-0.0114429999999999,-0.0194368832626361,0.017750000000000002,0.0
2022.121879590797,-0.0114429999999999,-0.0194356937899766,0.017750000000000002,0.0
2022.2224490774151,-0.0114429999999999,-0.019435210666598,0.017750000000000002,0.0
2022.3230130804059,-0.0114429999999999,-0.0194353895740298,0.017750000000000002,0.0
