4207.799190759659,0.009704000000000004,-0.014053782873771667,0.01207,990.7
4207.899199008942,0.009731599999999993,-0.014010319604354268,0.01207,990.7
4207.999166250229,0.0109205,-0.01314705162179295,0.01207,990.7
4208.099156618118,0.0120759,-0.01209987265927017,0.01207,990.7
4208.199179172516,0.013211799999999996,-0.01086334904047346,0.01207,990.7
4208.2990629673,0.014229099999999995,-0.009527564308814483,0.01207,990.7
4208.399146318436,0.0151028,-0.008093636008992343,0.01207,990.7
4208.499144077301,0.0157857,-0.006692107996442077,0.01207,990.7
4208.599056005478,0.016342899999999994,-0.005236095314666393,0.01207,990.7
4208.699061870575,0.016342899999999994,-0.005236095314666393,0.01207,990.7
4208.799140691757,0.016742800000000002,-0.0038423338825871248,0.01207,990.7
4208.89932012558,0.016971199999999992,-0.002716015752869283,0.01207,990.7
4208.999097585678,0.01717769999999999,-0.001049691577565015,0.01207,990.7
4209.099135637283,0.017206200000000005,0.0006291835924556385,0.01207,990.7
4209.199175834656,0.017081600000000002,0.0023034699777510284,0.01207,990.7
4209.299129247665,0.0168257,0.003835346216216007,0.01207,990.7
4209.39910364151,0.01659759999999999,0.0047337594404168876,0.01207,990.7
4209.49911570549,0.016082700000000005,0.006332007430671475,0.01207,990.7
4209.599183797836,0.01545619999999999,0.0077599921892115495,0.01207,990.7
4209.699214458466,0.014638299999999993,0.009226460173403155,0.01207,990.7
4209.799579620361,0.014638299999999993,0.009226460173403155,0.01207,990.7
4209.899176836014,0.013761599999999999,0.010515722445827873,0.01207,990.7
4209.999218463898,0.012691899999999992,0.011810006344355896,0.01207,990.7
4210.099168300629,0.011494099999999993,0.012986730223543477,0.01207,990.7
4210.199151277542,0.010287199999999996,0.013973676605079022,0.01207,990.7
4210.299157619476,0.00889769999999998,0.014916593619804911,0.01207,990.7
4210.399142503738,0.0075264999999999915,0.015659438022729247,0.01207,990.7
4210.499068260193,0.00598029999999998,0.016314021921430708,0.01207,990.7
4210.599157333374,0.004380200000000001,0.016823157274653583,0.01207,990.7
4210.69916677475,0.0027379000000000014,0.017173623034445598,0.01207,990.7
4210.799170255661,0.0011882000000000004,0.01734680605887934,0.01207,990.7
4210.899310588837,-0.0004905000000000187,0.01737869648118171,0.01207,990.7
4210.999104499817,-0.0004905000000000187,0.01737869648118171,0.01207,990.7
4211.099132061005,-0.002165200000000006,0.017256526885947303,0.01207,990.7
4211.199093580246,-0.0037013999999999936,0.01698794524771803,0.01207,990.7
4211.299121856689,-0.005320299999999986,0.0165424366919171,0.01207,990.7
4211.399178266525,-0.00689179999999999,0.015951221587611177,0.01207,990.7
4211.499318599701,-0.008292300000000002,0.015265117734479229,0.01207,990.7
4211.599231719971,-0.009719400000000003,0.014380275234933754,0.01207,990.7
4211.699134349823,-0.011057300000000006,0.01336581079513206,0.01207,990.7
4211.799612760544,-0.012295699999999993,0.012231726084943273,0.01207,990.7
4211.899074792862,-0.013331099999999985,0.011065653137691884,0.01207,990.7
4211.999196529388,-0.01432639999999999,0.009713392538743554,0.01207,990.7
4212.099169492722,-0.015192799999999992,0.008275168898476647,0.01207,990.7
4212.199206113815,-0.015192799999999992,0.008275168898476647,0.01207,990.7
4212.299189329147,-0.0158648,0.0068681093948536436,0.01207,990.7
4212.399209499359,-0.016434599999999994,0.005288593152455348,0.01207,990.7
4212.499154090881,-0.016830899999999996,0.003780861546990564,0.01207,990.7
4212.599186658859,-0.017110199999999978,0.002125069697693646,0.01207,990.7
4212.6991131305695,-0.017211999999999977,0.00044915590272969624,0.01207,990.7
4212.799220561981,-0.017155299999999984,-0.0012287203285207618,0.01207,990.7
4212.899185180664,-0.016962899999999975,-0.002775913307238538,0.01207,990.7
4212.999121904373,-0.0165965,-0.00441442597999616,0.01207,990.7
4213.099182128906,-0.0161091,-0.005895505209950809,0.01207,990.7
4213.199156045914,-0.015441999999999984,-0.007436265573585864,0.01207,990.7
4213.2992374897,-0.015441999999999984,-0.007436265573585864,0.01207,990.7
4213.399204015732,-0.014634499999999995,-0.008908342072441573,0.01207,990.7
4213.4990837574005,-0.013674499999999992,-0.010286137502201018,0.01207,990.7
4213.599150657654,-0.0126719,-0.011480140557927836,0.01207,990.7
4213.699235677719,-0.011480399999999974,-0.0126630806315092,0.01207,990.7
4213.799099683762,-0.010175100000000006,-0.013719457954651147,0.01207,990.7
4213.899094343185,-0.008874800000000002,-0.014579883168084694,0.01207,990.7
4213.99916434288,-0.007396099999999989,-0.015375270595116737,0.01207,990.7
4214.099096298218,-0.0059614000000000195,-0.015986216386049197,0.01207,990.7
4214.199075937271,-0.004357800000000009,-0.0164843865718867,0.01207,990.7
4214.299197912216,-0.0027144000000000057,-0.016828301110667056,0.01207,990.7
4214.3991985321045,-0.0010460999999999804,-0.017019175361849458,0.01207,990.7
4214.499182701111,-0.0010460999999999804,-0.017019175361849458,0.01207,990.7
4214.599145650864,0.0005132999999999804,-0.017041769608772538,0.01207,990.7
4214.699154138565,0.0020677999999999946,-0.016919404384017712,0.01207,990.7
4214.799062728882,0.003722900000000001,-0.016637426859484612,0.01207,990.7
4214.899131059647,0.005344199999999993,-0.016200390378644396,0.01207,990.7
4214.999766111374,0.006910799999999995,-0.015596072832315101,0.01207,990.7
4215.099119901657,0.00830850000000001,-0.014905400985626614,0.01207,990.7
4215.199180364609,0.009639500000000023,-0.014095381521662724,0.01207,990.7
4215.299095153809,0.009704000000000004,-0.014053782873771667,0.01207,990.7
4215.3991775512695,0.009704000000000004,-0.014053782873771667,0.01207,990.7
4215.599133014679,-0.0022818000000000005,-0.008064294911537352,0.01207,0.0
4215.6991419792175,-0.0022818000000000005,-0.008064294911537352,0.01207,0.0
4215.899316549301,-0.008018000000000011,-0.005197772277281208,0.01207,0.0
4215.999167203903,-0.008018000000000011,-0.005197772277281212,0.01207,990.7
4216.09916138649,-0.008378300000000019,-0.0046149106420070585,0.01207,990.7
4216.199141263962,-0.009044499999999997,-0.0032069292232052363,0.01207,990.7
4216.299196958542,-0.009488699999999989,-0.0015896976231513718,0.01207,990.7
4216.399175405502,-0.009656999999999985,7.946932128060497e-05,0.01207,990.7
4216.499236345291,-0.009539599999999995,0.0016329200767297332,0.01207,990.7
4216.599157571793,-0.009150199999999983,0.0032649793432356876,0.01207,990.7
4216.699140548706,-0.008466799999999983,0.0047966391610116225,0.01207,990.7
4216.7991335392,-0.008466799999999983,0.0047966391610116225,0.01207,990.7
4216.899791717529,-0.007619399999999998,0.0061036134513537815,0.01207,990.7
4216.99923157692,-0.006472400000000017,0.00732683899860679,0.01207,990.7
4217.099144697189,-0.00514089999999999,0.008347128373761746,0.01207,990.7
4217.199055671692,-0.0037558000000000036,0.00906021962902167,0.01207,990.7
4217.299202919006,-0.0020447999999999994,0.009609326220467052,0.01207,990.7
4217.399193048477,-0.0004996000000000028,0.009807652816671224,0.01207,990.7
4217.499157190323,0.0010580000000000173,0.009772996648832466,0.01207,990.7
4217.59921169281,0.0027004999999999946,0.009432671956007166,0.01207,990.7
4217.699067592621,0.0042682,0.00883672866987835,0.01207,990.7
4217.7991580963135,0.005697800000000017,0.007958849441553853,0.01207,990.7
4217.899073600769,0.006883000000000014,0.006947464982737815,0.01207,990.7
4217.999141693115,0.006883000000000014,0.006947464982737815,0.01207,990.7
4218.099117040634,0.0079452,0.005648864952596179,0.01207,990.7
4218.199164152145,0.008727699999999991,0.004297143596306657,0.01207,990.7
4218.299145460129,0.009304900000000019,0.002726837919175693,0.01207,990.7
4218.399177789688,0.009611500000000009,0.0010784984149005555,0.01207,990.7
4218.499200582504,0.009626499999999996,-0.0004790312603043037,0.01207,990.7
4218.5991423130035,0.00937650000000001,-0.0021371768049281703,0.01207,990.7
4218.699332475662,0.008830699999999997,-0.0037235377126186436,0.01207,990.7
4218.799206972122,0.008024600000000007,-0.0051943780608464316,0.01207,990.7
4218.899107456207,0.007056199999999999,-0.006414642233042812,0.01207,990.7
4218.9991574287415,0.005906600000000012,-0.007465802300561132,0.01207,990.7
4219.099232196808,0.0044936,-0.008369865621763665,0.01207,990.7
4219.199182748795,0.0044936,-0.008369865621763665,0.01207,990.7
4219.2991371154785,0.0029479000000000033,-0.009018841005800943,0.01207,990.7
4219.3992211818695,0.0013127,-0.00939250869224563,0.01207,990.7
4219.499131679535,-0.00024249999999999272,-0.009479512254671897,0.01207,990.7
4219.599118709564,-0.0019097999999999754,-0.009292737714413947,0.01207,990.7
4219.699125528336,-0.0035179000000000044,-0.00881653330460113,0.01207,990.7
4219.799113035202,-0.005023999999999987,-0.008077083118111554,0.01207,990.7
4219.899170637131,-0.006280500000000008,-0.007156348300099362,0.01207,990.7
4219.9991817474365,-0.007378400000000007,-0.00605109482239613,0.01207,990.7
4220.099055051804,-0.008018000000000011,-0.005197772277281208,0.01207,990.7
4220.199064493179,-0.008018000000000011,-0.005197772277281208,0.01207,990.7
4220.299129247665,-0.008018000000000011,-0.005197772277281208,0.01207,990.7
4220.399151086807,-0.007665299999999986,-0.004429882117346594,0.01207,0.0
4220.499162912369,-0.004411999999999999,0.00265209190718552,0.01207,0.0
4220.799271583557,0.0015430000000000027,0.015615150652893237,0.01207,0.0
4220.899195194244,0.0015430000000000027,0.01561515065289324,0.01207,990.7
4220.999248743057,0.0014681,0.015622211738874386,0.01207,990.7
4221.09917640686,-8.669999999999511e-05,0.015685915559887735,0.01207,990.7
4221.199212312698,-0.0016434000000000032,0.015599226232910768,0.01207,990.7
4221.299183607101,-0.0033014000000000238,0.015335764035544902,0.01207,990.7
4221.399169206619,-0.004918699999999998,0.01488489882702278,0.01207,990.7
4221.49905872345,-0.004918699999999998,0.01488489882702278,0.01207,990.7
4221.5991406440735,-0.006373099999999993,0.014323122634932076,0.01207,990.7
4221.699211835861,-0.007861799999999988,0.013546564770516498,0.01207,990.7
4221.799256563187,-0.009264099999999997,0.012623378442417094,0.01207,990.7
4221.899242401123,-0.010463699999999979,0.011627331515022519,0.01207,990.7
4221.999230623245,-0.01164080000000002,0.010430150663549898,0.01207,990.7
4222.0991089344025,-0.012681399999999995,0.00911286046788952,0.01207,990.7
4222.199143886566,-0.013511499999999996,0.007793237368070787,0.01207,990.7
4222.299194097519,-0.014264399999999983,0.00629252526624971,0.01207,990.7
4222.399244785309,-0.014833099999999988,0.004712715579571012,0.01207,990.7
4222.499122619629,-0.015218599999999999,0.0032021204138096768,0.01207,990.7
4222.599145650864,-0.015453399999999992,0.0015398751582612856,0.01207,990.7
4222.699208498001,-0.015453399999999992,0.0015398751582612856,0.01207,990.7
4222.7991688251495,-0.015512000000000012,-1.7870937632606665e-05,0.01207,990.7
4222.899170875549,-0.015405499999999989,-0.0016931562616982268,0.01207,990.7
4222.999320030212,-0.015109299999999992,-0.0033457703152494148,0.01207,990.7
4223.099103450775,-0.014647699999999986,-0.0049598449107263395,0.01207,990.7
4223.199146986008,-0.014000799999999994,-0.006509314561179806,0.01207,990.7
4223.299100637436,-0.01326479999999998,-0.007883736565673212,0.01207,990.7
4223.39907002449,-0.012387400000000007,-0.009172509764297163,0.01207,990.7
4223.499069929123,-0.011305399999999993,-0.01045626133681795,0.01207,990.7
4223.5990998744965,-0.010092900000000002,-0.011617549869823746,0.01207,990.7
4223.699273347855,-0.008758100000000019,-0.012636093229381154,0.01207,990.7
4223.799049139023,-0.008758100000000019,-0.012636093229381154,0.01207,990.7
4223.89905166626,-0.0074315000000000075,-0.013455290262795579,0.01207,990.7
4223.999143838882,-0.0059131000000000045,-0.01417185275808161,0.01207,990.7
4224.0993039608,-0.004330799999999996,-0.01473374755610126,0.01207,990.7
4224.1992309093475,-0.0028125000000000094,-0.015088271444480376,0.01207,990.7
4224.299227237701,-0.0010278000000000093,-0.015313508419221127,0.01207,990.7
4224.3993055820465,0.0005311999999999956,-0.01533833775554233,0.01207,990.7
4224.499265432358,0.0020843999999999863,-0.015202890879932873,0.01207,990.7
4224.599219322205,0.003735100000000005,-0.014895357733420045,0.01207,990.7
4224.699156761169,0.005338199999999987,-0.014396070002883447,0.01207,990.7
4224.799076318741,0.006883800000000009,-0.013740229162385383,0.01207,990.7
4224.8990650177,0.008242,-0.0129745948830177,0.01207,990.7
4224.999188423157,0.008242,-0.0129745948830177,0.01207,990.7
4225.099214553833,0.009552199999999997,-0.012057449910960479,0.01207,990.7
4225.199103355408,0.010345099999999996,-0.0113902734352051,0.01207,990.7
4225.299164056778,0.011458099999999999,-0.010298415843805725,0.01207,990.7
4225.399188518524,0.012516699999999992,-0.008995227028938957,0.01207,990.7
4225.499162912369,0.01296159999999999,-0.008364550551380003,0.01207,990.7
4225.59911942482,0.013798699999999997,-0.0069189723808513875,0.01207,990.7
4225.699060201645,0.014491500000000004,-0.005389645467233771,0.01207,990.7
4225.799154758453,0.014998399999999995,-0.003788966758060716,0.01207,990.7
4225.899184465408,0.015325700000000012,-0.0022647592853064988,0.01207,990.7
4225.999148130417,0.015463399999999988,-0.0011301647101483042,0.01207,990.7
4226.099183559418,0.015521199999999999,0.00019193069092638543,0.01207,990.7
4226.199179649353,0.015521199999999999,0.00019193069092638543,0.01207,990.7
4226.299037218094,0.015419099999999977,0.0018679423006505227,0.01207,990.7
4226.399265527725,0.01515409999999999,0.003525892215754174,0.01207,990.7
4226.4991409778595,0.01469529999999998,0.005140770120480993,0.01207,990.7
4226.599148511887,0.014125899999999997,0.006589938136964527,0.01207,990.7
4226.699087381363,0.013706899999999994,0.007435514892777252,0.01207,990.7
4226.799050807953,0.012848200000000004,0.008878250294178006,0.01207,990.7
4226.89911699295,0.011904299999999993,0.010119167068179669,0.01207,990.7
4226.999155282974,0.010764099999999985,0.011351688790812095,0.01207,990.7
4227.099195718765,0.009586099999999986,0.012372997895905891,0.01207,990.7
4227.199156522751,0.008210900000000021,0.013336274068156712,0.01207,990.7
4227.2994685173035,0.006741799999999992,0.01414841001558986,0.01207,990.7
4227.399121522903,0.006741799999999992,0.01414841001558986,0.01207,990.7
4227.499243974686,0.005303800000000025,0.014750981546321783,0.01207,990.7
4227.59916639328,0.0035823999999999995,0.015272590870669712,0.01207,990.7
4227.699128627777,0.002048099999999997,0.01554984021338001,0.01207,990.7
4227.799164772034,0.0015430000000000027,0.01561515065289324,0.01207,990.7
4227.899130105972,0.0015430000000000027,0.01561515065289324,0.01207,0.0
4227.99923157692,0.0001668999999999976,0.01287601486949512,0.01207,0.0
4228.499113082886,-0.009405999999999984,-0.006179815638642304,0.01207,0.0
4228.5991587638855,-0.009405999999999984,-0.006179815638642304,0.01207,990.7
4228.699177026749,-0.009890899999999994,-0.005392292606841299,0.01207,990.7
4228.799169301987,-0.010562100000000005,-0.003986685674535265,0.01207,990.7
4228.899199724197,-0.011065500000000006,-0.0023859091506021127,0.01207,990.7
4228.999207019806,-0.011317299999999988,-0.0007269395055594929,0.01207,990.7
4229.099177122116,-0.011323999999999987,0.0009510137492823936,0.01207,990.7
4229.19921875,-0.011116799999999982,0.0024956574031528393,0.01207,990.7
4229.299155950546,-0.01065099999999998,0.004107908959440902,0.01207,990.7
4229.399114608765,-0.009948100000000001,0.005630978096327257,0.01207,990.7
4229.499176979065,-0.009108399999999989,0.006942757592083609,0.01207,990.7
4229.599217891693,-0.008019999999999985,0.008219741522903598,0.01207,990.7
4229.699188709259,-0.008019999999999985,0.008219741522903598,0.01207,990.7
4229.799156188965,-0.006739700000000001,0.009304775240179607,0.01207,990.7
4229.899103879929,-0.005424499999999999,0.010140015299505305,0.01207,990.7
4229.999195575714,-0.003898799999999994,0.01083869093852248,0.01207,990.7
4230.099170923233,-0.0022838000000000025,0.01129567452667821,0.01207,990.7
4230.199191331863,-0.000738599999999992,0.011497547018581744,0.01207,990.7
4230.29918885231,0.0009392000000000011,0.011484998391783512,0.01207,990.7
4230.399215936661,0.0025977999999999973,0.011230657531445434,0.01207,990.7
4230.699189901352,0.006901299999999999,0.009186998800150052,0.01207,990.7
4230.799246072769,0.006901299999999999,0.009186998800150052,0.01207,990.7
4230.8991940021515,0.008238200000000001,0.007985326978712473,0.01207,990.7
4230.999209880829,0.009226700000000004,0.006780812388146977,0.01207,990.7
4231.099138736725,0.010046399999999997,0.005455657797255445,0.01207,990.7
4231.199216604233,0.010722999999999996,0.003919996083315197,0.01207,990.7
4231.29917883873,0.011170100000000002,0.0021788488724294,0.01207,990.7
4231.39915060997,0.011340000000000003,0.0006305175578437267,0.01207,990.7
4231.499170541763,0.011302800000000002,-0.0009270329085298706,0.01207,990.7
4231.599226474762,0.011018,-0.002580352456570782,0.01207,990.7
4231.699130535126,0.010485399999999992,-0.0041715185696754795,0.01207,990.7
4231.799215555191,0.009795100000000001,-0.005568457797500495,0.01207,990.7
4231.899069547653,0.008770399999999998,-0.007045632946050963,0.01207,990.7
4231.999155044556,0.008770399999999998,-0.007045632946050963,0.01207,990.7
4232.099193572998,0.007694800000000002,-0.008173382855917087,0.01207,990.7
4232.199201345444,0.006478500000000012,-0.009147247586597892,0.01207,990.7
4232.299240350723,0.005039500000000002,-0.01001031993963896,0.01207,990.7
4232.399101018906,0.003482100000000002,-0.01063415175190581,0.01207,990.7
4232.499139308929,0.0019691000000000153,-0.011005465743023461,0.01207,990.7
4232.599172115326,0.0003004000000000062,-0.011179864126916426,0.01207,990.7
4232.699174165726,-0.0013766000000000056,-0.011106668501003447,0.01207,990.7
4232.799094438553,-0.0029055999999999943,-0.0108038427451447,0.01207,990.7
4232.899139404297,-0.004490600000000011,-0.010253227349959669,0.01207,990.7
4232.9992599487305,-0.005982999999999988,-0.009485749240234383,0.01207,990.7
4233.099096059799,-0.007245399999999999,-0.00857137001371356,0.01207,990.7
4233.199162721634,-0.007245399999999999,-0.00857137001371356,0.01207,990.7
4233.299227952957,-0.008449799999999993,-0.007403453236104612,0.01207,990.7
4233.399201869965,-0.00938,-0.0062167068958792,0.01207,990.7
4233.499183416367,-0.009405999999999984,-0.006179815638642304,0.01207,990.7
4233.599105119705,-0.009405999999999984,-0.006179815638642304,0.01207,0.0
4233.699263095856,-0.0063005000000000005,-0.0008313200592851705,0.01207,0.0
4234.19916176796,0.0022039999999999837,0.013815223432337147,0.01207,0.0
4234.299085140228,0.0011796000000000029,0.01394241465367493,0.01207,990.7
4234.399156332016,0.0011796000000000029,0.01394241465367493,0.01207,990.7
4234.499134063721,-0.00037899999999999046,0.01397952233160095,0.01207,990.7
4234.599113702774,-0.002051199999999989,0.013834562859923051,0.01207,990.7
4234.699109554291,-0.003694099999999992,0.013488783699616452,0.01207,990.7
4234.799094438553,-0.005168299999999973,0.012981806412200342,0.01207,990.7
4234.899208068848,-0.006686899999999996,0.012266068017332862,0.01207,990.7
4234.999147415161,-0.008101999999999998,0.011362633167028721,0.01207,990.7
4235.099310398102,-0.009310700000000005,0.010378333925100736,0.01207,990.7
4235.19908285141,-0.010483199999999998,0.00908628511597083,0.01207,990.7
4235.299156665802,-0.011491999999999988,0.00783495462189069,0.01207,990.7
4235.399212837219,-0.012339599999999992,0.006386296470376671,0.01207,990.7
4235.499046325684,-0.012339599999999992,0.006386296470376671,0.01207,990.7
4235.59913444519,-0.012959599999999988,0.004955937225340788,0.01207,990.7
4235.699179649353,-0.013442600000000013,0.0033487072951560552,0.01207,990.7
4235.799154758453,-0.01362590000000001,0.0024446439739535426,0.01207,990.7
4235.899132966995,-0.013742799999999986,0.0016186022752470892,0.01207,990.7
4235.999174833298,-0.013812000000000005,-1.2025211110711087e-05,0.01207,990.7
4236.099207401276,-0.013723599999999989,-0.0014492499126073852,0.01207,990.7
4236.199157238007,-0.013586899999999999,-0.0023651587340366084,0.01207,990.7
4236.299058914185,-0.013361899999999996,-0.0033615198968803273,0.01207,990.7
4236.399059534073,-0.0128278,-0.0049531188513630905,0.01207,990.7
4236.499165773392,-0.0121724,-0.006367414279318813,0.01207,990.7
4236.599123001099,-0.011355300000000013,-0.0076950203802975195,0.01207,990.7
4236.699161291122,-0.011355300000000013,-0.0076950203802975195,0.01207,990.7
4236.79912686348,-0.010318999999999995,-0.009015174136254515,0.01207,990.7
4236.899163246155,-0.009132200000000007,-0.010202605179800928,0.01207,990.7
4236.999101161957,-0.0078038,-0.011229152331687031,0.01207,990.7
4237.099253177643,-0.006470599999999993,-0.012036895123915266,0.01207,990.7
4237.1992309093475,-0.004942200000000008,-0.012731687472696977,0.01207,990.7
4237.299234867096,-0.0033404999999999824,-0.013233447504489515,0.01207,990.7
4237.399219751358,-0.001810199999999998,-0.013531251634244935,0.01207,990.7
4237.499212026596,-0.00013499999999998236,-0.013641771358772994,0.01207,990.7
4237.599196195602,0.0015413000000000093,-0.013558965322031442,0.01207,990.7
4237.699158906937,0.003078299999999992,-0.013273830792921333,0.01207,990.7
4237.799252510071,0.003078299999999992,-0.013273830792921333,0.01207,990.7
4237.899258136749,0.004688300000000006,-0.012823908290746804,0.01207,990.7
4237.99916601181,0.006232700000000008,-0.012165713754921599,0.01207,990.7
4238.099800348282,0.0076798000000000005,-0.011314312063755667,0.01207,990.7
4238.199146032333,0.008924100000000004,-0.010375592574714397,0.01207,990.7
4238.2990872859955,0.010222700000000001,-0.009130911116406126,0.01207,990.7
4238.399141550064,0.011199400000000012,-0.007915745593904497,0.01207,990.7
4238.499249219894,0.012100299999999994,-0.0064995085208309905,0.01207,990.7
4238.599210739136,0.012771699999999997,-0.0050926446467282685,0.01207,990.7
4238.699101686478,0.013283799999999985,-0.0035045585146091587,0.01207,990.7
4238.799196720123,0.013629100000000005,-0.002092302546531262,0.01207,990.7
4238.899101257324,0.013755299999999998,-0.0010986655468864792,0.01207,990.7
4238.999463796616,0.013755299999999998,-0.0010986655468864792,0.01207,990.7
4239.0990579128265,0.013805199999999976,0.000578875657746121,0.01207,990.7
4239.199156045914,0.013678700000000002,0.002132738463404494,0.01207,990.7
4239.29914689064,0.013333999999999985,0.003775546476606856,0.01207,990.7
4239.399049520493,0.012800800000000001,0.005366908219231869,0.01207,990.7
4239.499330282211,0.012133400000000003,0.006775790762043658,0.01207,990.7
4239.599041938782,0.011243000000000003,0.008198481241368731,0.01207,990.7
4239.699049711227,0.010270999999999988,0.0094174322393457,0.01207,990.7
4239.799151420593,0.009069399999999991,0.010589644357399439,0.01207,990.7
4239.899050474167,0.007887799999999986,0.01151904687989265,0.01207,990.7
4239.999131679535,0.006938100000000003,0.01212173701655344,0.01207,990.7
4240.0991225242615,0.0055458999999999925,0.01282315760993822,0.01207,990.7
4240.199075460434,0.0055458999999999925,0.01282315760993822,0.01207,990.7
4240.299134969711,0.003971299999999983,0.013403938202996964,0.01207,990.7
4240.399208307266,0.0023789000000000032,0.013784960419703278,0.01207,990.7
4240.499130010605,0.0022039999999999837,0.013815223432337147,0.01207,990.7
4240.599204540253,0.0022039999999999837,0.013815223432337147,0.01207,0.0
4240.6990513801575,-0.00040310000000000346,0.009604206779603643,0.01207,0.0
4241.199106931686,-0.010788000000000006,-0.007169764977571914,0.01207,0.0
4241.299068450928,-0.010788000000000006,-0.007169764977571914,0.01207,990.7
4241.399079084396,-0.011282699999999979,-0.0063884789313334925,0.01207,990.7
4241.499262094498,-0.012029799999999993,-0.004886355840532833,0.01207,990.7
4241.599179506302,-0.012545700000000007,-0.0034162209867947962,0.01207,990.7
4241.699198484421,-0.012905199999999992,-0.0017771006343076379,0.01207,990.7
4241.799212932587,-0.013047999999999976,-0.00022508165900681637,0.01207,990.7
4241.899104118347,-0.012997700000000001,0.0014529902017639124,0.01207,990.7
4241.999078512192,-0.012722200000000003,0.003109173310101375,0.01207,990.7
4242.099214315414,-0.012281200000000006,0.004604549550370023,0.01207,990.7
4242.1990785598755,-0.011607199999999984,0.0061412309942492395,0.01207,990.7
4242.299078702927,-0.010741699999999993,0.007578141460296759,0.01207,990.7
4242.3991096019745,-0.009702699999999995,0.008894921790987713,0.01207,990.7
4242.499178409576,-0.009702699999999995,0.008894921790987713,0.01207,990.7
4242.59915971756,-0.008594699999999997,0.009990132016484375,0.01207,990.7
4242.699091672897,-0.007364599999999999,0.010946444917514144,0.01207,990.7
4242.7991054058075,-0.005815799999999996,0.011859804414096047,0.01207,990.7
4242.899185180664,-0.004381800000000005,0.012471357884758054,0.01207,990.7
4242.999178647995,-0.002767300000000014,0.012931519268659507,0.01207,990.7
4243.0991225242615,-0.0012268000000000001,0.013170131338535427,0.01207,990.7
4243.19925236702,0.00045100000000000695,0.013216458168249325,0.01207,990.7
4243.299166440964,0.0021203999999999806,0.013046725592672968,0.01207,990.7
4243.399134397507,0.003754400000000005,0.012667351576803931,0.01207,990.7
4243.499192714691,0.005217299999999994,0.012132248551392,0.01207,990.7
4243.599053859711,0.006711600000000012,0.011369086573280264,0.01207,990.7
4243.69909954071,0.006711600000000012,0.011369086573280264,0.01207,990.7
4243.799126625061,0.007998199999999997,0.010489342723429537,0.01207,990.7
4243.899041891098,0.009258099999999991,0.009380010325970533,0.01207,990.7
4243.999056100845,0.010363700000000003,0.008116499305045797,0.01207,990.7
4244.099039316177,0.011291099999999998,0.006717422802582765,0.01207,990.7
4244.199106693268,0.01198929999999998,0.005324073420712776,0.01207,990.7
4244.2991852760315,0.0125508,0.0037430275834060764,0.01207,990.7
4244.399198293686,0.0129074,0.0021036137866384703,0.01207,990.7
4244.499160289764,0.0130474,0.0005516926260977842,0.01207,990.7
4244.599051952362,0.012993699999999997,-0.0011254573194941636,0.01207,990.7
4244.699088811874,0.01274839999999998,-0.0026650023236699447,0.01207,990.7
4244.799075126648,0.01274839999999998,-0.0026650023236699447,0.01207,990.7
4244.899078130722,0.012236299999999978,-0.004388772543256224,0.01207,990.7
4244.9990775585175,0.011602100000000004,-0.005812992617489715,0.01207,990.7
4245.099187612534,0.0107352,-0.007250196527817686,0.01207,990.7
4245.1991283893585,0.009773599999999993,-0.00847640424129615,0.01207,990.7
4245.299066543579,0.008582900000000004,-0.009658834449907991,0.01207,990.7
4245.399600744247,0.007351200000000002,-0.010613499150100535,0.01207,990.7
4245.499127626419,0.005909099999999987,-0.01147194113607887,0.01207,990.7
4245.599059820175,0.004480499999999998,-0.012095381689305108,0.01207,990.7
4245.69913482666,0.002753499999999992,-0.012596024176398539,0.01207,990.7
4245.799071550369,0.0010923000000000044,-0.012836989941601464,0.01207,990.7
4245.899103403091,-0.00046579999999998845,-0.012872253789169917,0.01207,990.7
4245.999041557312,-0.00046579999999998845,-0.012872253789169917,0.01207,990.7
4246.099303483963,-0.0021353000000000066,-0.012703170475660587,0.01207,990.7
4246.199143409729,-0.0037698999999999927,-0.012323461433173644,0.01207,990.7
4246.299139499664,-0.005232699999999979,-0.011785927688843213,0.01207,990.7
4246.399121046066,-0.006726700000000002,-0.011020705459684942,0.01207,990.7
4246.499130249023,-0.008014999999999994,-0.01014241418115111,0.01207,990.7
4246.599049329758,-0.009271099999999977,-0.009028255787109116,0.01207,990.7
4246.699152231216,-0.01037049999999999,-0.007760058166699023,0.01207,990.7
4246.799174308777,-0.010788000000000006,-0.007169764977571914,0.01207,990.7
4246.899174213409,-0.010788000000000006,-0.007169764977571914,0.01207,0.0
4246.999134540558,-0.010788000000000006,-0.007169420582055632,0.01207,0.0
4251.890284220252,-0.0010620000000000074,0.032928000000000034,0.01207,0.0
