5452.538777312435,0.012143,-0.0014431057495104,0.05822,0.0
5452.639348229564,0.012143,-0.0014436562977597,0.05822,0.0
5452.739922246135,0.012143,-0.001445054223628,0.05822,0.0
5452.840458592571,0.012143,-0.0014467867309594,0.05822,0.0
5452.941159924663,0.012143,-0.0014483425433934,0.05822,0.0
5453.031674584545,0.012143,-0.0014495712366259,0.05822,0.0
5453.13469262997,0.012143,-0.0014512488728278,0.05822,0.0
5453.235255917705,0.012143,-0.0014526901075303,0.05822,0.0
5453.335935315288,0.0121429999999999,-0.0014542593869801,0.05822,0.0
5453.436509808696,0.0121429999999999,-0.0014559247123192,0.05822,0.0
5453.537063082851,0.012143,-0.0014573172778237,0.05822,0.0
5453.637592515148,0.0121429999999999,-0.001458905883135,0.05822,0.0
5453.738134106792,0.012143,-0.0014604363666663,0.05822,0.0
5453.838675221599,0.012143,-0.0014618744430208,0.05822,0.0
5453.939228972591,0.012143,-0.0014635552044221,0.05822,0.0
5454.039774140514,0.012143,-0.0014650429062241,0.05822,0.0
5454.140352925457,0.0121429999999999,-0.0014667193626532,0.05822,0.0
5454.2409293262135,0.012143,-0.0014681030345012,0.05822,0.0
5454.331646403469,0.012143,-0.0014695984242077,0.05822,0.0
5454.432181080974,0.0121429999999999,-0.0014710356054865,0.05822,0.0
5454.534896096386,0.0121429999999999,-0.0014723763920342,0.05822,0.0
5454.6354796497,0.012143,-0.0014740630721425,0.05822,0.0
5454.736048421062,0.0121429999999999,-0.0014756223588914,0.05822,0.0
5454.836611470379,0.012143,-0.0014769944414712,0.05822,0.0
5454.9371821490895,0.012143,-0.0014782446182344,0.05822,0.0
5455.037765463985,0.0121428322906558,-0.0014785838828465,0.05822,0.0
5455.138325652279,0.0121396315460542,-0.0014819085981139,0.05822,0.0
5455.2388946620595,0.0103165121338294,-0.0033881311493121,0.05822,0.0
5455.339448413051,0.0081132480677928,-0.0056917432755823,0.05822,0.0
5455.440004548229,0.0057214144522032,-0.0081925992173784,0.05822,0.0
5455.540580948986,0.0033323378086693,-0.010690528785252,0.05822,0.0
5455.631087502636,0.0012184622834613,-0.0129007314221006,0.05822,0.0
5455.731669625438,-0.0011475892329362,-0.0153746011237756,0.05822,0.0
5455.832229575313,-0.003521457757262,-0.0178566610570939,0.05822,0.0
5455.932944020427,-0.0058405149036083,-0.0202814776298506,0.05822,0.0
5456.03233142773,-0.00816198332341,-0.0227087066712371,0.05822,0.0
5456.134286126293,-0.0106118401479234,-0.0252701595627076,0.05822,0.0
5456.234801968731,-0.0128429633565161,-0.0276029446682506,0.05822,0.0
5456.335388144649,-0.0131628482195159,-0.027937432228184,0.05822,0.0
5456.435959300197,-0.0131889999999999,-0.0279647778335997,0.05822,0.0
5456.536520680584,-0.0131512027485772,-0.0280061926383344,0.05822,0.0
5456.6370834914815,-0.0124397192623208,-0.02870340005901,0.05822,900.0
5456.737659892238,-0.0113274136084005,-0.0296640999408172,0.05822,900.0
5456.838228902019,-0.0101240386874103,-0.0305539985344957,0.05822,900.0
5456.938804110683,-0.0088540182678989,-0.0313401366142474,0.05822,900.0
5457.039375981487,-0.0075289042499835,-0.0320254157380446,0.05822,900.0
5457.139946421779,-0.0061580829567933,-0.0325971398344,0.05822,900.0
5457.2405147163045,-0.0047154597686762,-0.033067283603497,0.05822,900.0
5457.33101197163,-0.0033541051897683,-0.0333641946538287,0.05822,900.0
5457.432479342617,-0.0019031456368278,-0.0335835905149886,0.05822,900.0
5457.533054312862,-0.0002916045235091,-0.033672667951634,0.05822,900.0
5457.633630236782,0.0011588448418766,-0.0336332357246452,0.05822,900.0
5457.7350127307545,0.0026377061534862,-0.0334707981171849,0.05822,900.0
5457.8359367458,0.0041180662526049,-0.0331928773535001,0.05822,900.0
5457.936526497997,0.005606347932906,-0.0327734574619469,0.05822,900.0
5458.037092646755,0.0070608633672863,-0.0322234525416877,0.05822,900.0
5458.137644728817,0.0084029370757115,-0.0315870732383273,0.05822,900.0
5458.238207301296,0.0096782668284246,-0.0308472972533767,0.05822,900.0
5458.338748416103,0.0109601747425145,-0.0299666639935549,0.05822,900.0
5458.439315518535,0.0121085422963885,-0.0290059009027798,0.05822,900.0
5458.539946517147,0.0131455549191282,-0.0279890421635284,0.05822,900.0
5458.64050002972,0.0141844695351732,-0.0267949741418294,0.05822,900.0
5458.731009205974,0.0149531258934142,-0.0257376785767576,0.05822,900.0
5458.831579646267,0.0157476470066587,-0.0244293429982836,0.05822,900.0
5458.932120045818,0.0164063145416934,-0.0231211406199088,0.05822,900.0
5459.0328096954,0.0169758957165494,-0.0217145700844566,0.05822,900.0
5459.1333477107655,0.0174259027688311,-0.0202986428855937,0.05822,900.0
5459.23487921635,0.0177115494882358,-0.0191118986079536,0.05822,900.0
5459.335394581951,0.0178886953329895,-0.0179362225136787,0.05822,900.0
5459.436137160457,0.0180246304840907,-0.0164011099955032,0.05822,900.0
5459.53668399731,0.0180275409338027,-0.0149222344505456,0.05822,900.0
5459.63725491444,0.0179049883288462,-0.0134116832408269,0.05822,900.0
5459.737878045238,0.0176798944641076,-0.0119865925020443,0.05822,900.0
5459.8384394256245,0.0174563380055635,-0.0110400383065264,0.05822,900.0
5459.9389981834065,0.0170210663132035,-0.0096339743592333,0.05822,900.0
5460.039571484722,0.0164756103493876,-0.008266674141225,0.05822,900.0
5460.14014097134,0.0158084068906119,-0.0069363583540875,0.05822,900.0
5460.240674218334,0.0150269755216874,-0.0056594990374765,0.05822,900.0
5460.3311996070515,0.0142164493957987,-0.0045330505387852,0.05822,900.0
5460.43172546307,0.0132390196230173,-0.0033720248489588,0.05822,900.0
5460.532270392574,0.0121847139585513,-0.0023281782687276,0.05822,900.0
5460.637603720821,0.0109477471365471,-0.0012908117412944,0.05822,900.0
5460.7381662933,0.0097581793852299,-0.0004518671551295,0.05822,900.0
5460.8387136069905,0.0084034994629758,0.0003495787327372,0.05822,900.0
5460.939293584026,0.0070388591294943,0.0009965334090957,0.05822,900.0
5461.03983517567,0.0056461210210926,0.0015131739478482,0.05822,900.0
5461.140404185451,0.0041816834205201,0.0019229302901784,0.05822,900.0
5461.234824856914,0.0028100823580144,0.0021950593015053,0.05822,900.0
5461.33540483395,0.0013203681653885,0.0023615062760283,0.05822,900.0
5461.435988387264,-0.0001647877128517,0.0024077782513263,0.05822,900.0
5461.536554536022,-0.0017007609059756,0.0023223057989619,0.05822,900.0
5461.637115916408,-0.0032243808836291,0.0021222798401004,0.05822,900.0
5461.737688740886,-0.0046496960860797,0.0018065894038313,0.05822,900.0
5461.838946780361,-0.0060604053210205,0.0013630266022842,0.05822,900.0
5461.939512452282,-0.0074539088502538,0.0008014431170879,0.05822,900.0
5462.040042838253,-0.0088254115264186,0.0001148916245848,0.05822,900.0
5462.140614232219,-0.0101040154905361,-0.0006631256455307,0.05822,900.0
5462.23113413731,-0.0111924316369609,-0.0014733774565858,0.05822,900.0
5462.331700762905,-0.0123683896449255,-0.0024992653328627,0.05822,900.0
5462.4322721568715,-0.0133915618182089,-0.0035444725830322,0.05822,900.0
5462.532833775676,-0.0143485815156632,-0.0046958141772325,0.05822,900.0
5462.633428296245,-0.0152318848332849,-0.0059746267583002,0.05822,900.0
5462.733992299236,-0.0160029967255474,-0.0073137118417251,0.05822,900.0
5462.834565123714,-0.0166313038553772,-0.0086512617984138,0.05822,900.0
5462.935129603542,-0.017104483499088,-0.0098798370895262,0.05822,900.0
5463.035699805416,-0.017435471174552,-0.0109849960587738,0.05822,900.0
5463.136243304409,-0.0177815508350516,-0.0125103391722862,0.05822,900.0
5463.2368197051655,-0.0179738033924806,-0.0140520261689322,0.05822,900.0
5463.337392529644,-0.0180448917345415,-0.0154770223377991,0.05822,900.0
5463.438921412624,-0.0179897485019928,-0.0170130328880653,0.05822,900.0
5463.539485892452,-0.0178077798703341,-0.0185454520218312,0.05822,900.0
5463.640066584743,-0.0175038092951795,-0.0200030538305391,0.05822,900.0
5463.7408659068715,-0.0171702153470202,-0.0211786031012725,0.05822,900.0
5463.831368645824,-0.0167711661133747,-0.022266600770705,0.05822,900.0
5463.931927642025,-0.0161720815594394,-0.0236066638501178,0.05822,900.0
5464.032612523235,-0.0154477107771181,-0.0249411046739925,0.05822,900.0
5464.133120974697,-0.0146196448974222,-0.0262108814805719,0.05822,900.0
5464.23367281834,-0.0137710400001665,-0.0273041339605477,0.05822,900.0
5464.334190568126,-0.0131889999999999,-0.0279647778335997,0.05822,900.0
5464.43476077,-0.0131414663949802,-0.0279408821641319,0.05822,900.0
5464.535325488247,-0.0078059229721558,-0.0252516080497882,0.05822,900.0
5464.635892829097,-0.0010809002506013,-0.0218620792683608,0.05822,900.0
5464.736455401577,0.005672614532481,-0.0184581929486464,0.05822,900.0
5464.837006291546,0.008529033056393,-0.0170185088899847,0.05822,900.0
5464.937572917141,0.008721,-0.0169217556526358,0.05822,900.0
5465.038130005993,0.008697836456957,-0.0170453616428683,0.05822,900.0
5465.138820847667,0.0085295628184911,-0.0177103230638644,0.05822,900.0
5465.2394027320515,0.0080702724469362,-0.0191274006646737,0.05822,900.0
5465.339990338482,0.0073514325880681,-0.0204486862217329,0.05822,900.0
5465.430509528316,0.0065383549884862,-0.0215415835083795,0.05822,900.0
5465.532279690899,0.005428034760172,-0.0225589619180844,0.05822,900.0
5465.632839402355,0.0041726928419886,-0.0233744497438104,0.05822,900.0
5465.7333976833,0.0028183979694743,-0.0239524466779056,0.05822,900.0
5465.833967646755,0.0013674270681478,-0.0243051432060271,0.05822,900.0
5465.9345283118855,-0.0001584230536657,-0.0244043470544361,0.05822,900.0
5466.035054883159,-0.0016680028039468,-0.0242443667202571,0.05822,900.0
5466.135625323452,-0.0031015609911078,-0.0238452147261105,0.05822,900.0
5466.236189088024,-0.0044519941860496,-0.0231939512995875,0.05822,900.0
5466.336788138546,-0.0056976303929733,-0.0223185357590267,0.05822,900.0
5466.437353572048,-0.0067638123369508,-0.0212382201958625,0.05822,900.0
5466.5379068462025,-0.0076401180429154,-0.0200047705674708,0.05822,900.0
5466.638488015331,-0.008268946766694,-0.0186448718937372,0.05822,900.0
5466.7390634624135,-0.0086610995882307,-0.0171603899813495,0.05822,900.0
5466.847462138332,-0.0088083266774478,-0.0155919353154275,0.05822,900.0
5466.937977513469,-0.0086861215039192,-0.0142807516551049,0.05822,900.0
5467.038517913021,-0.0083275351564377,-0.012831078286894,0.05822,900.0
5467.139128169216,-0.0077284809916242,-0.0114659393050753,0.05822,900.0
5467.2397176829945,-0.0068857045622657,-0.0101898178432683,0.05822,900.0
5467.340291699566,-0.0058497673780934,-0.0090897091846438,0.05822,900.0
5467.430815180935,-0.0047974324742414,-0.0082675573141617,0.05822,900.0
5467.536510428585,-0.0033839588619327,-0.0075148202711896,0.05822,900.0
5467.637066802181,-0.0019903181224429,-0.0070598105562046,0.05822,900.0
5467.737575968898,-0.0004426920241699,-0.0068371962191177,0.05822,900.0
5467.838148078121,0.0010231411952067,-0.0068757040701231,0.05822,900.0
5467.938733777202,0.0025179848684888,-0.0071933028678595,0.05822,900.0
5468.03930159489,0.00392126185826,-0.0077582955425987,0.05822,900.0
5468.139821728862,0.0051648270433279,-0.0085183333831524,0.05822,900.0
5468.240396937526,0.006292908499478,-0.0095063206426373,0.05822,900.0
5468.330909928478,0.0071676414820321,-0.0105662200558837,0.05822,900.0
5468.431475600399,0.0079276966967051,-0.0118510881440693,0.05822,900.0
5468.532155713237,0.0084441698475944,-0.0132272363338041,0.05822,900.0
5468.633594473995,0.0087363093488255,-0.0147372686662742,0.05822,900.0
5468.734160384334,0.0087878634240875,-0.0161531448583486,0.05822,900.0
5468.8347756473195,0.008721,-0.0169217556526358,0.05822,900.0
5468.935358962215,0.0087315673169748,-0.0169076222497362,0.05822,900.0
5469.035925349392,0.0088678696198839,-0.0167253228668597,0.05822,900.0
5469.136489590801,0.0126368304224166,-0.0112523097769593,0.05822,900.0
5469.237055977977,0.0145443556101203,-0.0090446978202517,0.05822,900.0
5469.337618312038,0.0148389999999999,-0.008738844282014,0.05822,900.0
5469.438193043865,0.0145662032914788,-0.0082016895753997,0.05822,900.0
5469.538775166668,0.0139437267606488,-0.0071134858681427,0.05822,900.0
5469.639353713192,0.013097803617301,-0.0058732129564743,0.05822,900.0
5469.729886969722,0.012254894166001,-0.0048179863171082,0.05822,900.0
5469.830467900432,0.0112200678089073,-0.0037409433736482,0.05822,900.0
5469.931024989284,0.0100824122014583,-0.0027609707769329,0.05822,900.0
5470.031631192363,0.0088856000886347,-0.0018989544070223,0.05822,900.0
5470.132186135448,0.0075858831434876,-0.0011495670243631,0.05822,900.0
5470.232740601696,0.0061409557814369,-0.0004860836145358,0.05822,900.0
5470.333303651012,0.004781549908619,-3.908249870052116e-07,0.05822,900.0
5470.433871707119,0.0033437268355652,0.0003599973203162,0.05822,900.0
5470.534476956524,0.001837890832852,0.0006002590896637,0.05822,900.0
5470.634995898403,0.0003402503669008,0.0007058032963154,0.05822,900.0
5470.735564192928,-0.0011540235877266,0.0006648708517002,0.05822,900.0
5470.836128195919,-0.0026823374599492,0.0004854717519305,0.05822,900.0
5470.936788281597,-0.0041893340328615,0.0001687020389763,0.05822,900.0
5471.03734513203,-0.0055892977256002,-0.0002752934798124,0.05822,900.0
5471.1379065124165,-0.0069788576900158,-0.0008470538151021,0.05822,900.0
5471.238457640804,-0.0083004405931554,-0.0015359571233617,0.05822,900.0
5471.339040717281,-0.0095624817116085,-0.0023687574128301,0.05822,900.0
5471.439610442318,-0.0107687828962249,-0.0033312167079113,0.05822,900.0
5471.5301124660145,-0.0117285244692739,-0.004259747346878,0.05822,900.0
5471.630680522121,-0.0127389381964286,-0.0054086869814467,0.05822,900.0
5471.731251916088,-0.0136239411531371,-0.0066125069502767,0.05822,900.0
5471.831820925869,-0.0143842219188078,-0.0078910789986366,0.05822,900.0
5471.932384690441,-0.0150420711382763,-0.0092623199264111,0.05822,900.0
5472.03294893185,-0.0155588581202147,-0.0106524525366884,0.05822,900.0
5472.133510789074,-0.015952794544557,-0.0120957000240013,0.05822,900.0
5472.2340781299245,-0.0162148298677673,-0.013544217308935,0.05822,900.0
5472.334622582592,-0.0163040763147313,-0.0144725349609468,0.05822,900.0
5472.435183009304,-0.0163464162981389,-0.0160332215386808,0.05822,900.0
5472.536959370769,-0.0162766184503636,-0.0172319176098405,0.05822,900.0
5472.6375281421315,-0.016111226601432,-0.0184152074294914,0.05822,900.0
5472.738097151912,-0.0157716573831833,-0.0198718825415063,0.05822,900.0
5472.83865328709,-0.015314201075082,-0.0213201410636446,0.05822,900.0
5472.939230641521,-0.0147375662063855,-0.0226785022716477,0.05822,900.0
5473.039792737163,-0.0140233331405834,-0.0239974919599933,0.05822,900.0
5473.130258521236,-0.0132808467833348,-0.0251383760862274,0.05822,900.0
5473.230821093715,-0.0123514936799038,-0.0263288208720781,0.05822,900.0
5473.331582984127,-0.0112711887959207,-0.0274607128050941,0.05822,900.0
5473.432132682003,-0.0101821844802687,-0.0284184109755523,0.05822,900.0
5473.532655915416,-0.0089665518217254,-0.029302824537473,0.05822,900.0
5473.633225640453,-0.0076859560371517,-0.030055007161163,0.05822,900.0
5473.733828982509,-0.0063279709000661,-0.0307013786187277,0.05822,900.0
5473.834383448757,-0.0049198736336907,-0.0312076454425654,0.05822,900.0
5473.934949120678,-0.0034632066020865,-0.0315935930665219,0.05822,900.0
5474.03550787846,-0.0019750029869285,-0.0318433998375025,0.05822,900.0
5474.136074742473,-0.0004296612665169,-0.0319555239173931,0.05822,900.0
5474.236617049373,0.0011149382115598,-0.0319249428710652,0.05822,900.0
5474.337184867061,0.0025933589253828,-0.0317632195605366,0.05822,900.0
5474.437765797771,0.0040172604824228,-0.0314542715469632,0.05822,900.0
5474.538344821132,0.0054230328121858,-0.0310149326153306,0.05822,900.0
5474.638911923565,0.0069140882956488,-0.0304437127118508,0.05822,900.0
5474.739440163768,0.0082081454637763,-0.0297680381772024,0.05822,900.0
5474.829980572857,0.0093489032968703,-0.0290373908806129,0.05822,900.0
5474.930543860592,0.0105539566530749,-0.0280993964189977,0.05822,900.0
5475.031120261348,0.0116424089071406,-0.0270873293642828,0.05822,900.0
5475.132433137096,0.0126436517050978,-0.0259712174980485,0.05822,900.0
5475.233031710781,0.0135685605993284,-0.0247201401595885,0.05822,900.0
5475.3336002437245,0.0143524813577605,-0.0234267343287188,0.05822,900.0
5475.434169253505,0.0150025054902901,-0.0220870837217783,0.05822,900.0
5475.536623200573,0.0155512032346618,-0.0206238655794624,0.05822,900.0
5475.6371860114705,0.0159445051612266,-0.0192031480710789,0.05822,900.0
5475.738403281368,0.0162112206466339,-0.017707122583562,0.05822,900.0
5475.838914593853,0.0163342385828699,-0.0162272474634699,0.05822,900.0
5475.939489802517,0.0163261323697827,-0.0147485593591762,0.05822,900.0
5476.030006846584,0.0161757432026493,-0.0133427944299184,0.05822,900.0
5476.130494317211,0.0159040578344805,-0.011896644657653,0.05822,900.0
5476.23186393658,0.015488111647467,-0.0104316750536411,0.05822,900.0
5476.332432469524,0.0150496715964179,-0.0092410875125222,0.05822,900.0
5476.4329926578175,0.0148478952449544,-0.0087594698886892,0.05822,900.0
5476.533551177181,0.014839,-0.0087388442820141,0.05822,900.0
5476.634121140636,0.0140288325458709,-0.0102851026422433,0.05822,900.0
5476.734680852092,0.0119750837572951,-0.0142048939649714,0.05822,900.0
5476.83523198048,0.010395,-0.0172207959330193,0.05822,900.0
5476.935795745052,0.0103914648973064,-0.0172386088100198,0.05822,900.0
5477.036392411388,0.0102036798914324,-0.0181848306038821,0.05822,900.0
5477.136908015407,0.0097213235779992,-0.0195894651843838,0.05822,900.0
5477.237468203701,0.0090670987890335,-0.0209076710065882,0.05822,900.0
5477.338018855251,0.0082110859701447,-0.0221552671256564,0.05822,900.0
5477.4385943023335,0.0072106977309394,-0.0232529064784671,0.05822,900.0
5477.542708357967,0.0059586636720444,-0.0242465939748147,0.05822,900.0
5477.633338174022,0.0047913373301652,-0.0249520053207416,0.05822,900.0
5477.734890422023,0.0034482800566371,-0.0255325514628731,0.05822,900.0
5477.836322268642,0.0020014157336325,-0.0259269377833618,0.05822,900.0
5477.936887463726,0.0004936451936782,-0.0261114523084989,0.05822,900.0
5478.037453850902,-0.0010957254761389,-0.0260748067431914,0.05822,900.0
5478.1380226222645,-0.0024771826077462,-0.0258429169642682,0.05822,900.0
5478.238566359676,-0.0040019481679842,-0.0253479286322606,0.05822,900.0
5478.339132746853,-0.0053471538683195,-0.0246595955739598,0.05822,900.0
5478.429644307293,-0.0064523964433386,-0.0238939640149203,0.05822,900.0
5478.53018208424,-0.0075598936483443,-0.0228885762555772,0.05822,900.0
5478.632121047176,-0.0085265788951171,-0.021741187424724,0.05822,900.0
5478.732721289791,-0.0092983696719962,-0.0204746534873316,0.05822,900.0
5478.833285769619,-0.0098978351681937,-0.0190774164178873,0.05822,900.0
5478.933855017818,-0.0103002494301869,-0.0176114036450629,0.05822,900.0
5479.035374125637,-0.0104816818746788,-0.0161453910568557,0.05822,900.0
5479.1359335986745,-0.0104574162329224,-0.0146374513068493,0.05822,900.0
5479.236453732647,-0.0102047740349952,-0.0131275740291815,0.05822,900.0
5479.337011536754,-0.0097585159187489,-0.0117290265403389,0.05822,900.0
5479.437586507,-0.0090882961754171,-0.010358851258562,0.05822,900.0
5479.538155039943,-0.0082654482284144,-0.009148709203274,0.05822,900.0
5479.638719281353,-0.0072326110190843,-0.0080346135319901,0.05822,900.0
5479.739310225643,-0.0060236413316237,-0.0070494852261787,0.05822,900.0
5479.829811295665,-0.0048721408483491,-0.006347023311289,0.05822,900.0
5479.930399140514,-0.00351887405073,-0.0057449604353996,0.05822,900.0
5480.0325204936635,-0.0020437176345214,-0.0053449789750513,0.05822,900.0
5480.133048972286,-0.0005777375196504,-0.0051554791229642,0.05822,900.0
5480.233610829509,0.000900461007491,-0.0051756957509093,0.05822,900.0
5480.334192952312,0.0024507829549877,-0.0054023973852475,0.05822,900.0
5480.434756240047,0.0038230801098289,-0.0058380686888048,0.05822,900.0
5480.535300454296,0.0051962866058314,-0.0064985175079381,0.05822,900.0
5480.635851582683,0.006442611362728,-0.007338127514153,0.05822,900.0
5480.738613804973,0.007621471319121,-0.0084083459266486,0.05822,900.0
5480.839179715313,0.0085376552600775,-0.0095290665667638,0.05822,900.0
5480.929856261409,0.0092307586272633,-0.0106686515716416,0.05822,900.0
5481.030420025982,0.0098586507174904,-0.0120710999979268,0.05822,900.0
5481.130928477443,0.0102781316890141,-0.0135496798933654,0.05822,900.0
5481.2314922420155,0.0104734980378396,-0.0150178516058398,0.05822,900.0
5481.332052907146,0.0104770460895074,-0.016345690452963,0.05822,900.0
5481.432590684093,0.0103949999999999,-0.0172207959330193,0.05822,900.0
5481.533156356014,0.0103924991026625,-0.0172216745455227,0.05822,900.0
5481.633686026729,0.0103423751183848,-0.0172392840485793,0.05822,900.0
5481.735037764705,0.0042650073321594,-0.0193791338167626,0.05822,900.0
5481.835598906673,-0.0028181391481507,-0.0218731103927963,0.05822,900.0
5481.936158618129,-0.0093459038899499,-0.0241714512356137,0.05822,900.0
5482.036733349956,-0.0113000609086236,-0.0248594757013742,0.05822,900.0
5482.137314042247,-0.011369,-0.0248837461801304,0.05822,900.0
5482.232073268093,-0.0113461309198697,-0.0249113737566332,0.05822,900.0
5482.332642039455,-0.0109414874100265,-0.0253512200963917,0.05822,900.0
5482.433204850353,-0.0099343999252083,-0.0263731383258028,0.05822,900.0
5482.533684214748,-0.0087701255346749,-0.0273540752602298,0.05822,900.0
5482.630842646755,-0.0074977954930825,-0.02821003512786,0.05822,900.0
5482.731420001186,-0.0062576582008808,-0.028880719064951,0.05822,900.0
5482.832266530193,-0.0047696100720941,-0.0294793612760485,0.05822,900.0
5482.9328238574635,-0.0033178695316714,-0.0298867179776343,0.05822,900.0
5483.033386668361,-0.0018650606062467,-0.0301508182623483,0.05822,900.0
5483.133962353862,-0.0003736751909875,-0.0302563844541326,0.05822,900.0
5483.23451348225,0.0011159037644935,-0.0302216603840901,0.05822,900.0
5483.335079154171,0.0026357014417922,-0.0300162932215631,0.05822,900.0
5483.435646256603,0.0041237338283693,-0.0296703312666658,0.05822,900.0
5483.536172112621,0.0055020662778348,-0.029192100804731,0.05822,900.0
5483.636745890773,0.006840962464235,-0.0285610457533403,0.05822,900.0
5483.737324198879,0.0081974160965171,-0.027760319996934,0.05822,900.0
5483.837904175914,0.0093977476967805,-0.0268574993232516,0.05822,900.0
5483.93848749081,0.0104768462588062,-0.0258650096733187,0.05822,900.0
5484.039062937893,0.0114999623368662,-0.0247101407671795,0.05822,900.0
5484.131610831417,0.0123066332801728,-0.0235563854156849,0.05822,900.0
5484.232191285289,0.0130403796584739,-0.0222753933639628,0.05822,900.0
5484.3327517120015,0.0136507419202169,-0.0209037400429924,0.05822,900.0
5484.433319052852,0.0141176955890001,-0.019474529300355,0.05822,900.0
5484.533888062633,0.0144333188257934,-0.0180426647992708,0.05822,900.0
5484.634401759304,0.0145966811593165,-0.0165432425953995,0.05822,900.0
5484.73496981541,0.0146227097817985,-0.0150033488390588,0.05822,900.0
5484.835542163051,0.0144850026654637,-0.0135433168083857,0.05822,900.0
5484.936085423626,0.0141896015300952,-0.0120163278787947,0.05822,900.0
5485.036649426616,0.0137503906402543,-0.0105957710487189,0.05822,900.0
5485.13721962849,0.0131741028325004,-0.0092153345042992,0.05822,900.0
5485.237788399852,0.0124695988368657,-0.007943101179734,0.05822,900.0
5485.339255055584,0.0117189623198698,-0.0068394396959141,0.05822,900.0
5485.429773053325,0.0109327410241709,-0.0059005795355131,0.05822,900.0
5485.530345639385,0.0102816338330874,-0.0051960654292054,0.05822,900.0
5485.633368214763,0.0093696665773979,-0.0043909269627306,0.05822,900.0
5485.733905753292,0.0081875843540484,-0.0035055762218317,0.05822,900.0
5485.834660252727,0.0069144589401598,-0.002732764839671,0.05822,900.0
5485.93523236195,0.0055633838373019,-0.0020865847748222,0.05822,900.0
5486.035805424846,0.0041740371167471,-0.0015984934333718,0.05822,900.0
5486.136385163463,0.0027000036547659,-0.0012383236757998,0.05822,900.0
5486.236953696407,0.0011244767671,-0.0010239163807891,0.05822,900.0
5486.338881692089,-0.0003692079485031,-0.000976514239096,0.05822,900.0
5486.429379901088,-0.0017043541096046,-0.0010883749705603,0.05822,900.0
5486.529950102962,-0.0031699255502812,-0.0013355764593968,0.05822,900.0
5486.630536755718,-0.0046114458907081,-0.0017414200354931,0.05822,900.0
5486.732279023327,-0.0060807463316698,-0.002323019571545,0.05822,900.0
5486.832845410503,-0.0074035406589723,-0.0030107042389629,0.05822,900.0
5486.933419903911,-0.0086174223891085,-0.0038008824944477,0.05822,900.0
5487.033984622158,-0.0098094042099347,-0.0047721506125293,0.05822,900.0
5487.134567460216,-0.0108296090307107,-0.0057623727414565,0.05822,900.0
5487.235137185253,-0.0115299689232434,-0.0065982116033162,0.05822,900.0
5487.332213839687,-0.0122760222331445,-0.00764108353863,0.05822,900.0
5487.4340581504475,-0.0130360556111735,-0.0089303170363791,0.05822,900.0
5487.53462024609,-0.0136415389535421,-0.0103074175702109,0.05822,900.0
5487.635191878475,-0.0139864485667782,-0.0112866997085274,0.05822,900.0
5487.735751351513,-0.0143208820099527,-0.0125805110547321,0.05822,900.0
5487.8363203612935,-0.0145441625905951,-0.0140413122914007,0.05822,900.0
5487.936872443355,-0.0146288595250012,-0.0155398655923361,0.05822,900.0
5488.037450751461,-0.0145654168214975,-0.0170266780057261,0.05822,900.0
5488.138039549984,-0.0143492369325892,-0.0185000742710113,0.05822,900.0
5488.238594493068,-0.0139675188792778,-0.0199831731424137,0.05822,900.0
5488.33910628239,-0.0134355886908916,-0.0214295123493818,0.05822,900.0
5488.42959614674,-0.012869794858357,-0.0226258077853161,0.05822,900.0
5488.530142268337,-0.0121275439206598,-0.0238451266726625,0.05822,900.0
5488.631977280773,-0.0115608084792531,-0.0246289527072647,0.05822,900.0
5488.732537469066,-0.0113834576965396,-0.0248647586020567,0.05822,900.0
5488.836354216732,-0.011369,-0.0248837461801304,0.05822,900.0
5488.936929186977,-0.009794668485274,-0.0243606603044422,0.05822,900.0
5489.037506541408,-0.0036422362673514,-0.0223164918273264,0.05822,900.0
5489.138077696956,0.0037274164243644,-0.0198679457440473,0.05822,900.0
5489.238581141628,0.0097019075562821,-0.017882916788549,0.05822,900.0
5489.339151820339,0.012143,-0.0170718345651771,0.05822,900.0
5489.43973251263,0.0121208263486528,-0.0172000179817339,0.05822,900.0
5489.54152651707,0.0119820648844583,-0.017921744507908,0.05822,900.0
5489.642089566387,0.0116159514863433,-0.0193875469584359,0.05822,900.0
5489.742663582958,0.0110333575939186,-0.0208518291136995,0.05822,900.0
5489.843235453762,0.0103497937925371,-0.0220943831737403,0.05822,900.0
5489.943788012661,0.0094630690836948,-0.0233255946378777,0.05822,900.0
5490.044368466533,0.0084052371366803,-0.0244638745870077,0.05822,900.0
5490.144942959942,0.0072341276635475,-0.0254451795034707,0.05822,900.0
5490.239038190044,0.0060719097949794,-0.0262104310350167,0.05822,900.0
5490.341148099102,0.0047048991376471,-0.0268796626499185,0.05822,900.0
5490.442973813213,0.0032494769787137,-0.027378271479397,0.05822,900.0
5490.543550690807,0.0017990003996136,-0.0276895993141289,0.05822,900.0
5490.644110640682,0.0003186101963237,-0.027818690474562,0.05822,900.0
5490.747839411892,-0.0012748008749752,-0.0277592119814525,0.05822,900.0
5490.84841724316,-0.002759525216166,-0.0275200357598902,0.05822,900.0
5490.938916167415,-0.0040402987505748,-0.027142649047996,0.05822,900.0
5491.039500912822,-0.0054190721120821,-0.0265540659032352,0.05822,900.0
5491.140093287624,-0.0067080110915194,-0.0258096944987167,0.05822,900.0
5491.240654191173,-0.0079141898157596,-0.024907139172588,0.05822,900.0
5491.341226300396,-0.0090020111043625,-0.0238554474378709,0.05822,900.0
5491.441797932781,-0.0099467903921387,-0.0226947555688826,0.05822,900.0
5491.54236384312,-0.0107285972844075,-0.0214251978793844,0.05822,900.0
5491.642913779415,-0.0113571312793618,-0.0200757174248431,0.05822,900.0
5491.743487319149,-0.0118108152644777,-0.0186678016852159,0.05822,900.0
5491.844050845302,-0.0120994021902075,-0.0171900379935737,0.05822,900.0
5491.944611272014,-0.0122043505830174,-0.0156550614348321,0.05822,900.0
5492.045138320125,-0.0121219346313941,-0.0141849711143825,0.05822,900.0
5492.139834603466,-0.0118637452407923,-0.0127943230648307,0.05822,900.0
5492.240394076503,-0.0114115924345152,-0.0113368381586635,0.05822,900.0
5492.340952834285,-0.0107987054841022,-0.0099749102408528,0.05822,900.0
5492.441470584072,-0.0100268137014653,-0.0086905548332422,0.05822,900.0
5492.5420329181325,-0.009069399925772,-0.0074773216713649,0.05822,900.0
5492.64260073582,-0.0080081681059703,-0.006424272786589,0.05822,900.0
5492.743151387371,-0.0068374636712513,-0.0055317563063394,0.05822,900.0
5492.843732318081,-0.0055035684985154,-0.0047521590970618,0.05822,900.0
5492.944302519954,-0.0040667481509446,-0.0041282243632254,0.05822,900.0
5493.04487582127,-0.0026191000895156,-0.0037149675721578,0.05822,900.0
5493.145424088634,-0.0011492751859726,-0.0034764963606975,0.05822,900.0
5493.245959958233,0.0003101335291905,-0.0034249422095603,0.05822,900.0
5493.346526583828,0.001793972135066,-0.0035644625734596,0.05822,900.0
5493.447086295284,0.0032104554824639,-0.0038645540132146,0.05822,900.0
5493.547648629345,0.0042538480617446,-0.0041935658597785,0.05822,900.0
5493.642351111568,0.0054567898407828,-0.0047368918754353,0.05822,900.0
5493.742903908886,0.006784360677908,-0.0055113118904823,0.05822,900.0
5493.843465050853,0.0079579420838804,-0.0063988225635582,0.05822,900.0
5493.9440297691,0.0090258365811555,-0.0074411066353292,0.05822,900.0
5494.044581612743,0.0099908908667777,-0.0086394727012668,0.05822,900.0
5494.145151099361,0.0107750256639569,-0.0098983913076275,0.05822,900.0
5494.245741805233,0.0114043398142332,-0.0112796099527741,0.05822,900.0
5494.346288880504,0.0118719727589631,-0.0127438546707397,0.05822,900.0
5494.4468469230305,0.0121312342518643,-0.0141915839979142,0.05822,900.0
5494.5474357215535,0.0122002284810198,-0.0156976642104378,0.05822,900.0
5494.64800210873,0.0121583335862754,-0.0168205454308539,0.05822,900.0
5494.748561820186,0.0121429999999999,-0.0170718345651771,0.05822,900.0
5494.849114855922,0.012143,-0.0170708401174013,0.05822,0.0
5494.94967599789,0.012143,-0.0170691117510946,0.05822,0.0
5495.050242861904,0.012143,-0.0170679897801822,0.05822,0.0
5495.150816878475,0.012143,-0.0170675222762159,0.05822,0.0
5495.252446374096,0.012143,-0.0170671842459365,0.05822,0.0
5495.353027066387,0.012143,-0.0170654318301142,0.05822,0.0
5495.453593453563,0.012143,-0.0170640961392998,0.05822,0.0
5495.5541662780415,0.012143,-0.0170636837441349,0.05822,0.0
5495.65484472195,0.012143,-0.017062418756016,0.05822,0.0
5495.755401572384,0.012143,-0.0170611175391994,0.05822,0.0
5495.855998953975,0.012143,-0.0170602356211495,0.05822,0.0
5495.956581792034,0.012143,-0.0170592195504082,0.05822,0.0
5496.057174882091,0.012143,-0.0170579759489207,0.05822,0.0
5496.157695254482,0.012143,-0.017057072423262,0.05822,0.0
5496.258265933193,0.0121429999999999,-0.0170562910599494,0.05822,0.0
5496.348787030376,0.012143,-0.0170553001208443,0.05822,0.0
5496.44935556332,0.0121429999999999,-0.0170542638539166,0.05822,0.0
5496.5498833266865,0.012143,-0.0170531643511244,0.05822,0.0
5496.650458058513,0.012143,-0.0170521997900769,0.05822,0.0
5496.754520138897,0.012143,-0.0170504034401452,0.05822,0.0
5496.855040749706,0.012143,-0.0170491871715004,0.05822,0.0
5496.955603560604,0.012143,-0.0170483620015973,0.05822,0.0
5497.056160887874,0.0121429999999999,-0.0170475729474657,0.05822,0.0
5497.156733235515,0.012143,-0.0170463987002182,0.05822,0.0
5497.25733514706,0.0121429999999999,-0.0170454735753361,0.05822,0.0
5497.357888659633,0.012143,-0.0170444522688387,0.05822,0.0
5497.448430499233,0.0121429999999999,-0.0170433646730018,0.05822,0.0
5497.548985680736,0.012143,-0.0170426177065653,0.05822,0.0
5497.649563750423,0.012143,-0.0170411364739168,0.05822,0.0
5497.7501358596455,0.012143,-0.0170399615683709,0.05822,0.0
5497.850730618633,0.0121429999999999,-0.0170394702598195,0.05822,0.0
5497.951305112041,0.012143,-0.0170376256661398,0.05822,0.0
5498.051844081081,0.012143,-0.0170366594953874,0.05822,0.0
5498.156041821636,0.0121429999999999,-0.0170362599667183,0.05822,0.0
5498.256609639324,0.012143,-0.0170363264235268,0.05822,0.0
