3736.0394628226913,0.0,0.012011908352035,0.04331,0.0
3736.1400282561935,0.0,0.0120099535766953,0.04331,0.0
3736.240606087462,0.0,0.0120083588620994,0.04331,0.0
3736.341208952681,0.0,0.0120067408027991,0.04331,0.0
3736.4417696178116,0.0,0.0120050366238871,0.04331,0.0
3736.542342919127,0.0,0.0120034874514202,0.04331,0.0
3736.642915743605,0.0,0.0120019475590079,0.04331,0.0
3736.743451851622,0.0,0.0120002851993786,0.04331,0.0
3736.844017285124,0.0,0.0119986305595353,0.04331,0.0
3736.944611328856,0.0,0.0119972456195437,0.04331,0.0
3737.035901087538,0.0,0.0119948027977447,0.04331,0.0
3737.1364777267136,0.0,0.0119928308473898,0.04331,0.0
3737.237049835936,0.0,0.0119920832146173,0.04331,0.0
3737.33905126454,0.0,0.0119902404007475,0.04331,0.0
3737.439619082228,0.0,0.0119886317426926,0.04331,0.0
3737.5401945293106,0.0,0.0119870093192977,0.04331,0.0
3737.6407642543472,0.0,0.0119853146620478,0.04331,0.0
3737.741338986174,0.0,0.0119833995627527,0.04331,0.0
3737.8401153266586,0.0,0.0119815551017975,0.04331,0.0
3737.940682429091,0.0,0.0119805793859327,0.04331,0.0
3738.041216868178,0.0,0.0119783518467198,0.04331,0.0
3738.1418006599106,0.0,0.0119768630313034,0.04331,0.0
3738.2423770606674,0.0,0.0119765870438145,0.04331,0.0
3738.3429489314713,0.0,0.0119765711250184,0.04331,0.0
3738.4435212791122,-0.0001290388092321,0.0117572640225136,0.04331,0.0
3738.5440979182877,-0.0012800852196541,0.0098001518870066,0.04331,0.0
3738.634611147658,-0.0026960391283942,0.0073926451422428,0.04331,0.0
3738.735157984511,-0.0043096332187331,0.0046491213250605,0.04331,0.0
3738.8357038676895,-0.0058816369424113,0.0019763043635366,0.04331,0.0
3738.9362812221207,-0.0074462552235614,-0.0006839530162092,0.04331,0.0
3739.036852854506,-0.0090614860233083,-0.0034302382677826,0.04331,0.0
3739.137412565962,-0.0106113586951378,-0.0060653029758811,0.04331,0.0
3739.2419290721573,-0.0122602368948716,-0.0088689726451472,0.04331,0.0
3739.3424940288223,-0.0138493845585259,-0.011570833533888,0.04331,0.0
3739.443048971907,-0.0153699651494295,-0.0141561451179139,0.04331,0.0
3739.543597000853,-0.0163987785287025,-0.0159054733155899,0.04331,0.0
3739.644164818541,-0.0165659999999999,-0.0161898105366555,0.04331,0.0
3739.7446990192093,-0.0165565475310592,-0.0163359876704995,0.04331,900.0
3739.845267552153,-0.0164773785465887,-0.0171498086914993,0.04331,900.0
3739.9458561122574,-0.0162819104110666,-0.0186068952156705,0.04331,900.0
3740.0464363277115,-0.0159477488140147,-0.0200780028676106,0.04331,900.0
3740.1469984233536,-0.015479971844015,-0.0214961989143677,0.04331,900.0
3740.2475707709946,-0.014855956699574,-0.0229449019407279,0.04331,900.0
3740.348146218077,-0.0141489994693179,-0.0242499889452662,0.04331,900.0
3740.4487252414383,-0.0133236659721372,-0.0254634529063994,0.04331,900.0
3740.5492873370804,-0.0123723161140819,-0.0266311926480611,0.04331,900.0
3740.6525407016434,-0.0112603658336165,-0.0277689706873561,0.04331,900.0
3740.7531023204483,-0.010137336664342,-0.0287111174946339,0.04331,900.0
3740.8536729991592,-0.0088888283850702,-0.0295842070863276,0.04331,900.0
3740.944185751692,-0.007721621016444,-0.0302675580149538,0.04331,900.0
3741.0451290786423,-0.0064570657365725,-0.0308763821241754,0.04331,900.0
3741.145695942656,-0.0052721150700094,-0.0313307639237986,0.04331,900.0
3741.2462628066696,-0.0040891900842728,-0.0316708627826031,0.04331,900.0
3741.3468256175674,-0.002625670409938,-0.0319755984519651,0.04331,900.0
3741.4488179862656,-0.0011291538431587,-0.0321547429832259,0.04331,900.0
3741.549386042372,-0.0001018741374491,-0.0321940362461108,0.04331,900.0
3741.649952906386,0.0014139861928879,-0.0321342165045959,0.04331,900.0
3741.750532406584,0.0028550087211688,-0.0319379677730674,0.04331,900.0
3741.8522069633163,0.00429949393428,-0.0316102786739033,0.04331,900.0
3741.9527650058426,0.0057655456485712,-0.0311436293735707,0.04331,900.0
3742.053334969298,0.0071534115830036,-0.0305544086469448,0.04331,900.0
3742.144565361754,0.0081840309944923,-0.0300201895747774,0.04331,900.0
3742.2451543986954,0.0092074104262575,-0.0293800648067122,0.04331,900.0
3742.345741051451,0.010372458797835,-0.0285239863414535,0.04331,900.0
3742.44406701924,0.0115017845877056,-0.0275421432924974,0.04331,900.0
3742.5446298301376,0.0125513500980543,-0.0264345971242476,0.04331,900.0
3742.6452000320114,0.0134631016329248,-0.0252777363371588,0.04331,900.0
3742.745772618071,0.0143057003772098,-0.0239860891986253,0.04331,900.0
3742.846343773619,0.0150014073267367,-0.0226347932000328,0.04331,900.0
3742.946905869261,0.0155674987774818,-0.0212463042139335,0.04331,900.0
3743.047484415785,0.0160159866221788,-0.0198208232272757,0.04331,900.0
3743.148055809752,0.0163074267273488,-0.0185116183439809,0.04331,900.0
3743.2486112296738,0.0164738418498694,-0.0172535352132937,0.04331,900.0
3743.3491256416,0.0165460185961336,-0.0158948277261545,0.04331,900.0
3743.4496569812454,0.0165064818406856,-0.0144459408186793,0.04331,900.0
3743.5502388656296,0.0163690948005078,-0.013120873186309,0.04331,900.0
3743.6508004844345,0.0161520858731871,-0.0119771687971391,0.04331,900.0
3743.751413363234,0.0157743014813757,-0.010570565951739,0.04331,900.0
3743.8519802272476,0.0152215817538537,-0.0090979046034427,0.04331,900.0
3743.9464070975937,0.0146183522307065,-0.0078509246691369,0.04331,900.0
3744.0469131648697,0.0138369786581376,-0.0065427203883792,0.04331,900.0
3744.147460955397,0.0129379224731157,-0.0053057832720158,0.04331,900.0
3744.248025435225,0.0119324522235278,-0.0041629333695251,0.04331,900.0
3744.3485913455643,0.0108643470035916,-0.0031414406238027,0.04331,900.0
3744.4491546332993,0.0097188947522519,-0.0022341823929927,0.04331,900.0
3744.5497183978714,0.008645271780266,-0.0015126320563239,0.04331,900.0
3744.6502888381638,0.0075674503856366,-0.0009107964091111,0.04331,900.0
3744.7508249461807,0.0062297395590686,-0.0002934498384499,0.04331,900.0
3744.8514087379135,0.0048393523790676,0.0002127254096092,0.04331,900.0
3744.9519925296463,0.0033657111823148,0.0005835594588942,0.04331,900.0
3745.052565592543,0.0018466431853721,0.0008334495822105,0.04331,900.0
3745.1531400859512,0.0003798632302407,0.0009324752590292,0.04331,900.0
3745.253698843733,-0.0008425997921527,0.0009145711273927,0.04331,900.0
3745.3442056358017,-0.0019830069232563,0.0008089641278264,0.04331,900.0
3745.4513306796707,-0.0034729890375049,0.0005484893324359,0.04331,900.0
3745.551901835219,-0.0048720973661918,0.000187264051483,0.04331,900.0
3745.65243055226,-0.0060396369320196,-0.0002106338735251,0.04331,900.0
3745.7440524280228,-0.0070900943954495,-0.0006757094932002,0.04331,900.0
3745.8448612868942,-0.0084306962721749,-0.0013834965007411,0.04331,900.0
3745.947599428908,-0.0097009413485397,-0.0022146944065917,0.04331,900.0
3746.0481634318985,-0.0108286103653044,-0.0030980864852209,0.04331,900.0
3746.1486597240128,-0.0119618106250429,-0.0041623079462609,0.04331,900.0
3746.2492118060745,-0.0129232186649703,-0.0052695296117926,0.04331,900.0
3746.3497660339035,-0.0138428248547659,-0.0065453710932887,0.04331,900.0
3746.4503300368942,-0.0146031455897003,-0.0078266081655174,0.04331,900.0
3746.5508856952347,-0.0152555286005914,-0.0092176196613739,0.04331,900.0
3746.6514690101303,-0.0157693087693798,-0.0106064401595479,0.04331,900.0
3746.7520401656784,-0.016153555630016,-0.0120365812969935,0.04331,900.0
3746.8526158511795,-0.0164100886960577,-0.0135038189009329,0.04331,900.0
3746.9531843841232,-0.0165384390979581,-0.0149910874365109,0.04331,900.0
3747.0537548244156,-0.0165659999999999,-0.0160497164676556,0.04331,900.0
3747.1442840278305,-0.0165659999999999,-0.0161898105366555,0.04331,900.0
3747.2448620975174,-0.0164160590192346,-0.0160914186072144,0.04331,900.0
3747.349304217116,-0.0136885613701543,-0.0143016226830495,0.04331,900.0
3747.449887293593,-0.0073277603030921,-0.0101274864054113,0.04331,900.0
3747.550464171187,-0.0013137797583542,-0.0061809895520944,0.04331,900.0
3747.651037472502,-0.0001230559536064,-0.005399607388941,0.04331,900.0
3747.751610535399,0.0,-0.0053188538354264,0.04331,900.0
3747.8521688163437,0.0002514646131788,-0.005331730690734,0.04331,900.0
3747.952735918776,0.0012614299734021,-0.0054410738947256,0.04331,900.0
3748.0533096969284,0.0027141044896717,-0.0057195966455372,0.04331,900.0
3748.1538825214066,0.0040871338123531,-0.0062030008488685,0.04331,900.0
3748.244393366591,0.0052782006114199,-0.0068118322101485,0.04331,900.0
3748.3449490249313,0.0065189131721829,-0.0076620710764243,0.04331,900.0
3748.445507305876,0.0076206745910041,-0.0087057931495615,0.04331,900.0
3748.5462954223312,0.008559891835321,-0.0099106530945535,0.04331,900.0
3748.6468370139755,0.0092832639822095,-0.0111959660402016,0.04331,900.0
3748.747428435103,0.009831418738623,-0.0126374350669728,0.04331,900.0
3748.8507907569565,0.0101742166916906,-0.0141853445413007,0.04331,900.0
3748.9513533294357,0.0102721771501498,-0.0156550428327028,0.04331,900.0
3749.051919955031,0.0101538503609432,-0.0171682664480558,0.04331,900.0
3749.1524748981155,0.0098197713944202,-0.0186308907980034,0.04331,900.0
3749.253053683058,0.0092890324015336,-0.0200085431632155,0.04331,900.0
3749.3536184013046,0.0085559405989067,-0.0213092511928925,0.04331,900.0
3749.4446976363815,0.0077414515159964,-0.0223989703250947,0.04331,900.0
3749.545262831465,0.0066151743432704,-0.0235061605344057,0.04331,900.0
3749.6458563983597,0.0054411483427119,-0.0243738804120304,0.04331,900.0
3749.7463994205154,0.0041490845620258,-0.0250411659749554,0.04331,900.0
3749.8469364822067,0.0026819272389889,-0.0255574468969669,0.04331,900.0
3749.9475088298477,0.0012454672639443,-0.0258324182367302,0.04331,900.0
3750.0480818927444,-0.000251709293004,-0.0258940615786605,0.04331,900.0
3750.1486461341538,-0.0018090009460872,-0.0257378161143967,0.04331,900.0
3750.2494304359116,-0.00324750820693,-0.0253729548770052,0.04331,900.0
3750.350069302336,-0.0045962126762835,-0.0248094772549161,0.04331,900.0
3750.4505908668198,-0.00591302552742,-0.0240274882194368,0.04331,900.0
3750.546172159926,-0.007041595698663,-0.0231111629602533,0.04331,900.0
3750.647114294783,-0.0080567804765925,-0.022031143728269,0.04331,900.0
3750.7476790130295,-0.0089387915621865,-0.0207320867669266,0.04331,900.0
3750.8482446849503,-0.0095758420703103,-0.0194136766490366,0.04331,900.0
3750.948823469893,-0.010012277613543,-0.0180339555815156,0.04331,900.0
3751.0493910491623,-0.0102421020614254,-0.0165055892530436,0.04331,900.0
3751.1501038253464,-0.0102581755328058,-0.0149732204056469,0.04331,900.0
3751.2514033496536,-0.0100380647659911,-0.0134542913331848,0.04331,900.0
3751.3519640147842,-0.0096181321952618,-0.0120257151180801,0.04331,900.0
3751.4524676978745,-0.0089842647600374,-0.0106582004612904,0.04331,900.0
3751.553026694075,-0.0081529837560029,-0.0093890698668988,0.04331,900.0
3751.6535861671127,-0.0071593112206221,-0.0082669132375698,0.04331,900.0
3751.7441170394577,-0.0061454330824069,-0.0073778688515342,0.04331,900.0
3751.844653624312,-0.0048800351299999,-0.0065761191582563,0.04331,900.0
3751.945221442,-0.0035517397154182,-0.0059667292978529,0.04331,900.0
3752.0444271743454,-0.0021637731888663,-0.0055685263989684,0.04331,900.0
3752.144981640593,-0.0006047739136842,-0.005364985193824,0.04331,900.0
3752.245610493437,-8.53821939394428e-05,-0.005323137906668,0.04331,900.0
3752.3461821258225,0.0,-0.0053188538354264,0.04331,900.0
3752.4467063129105,0.0013218833687447,-0.0052556897517447,0.04331,900.0
3752.54727556111,0.0061408890596116,-0.0050184618948324,0.04331,900.0
3752.6478238284744,0.0099171639345251,-0.0048374524856992,0.04331,900.0
3752.7483983218826,0.0102279999999999,-0.0048297634042792,0.04331,900.0
3752.8489742458023,0.0102202133031923,-0.0048228602008634,0.04331,900.0
3752.949555176512,0.0099856505469594,-0.0046214980926048,0.04331,900.0
3753.0501442134537,0.0090362879906252,-0.0038367341071099,0.04331,900.0
3753.1507227599777,0.0077601626094747,-0.0029534628471954,0.04331,900.0
3753.2512884318985,0.0064712809817406,-0.0022411691014936,0.04331,900.0
3753.3518262088455,0.0051130395249403,-0.0016790186816847,0.04331,900.0
3753.4524026096024,0.0035942606949713,-0.0012160998279565,0.04331,900.0
3753.546321171538,0.0022264466454142,-0.0009499368999271,0.04331,900.0
3753.6468782603897,0.0007413934879864,-0.0007982856758532,0.04331,900.0
3753.747439640776,-0.0007817713379561,-0.0008057917663462,0.04331,900.0
3753.848006981627,-0.0020521793452521,-0.0009171035700695,0.04331,900.0
3753.9485399902023,-0.0031605399822595,-0.0011146058000817,0.04331,900.0
3754.049101847426,-0.0045783221828047,-0.0015012488938299,0.04331,900.0
3754.149672526137,-0.0060413835048168,-0.0020627017477804,0.04331,900.0
3754.250240820662,-0.007362325310861,-0.0027173788275291,0.04331,900.0
3754.350781935469,-0.0085835719964442,-0.0034928824306978,0.04331,900.0
3754.451352137343,-0.0097670094889197,-0.0044147082960851,0.04331,900.0
3754.551927822844,-0.0108569618080915,-0.0054865134270683,0.04331,900.0
3754.6525025546707,-0.0118195907044287,-0.0066303052111284,0.04331,900.0
3754.753066319243,-0.0124906494036742,-0.0075766771468492,0.04331,900.0
3754.853634136931,-0.0131111751000697,-0.0086529962530991,0.04331,900.0
3754.9441435516037,-0.0136569069559349,-0.0098133724593079,0.04331,900.0
3755.044733303801,-0.0141775194072591,-0.011220823715265,0.04331,900.0
3755.1452713191666,-0.014560524821916,-0.0127195260302165,0.04331,900.0
3755.2504213035263,-0.0147967551542843,-0.0143115263094815,0.04331,900.0
3755.350992220656,-0.0148536018978801,-0.0157591456085529,0.04331,900.0
3755.4515648067154,-0.0147731329448892,-0.0172737185749034,0.04331,900.0
3755.552124995009,-0.0145260097466027,-0.0187826868529937,0.04331,900.0
3755.652674692885,-0.0141304464000266,-0.0202437860198032,0.04331,900.0
3755.7532375037827,-0.0135714586676073,-0.021666579975415,0.04331,900.0
3755.85382892491,-0.0129339671362192,-0.0229303004223802,0.04331,900.0
3755.9443516910233,-0.0124528726032026,-0.0237323684489497,0.04331,900.0
3756.0449629008926,-0.0117251469499698,-0.0247318148306497,0.04331,900.0
3756.1469571769394,-0.0107004475126843,-0.0259194321717404,0.04331,900.0
3756.247979420439,-0.0095637518812593,-0.0269885104873652,0.04331,900.0
3756.348577278868,-0.0083981957632376,-0.0278743487784065,0.04331,900.0
3756.4492209136642,-0.0071322545411146,-0.0286557036273981,0.04331,900.0
3756.549921530501,-0.0057254892943743,-0.0293390834841113,0.04331,900.0
3756.650682944075,-0.0043958817064046,-0.0298267514571989,0.04331,900.0
3756.7574198424973,-0.0028380014405027,-0.0302240348128695,0.04331,900.0
3756.8479623973526,-0.001904298285957,-0.0303681730980561,0.04331,900.0
3756.948481339232,-0.0004820955158071,-0.0304708168463748,0.04331,900.0
3757.0490412891068,0.0010083953700484,-0.0304483506024892,0.04331,900.0
3757.1496091067947,0.0025036299038118,-0.0302620893583474,0.04331,900.0
3757.2501859843887,0.0039605066340958,-0.0299353199284366,0.04331,900.0
3757.350755232588,0.0053569588787437,-0.0294775649053203,0.04331,900.0
3757.451311844603,0.006726065667962,-0.0288633977218538,0.04331,900.0
3757.551881331221,0.0080722440918955,-0.0280930753684439,0.04331,900.0
3757.647295016066,0.0092471690565641,-0.0272543355990557,0.04331,900.0
3757.7490356147446,0.0103700726496548,-0.0262765214255179,0.04331,900.0
3757.8495874583878,0.0114039539937226,-0.0251638102685505,0.04331,900.0
3757.951116341368,0.0122939452772829,-0.0239927568091697,0.04331,900.0
3758.0516998946823,0.0130826388045288,-0.0226682855109587,0.04331,900.0
3758.1522641360916,0.0137275958083939,-0.0213059902945404,0.04331,900.0
3758.252822655455,0.014219922907606,-0.0198962661673701,0.04331,900.0
3758.353376883284,0.0145762682868892,-0.0184680392391998,0.04331,900.0
3758.453935641066,0.0147843909919311,-0.0169735287846082,0.04331,900.0
3758.5444355189957,0.0148483890498776,-0.0156113581277724,0.04331,900.0
3758.6449971378006,0.0147735024075014,-0.014119911476004,0.04331,900.0
3758.7455785453476,0.0145383436511689,-0.0125951445724986,0.04331,900.0
3758.849932211653,0.0141483949201549,-0.011078186151468,0.04331,900.0
3758.950480240599,0.0136067644355752,-0.0096513431331369,0.04331,900.0
3759.0510602176346,0.012977268771349,-0.00836589881388,0.04331,900.0
3759.1516440093674,0.0121619991361441,-0.0070880678683803,0.04331,900.0
3759.2522192180313,0.0111917240144965,-0.0058576142384682,0.04331,900.0
3759.35276343228,0.0104201197989702,-0.005025431893972,0.04331,900.0
3759.453339833037,0.010228,-0.0048297634042792,0.04331,900.0
3759.5539088428177,0.01019665969427,-0.0048260769261599,0.04331,900.0
3759.644427555815,0.0075963645110784,-0.0045177131967806,0.04331,900.0
3759.745002764479,0.0025364856792891,-0.0039176121038967,0.04331,900.0
3759.8455789268173,0.0,-0.0036167559475843,0.04331,900.0
3759.9461467445053,9.070105894126712e-07,-0.0036168043397788,0.04331,900.0
3760.0466752231277,9.04892441868088e-05,-0.0036216849137443,0.04331,900.0
3760.147262829558,0.0012800885664653,-0.0036893795503945,0.04331,900.0
3760.2518797099747,0.0028338386130429,-0.0039683367639197,0.04331,900.0
3760.3524282157578,0.0042665272507424,-0.004431273174993,0.04331,900.0
3760.4529967487015,0.0056276687045492,-0.0050528635031591,0.04331,900.0
3760.553551214949,0.0068838935752887,-0.0058290185798537,0.04331,900.0
3760.6440739810623,0.0079281600365314,-0.006645322233576,0.04331,900.0
3760.7446789920486,0.0089867299707153,-0.0077117307506059,0.04331,900.0
3760.845252293364,0.0099172533818333,-0.0089238244609149,0.04331,900.0
3760.9458890140213,0.0106862456396698,-0.0102243995040253,0.04331,900.0
3761.0464537322678,0.0112775399718971,-0.0115913702823529,0.04331,900.0
3761.148602503554,0.011714257273991,-0.0130721756939847,0.04331,900.0
3761.2491762817062,0.0119529278556469,-0.0146036102555865,0.04331,900.0
3761.349760550276,0.0119873794376027,-0.0160789877557261,0.04331,900.0
3761.4503300368942,0.0118322889591793,-0.0175442339873379,0.04331,900.0
3761.5508983314194,0.011493543952172,-0.0190193689076957,0.04331,900.0
3761.651477593199,0.0109785696702242,-0.0204400292131816,0.04331,900.0
3761.752947348372,0.0102686750017985,-0.0217977843380465,0.04331,900.0
3761.8535013377823,0.0093849760121903,-0.0230607009241211,0.04331,900.0
3761.9540720164932,0.0083777239615391,-0.0241805505224769,0.04331,900.0
3762.044590014235,0.0073808797883904,-0.0250557033959384,0.04331,900.0
3762.1451664149918,0.0061719510785548,-0.0259027379305819,0.04331,900.0
3762.24573590161,0.0048372904147817,-0.0265899847125345,0.04331,900.0
3762.3516550243057,0.0032965831451526,-0.0271516554184678,0.04331,900.0
3762.4522831618942,0.0018206895962738,-0.0274752822334381,0.04331,900.0
3762.5537684142746,0.0003686487292439,-0.0276156686931468,0.04331,900.0
3762.6442992866196,-0.0010339382700484,-0.0275719300098188,0.04331,900.0
3762.744862812773,-0.002498064873747,-0.0273531551778572,0.04331,900.0
3762.8454201400436,-0.0039147979870895,-0.026950570629393,0.04331,900.0
3762.9460101306595,-0.0053299621170478,-0.0263415807697901,0.04331,900.0
3763.046549814955,-0.0066327450802306,-0.0255983899712678,0.04331,900.0
3763.1471080959,-0.007805137577064,-0.024717550750727,0.04331,900.0
3763.2476728141464,-0.008872269502162,-0.0236769816936323,0.04331,900.0
3763.348240393416,-0.0098047393367655,-0.0225072320836226,0.04331,900.0
3763.446439284102,-0.0105859953203219,-0.0212391167840166,0.04331,900.0
3763.5470061481155,-0.0112306514314812,-0.0198318358004097,0.04331,900.0
3763.64755107762,-0.0116889548656156,-0.0183664404282786,0.04331,900.0
3763.748134630934,-0.0119337861848416,-0.0169014705299201,0.04331,900.0
3763.848653811232,-0.0119808478547713,-0.0154271551313077,0.04331,900.0
3763.949224013106,-0.0118473777826214,-0.0138847027419066,0.04331,900.0
3764.0497975528397,-0.0115464066877077,-0.012442080752462,0.04331,900.0
3764.150393980757,-0.0110488846461771,-0.0110083295052253,0.04331,900.0
3764.2509520232834,-0.0103636160420624,-0.0096316488295407,0.04331,900.0
3764.351522940413,-0.0095495903189748,-0.0084051359112048,0.04331,900.0
3764.4520723998703,-0.0085863773008387,-0.0072887324699357,0.04331,900.0
3764.5526576221146,-0.0074399925916459,-0.0062422953804926,0.04331,900.0
3764.648447769896,-0.0062779342483237,-0.00540669299721,0.04331,900.0
3764.7490196406998,-0.0050018425275064,-0.0047246056258033,0.04331,900.0
3764.8495881736435,-0.0036187079328234,-0.0041933630853503,0.04331,900.0
3764.9501655280746,-0.0021481350551747,-0.0038336712845129,0.04331,900.0
3765.0507431209244,-0.0006248084734646,-0.0036608538316328,0.04331,900.0
3765.151327627913,-8.381786166065941e-05,-0.0036207578338986,0.04331,900.0
3765.251902836577,0.0,-0.0036167559475843,0.04331,900.0
3765.3524289310135,0.0,-0.0036165876189253,0.04331,0.0
3765.4529938876785,0.0,-0.0036155982537003,0.04331,0.0
3765.5535731494583,0.0,-0.0036142743765986,0.04331,0.0
3765.644096869246,0.0,-0.0036133102245827,0.04331,0.0
3765.744666355864,0.0,-0.0036123172748633,0.04331,0.0
3765.8476507842697,0.0,-0.0036109803160254,0.04331,0.0
3765.948226946608,0.0,-0.0036100658267722,0.04331,0.0
3766.048759001509,0.0,-0.0036091122481499,0.04331,0.0
3766.1493287265457,0.0,-0.0036077575595061,0.04331,0.0
3766.2499132335342,0.0,-0.0036065993740221,0.04331,0.0
3766.3504660308517,0.0,-0.0036057009532111,0.04331,0.0
3766.451038140074,0.0,-0.0036044361800515,0.04331,0.0
3766.551567572371,0.0,-0.003603286346929,0.04331,0.0
3766.652146118895,0.0,-0.0036022032831763,0.04331,0.0
3766.752733725325,0.0,-0.0036010734342001,0.04331,0.0
3766.8533210933365,0.0,-0.0035999209105606,0.04331,0.0
3766.9538967788376,0.0,-0.0035986703925117,0.04331,0.0
3767.045090216414,0.0,-0.0035975626832645,0.04331,0.0
3767.145664709822,0.0,-0.0035965818824217,0.04331,0.0
3767.2462425410904,0.0,-0.0035953344550973,0.04331,0.0
3767.3479767024673,0.0,-0.0035943028777817,0.04331,0.0
3767.448545950667,0.0,-0.0035930030471537,0.04331,0.0
3767.5491104304947,0.0,-0.003591921988599,0.04331,0.0
3767.6497190177597,0.0,-0.003590860703286,0.04331,0.0
3767.7503140151657,0.0,-0.0035897111843881,0.04331,0.0
3767.850883978621,0.0,-0.0035404022971532,0.04331,0.0
3767.9514475047745,0.0,-0.0035081108350568,0.04331,0.0
3768.0520103156723,0.0,-0.0035860964781876,0.04331,0.0
3768.1526107967056,0.0,-0.0035851489400238,0.04331,0.0
3768.2531719386734,0.0,-0.003583780295231,0.04331,0.0
3768.346193808333,0.0,-0.0035826969324479,0.04331,0.0
3768.4467663943924,0.0,-0.0035818817507743,0.04331,0.0
3768.5472989261307,0.0,-0.0035814632731487,0.04331,0.0
