16525.399144411087,0.005263000000000004,0.01634220964878493,0.046150000000000004,1340.8
16525.699515342712,0.0039203999999999906,0.016714878396459427,0.046150000000000004,1340.8
16525.799118757248,0.002268199999999998,0.017013995700434232,0.046150000000000004,1340.8
16525.899169921875,0.000715399999999991,0.01715293460723851,0.046150000000000004,1340.8
16525.99915909767,-0.0008437000000000028,0.01715293460723851,0.046150000000000004,1340.8
16526.09915947914,-0.0025139000000000133,0.016980987733432765,0.046150000000000004,1340.8
16526.19915819168,-0.004159600000000013,0.016648918694879118,0.046150000000000004,1340.8
16526.299136161804,-0.005653499999999978,0.016202879482940056,0.046150000000000004,1340.8
16526.399149894714,-0.0072068999999999744,0.015566161649338762,0.046150000000000004,1340.8
16526.499153375626,-0.008688700000000008,0.014776913393109155,0.046150000000000004,1340.8
16526.599155187607,-0.010090199999999994,0.013852413890790331,0.046150000000000004,1340.8
16526.69916844368,-0.011390200000000003,0.012790093026366266,0.046150000000000004,1340.8
16526.799132347107,-0.01249539999999999,0.011690468854495952,0.046150000000000004,1340.8
16526.899171352386,-0.01249539999999999,0.011690468854495952,0.046150000000000004,1340.8
16526.99911880493,-0.01357280000000001,0.010402931806499937,0.046150000000000004,1340.8
16527.099166870117,-0.014459999999999987,0.009120514199367283,0.046150000000000004,1340.8
16527.199171304703,-0.015264099999999989,0.007646496055393779,0.046150000000000004,1340.8
16527.299167394638,-0.01564510000000001,0.006832614092363201,0.046150000000000004,1340.8
16527.399174690247,-0.016212199999999996,0.005267611280967852,0.046150000000000004,1340.8
16527.499180793762,-0.0166115,0.0037606829847530235,0.046150000000000004,1340.8
16527.59911632538,-0.016875799999999982,0.0022240993556339045,0.046150000000000004,1340.8
16527.699145317078,-0.01699400000000001,0.0005494217112978692,0.046150000000000004,1340.8
16527.79918575287,-0.01694429999999998,-0.0011287687554017295,0.046150000000000004,1340.8
16527.899178028107,-0.01673959999999998,-0.002795169954297308,0.046150000000000004,1340.8
16527.99907708168,-0.016397899999999993,-0.004316416051994808,0.046150000000000004,1340.8
16528.09944486618,-0.016397899999999993,-0.004316416051994808,0.046150000000000004,1340.8
16528.199086904526,-0.0158692,-0.005910054466355459,0.046150000000000004,1340.8
16528.29926609993,-0.015521499999999994,-0.006762573702220526,0.046150000000000004,1340.8
16528.399361133575,-0.0147761,-0.008222881724440939,0.046150000000000004,1340.8
16528.499402999878,-0.013947000000000001,-0.009543133295158053,0.046150000000000004,1340.8
16528.599170684814,-0.013004799999999983,-0.010785579664068165,0.046150000000000004,1340.8
16528.6991379261,-0.011854299999999984,-0.01200851176704075,0.046150000000000004,1340.8
16528.799160957336,-0.010594099999999995,-0.013117648534979431,0.046150000000000004,1340.8
16528.899122714996,-0.009335399999999994,-0.014037754882093315,0.046150000000000004,1340.8
16528.999580144882,-0.007778899999999991,-0.014939150272519568,0.046150000000000004,1340.8
16529.09933400154,-0.006361199999999997,-0.015587420162067094,0.046150000000000004,1340.8
16529.19914007187,-0.004777699999999996,-0.016145822928891815,0.046150000000000004,1340.8
16529.299093723297,-0.004777699999999996,-0.016145822928891815,0.046150000000000004,1340.8
16529.399178266525,-0.0032623999999999848,-0.01651284157956468,0.046150000000000004,1340.8
16529.499183177948,-0.0015999000000000013,-0.016747570359205065,0.046150000000000004,1340.8
16529.59913945198,7.709999999999662e-05,-0.016828336936068743,0.046150000000000004,1340.8
16529.699173927307,0.001753500000000005,-0.016738784048795224,0.046150000000000004,1340.8
16529.799164295197,0.003294499999999978,-0.016501387338378526,0.046150000000000004,1340.8
16529.89919114113,0.004924000000000012,-0.016097261009779734,0.046150000000000004,1340.8
16529.99918293953,0.006506999999999999,-0.015537740698255885,0.046150000000000004,1340.8
16530.099153518677,0.008020900000000011,-0.014811567792141253,0.046150000000000004,1340.8
16530.199037075043,0.009259299999999998,-0.014078648035494586,0.046150000000000004,1340.8
16530.299146175385,0.01071999999999998,-0.013028724118604215,0.046150000000000004,1340.8
16530.411888837814,0.011879399999999984,-0.011985917520117732,0.046150000000000004,1340.8
16530.499138593674,0.011879399999999984,-0.011985917520117732,0.046150000000000004,1340.8
16530.59917974472,0.013018500000000002,-0.010752669511826837,0.046150000000000004,1340.8
16530.699176073074,0.0139677,-0.009515950263509772,0.046150000000000004,1340.8
16530.799136400223,0.014856699999999987,-0.008091828004036447,0.046150000000000004,1340.8
16530.899188280106,0.015594700000000003,-0.006583663557193663,0.046150000000000004,1340.8
16530.999171733856,0.016148099999999985,-0.005130612250474613,0.046150000000000004,1340.8
16531.099187612534,0.016400699999999976,-0.0042799368449671985,0.046150000000000004,1340.8
16531.19917702675,0.016763100000000003,-0.0026406978865511563,0.046150000000000004,1340.8
16531.29917049408,0.016963599999999995,-0.0009737660315173799,0.046150000000000004,1340.8
16531.399171829224,0.016990100000000008,0.0005851954238357965,0.046150000000000004,1340.8
16531.499044418335,0.016866599999999995,0.002259481809131183,0.046150000000000004,1340.8
16531.599122285843,0.016866599999999995,0.002259481809131183,0.046150000000000004,1340.8
16531.699157238007,0.016611200000000007,0.003797595033158723,0.046150000000000004,1340.8
16531.799173116684,0.01612820000000001,0.005530151563154909,0.046150000000000004,1340.8
16531.899084329605,0.015569100000000002,0.006985458750440869,0.046150000000000004,1340.8
16531.999183654785,0.014882199999999998,0.008385045117873316,0.046150000000000004,1340.8
16532.099177122116,0.014000200000000004,0.009813637556142972,0.046150000000000004,1340.8
16532.199136018753,0.012976700000000008,0.011144442244036185,0.046150000000000004,1340.8
16532.29918551445,0.011833999999999997,0.01237441464182118,0.046150000000000004,1340.8
16532.399172782898,0.010668400000000008,0.013410160154326535,0.046150000000000004,1340.8
16532.499140024185,0.0093057,0.014390967365059647,0.046150000000000004,1340.8
16532.599179506302,0.007858699999999996,0.015242271241465433,0.046150000000000004,1340.8
16532.699157238007,0.006448000000000009,0.01590670276285312,0.046150000000000004,1340.8
16532.799133062363,0.006448000000000009,0.01590670276285312,0.046150000000000004,1340.8
16532.89916563034,0.005263000000000004,0.01634220964878493,0.046150000000000004,1340.8
16532.999176740646,0.005263000000000004,0.01634220964878493,0.046150000000000004,1340.8
16533.099175930023,0.005217600000000017,0.016270054543979545,0.046150000000000004,0.0
16533.199158668518,0.0013031999999999905,0.010047053161564047,0.046150000000000004,0.0
16533.599081754684,-0.008286000000000002,-0.0051977873115142195,0.046150000000000004,0.0
16533.699120283127,-0.008291000000000007,-0.0051907262255330155,0.046150000000000004,1340.8
16533.79916548729,-0.008963899999999997,-0.003967794122560424,0.046150000000000004,1340.8
16533.899467229843,-0.008963899999999997,-0.003967794122560424,0.046150000000000004,1340.8
16533.999140262604,-0.009529199999999988,-0.002388277880162132,0.046150000000000004,1340.8
16534.099177360535,-0.009823500000000013,-0.0008584618927437726,0.046150000000000004,1340.8
16534.19917035103,-0.0098448,0.0008191979178176628,0.046150000000000004,1340.8
16534.29918527603,-0.00963169999999998,0.002367462045541835,0.046150000000000004,1340.8
16534.39919090271,-0.009109699999999998,0.0039568723063191265,0.046150000000000004,1340.8
16534.499126434326,-0.00827929999999999,0.0055495680143322484,0.046150000000000004,1340.8
16534.599076986313,-0.0073241,0.006780071068255501,0.046150000000000004,1340.8
16534.699135541916,-0.006199999999999997,0.007858630588111204,0.046150000000000004,1340.8
16534.79917216301,-0.004803500000000002,0.008787837481084061,0.046150000000000004,1340.8
16534.899186372757,-0.0032789999999999903,0.009487826294320646,0.046150000000000004,1340.8
16534.999179840088,-0.0017704000000000053,0.009877459983085278,0.046150000000000004,1340.8
16535.099188566208,-0.0017704000000000053,0.009877459983085278,0.046150000000000004,1340.8
16535.199175834656,-0.00010139999999998761,0.010046738926114816,0.046150000000000004,1340.8
16535.299182653427,0.0015703999999999996,0.009911096420985109,0.046150000000000004,1340.8
16535.399038791656,0.0030849000000000154,0.009547842454618823,0.046150000000000004,1340.8
16535.499130010605,0.00462570000000001,0.008886902964426013,0.046150000000000004,1340.8
16535.59918308258,0.006038700000000008,0.00798244838418289,0.046150000000000004,1340.8
16535.699169397354,0.007189100000000004,0.006932287255434731,0.046150000000000004,1340.8
16535.79917192459,0.0082319,0.0056182726702801895,0.046150000000000004,1340.8
16535.899169921875,0.008986400000000005,0.004255696166013543,0.046150000000000004,1340.8
16535.999176740646,0.009545299999999993,0.002674140463737356,0.046150000000000004,1340.8
16536.09917664528,0.009833000000000008,0.0010223505106048483,0.046150000000000004,1340.8
16536.19917678833,0.009834399999999993,-0.000655015855676136,0.046150000000000004,1340.8
16536.299189567566,0.009834399999999993,-0.000655015855676136,0.046150000000000004,1340.8
16536.39920115471,0.00958550000000001,-0.002192402794045138,0.046150000000000004,1340.8
16536.499193906784,0.00904199999999998,-0.0037793921726339066,0.046150000000000004,1340.8
16536.599179506302,0.008246400000000001,-0.005255547591245482,0.046150000000000004,1340.8
16536.699038743973,0.007205800000000026,-0.006571385215588876,0.046150000000000004,1340.8
16536.799134254456,0.006059099999999998,-0.007625743870021691,0.046150000000000004,1340.8
16536.89917421341,0.004647600000000002,-0.008532454330831718,0.046150000000000004,1340.8
16536.99918103218,0.0031090000000000007,-0.009198611076648114,0.046150000000000004,1340.8
16537.099173545837,0.001595100000000002,-0.009564609997382054,0.046150000000000004,1340.8
16537.19914007187,-7.639999999999036e-05,-0.00970568617882437,0.046150000000000004,1340.8
16537.29905295372,-0.0017457999999999918,-0.00953925000492263,0.046150000000000004,1340.8
16537.399151802063,-0.0017457999999999918,-0.00953925000492263,0.046150000000000004,1340.8
16537.49908876419,-0.0032552999999999888,-0.009153618212322308,0.046150000000000004,1340.8
16537.599144220352,-0.004781599999999997,-0.00845751268932124,0.046150000000000004,1340.8
16537.699190616608,-0.006086400000000006,-0.007606208812915485,0.046150000000000004,1340.8
16537.799191713333,-0.007307399999999992,-0.006456395312264447,0.046150000000000004,1340.8
16537.899206876755,-0.008251099999999997,-0.00524705472511601,0.046150000000000004,1340.8
16537.99917602539,-0.008286000000000002,-0.0051977873115142195,0.046150000000000004,1340.8
16538.09915781021,-0.008286000000000002,-0.0051977873115142195,0.046150000000000004,0.0
16538.19918704033,-0.012919199999999992,-0.0012760819224066425,0.046150000000000004,0.0
16538.499175071716,-0.015293999999999988,0.0007261737905179602,0.046150000000000004,0.0
16538.599145174026,-0.015293999999999988,0.0007261737905179602,0.046150000000000004,1340.8
16538.69916510582,-0.015282599999999993,-0.0005472618766844961,0.046150000000000004,1340.8
16538.79916357994,-0.015107200000000001,-0.002217036500846044,0.046150000000000004,1340.8
16538.899181842804,-0.014759400000000006,-0.00385913901955863,0.046150000000000004,1340.8
16538.999172210693,-0.014267799999999997,-0.005338647072267496,0.046150000000000004,1340.8
16539.099187612534,-0.013581700000000002,-0.00687095615211053,0.046150000000000004,1340.8
16539.199187517166,-0.012724,-0.008313866391862788,0.046150000000000004,1340.8
16539.299153089523,-0.011724100000000001,-0.009662655750785044,0.046150000000000004,1340.8
16539.399168252945,-0.01065809999999999,-0.010800093095071135,0.046150000000000004,1340.8
16539.499169111252,-0.009392899999999996,-0.011903719163105723,0.046150000000000004,1340.8
16539.599135398865,-0.008012400000000003,-0.01285838386329824,0.046150000000000004,1340.8
16539.699173927307,-0.006643899999999994,-0.013605090765289304,0.046150000000000004,1340.8
16539.799187898636,-0.006643899999999994,-0.013605090765289304,0.046150000000000004,1340.8
16539.899166822433,-0.005095999999999989,-0.014254184755255493,0.046150000000000004,1340.8
16539.99915599823,-0.0034836000000000034,-0.014722210534387978,0.046150000000000004,1340.8
16540.09917616844,-0.0019509999999999805,-0.015007736322538691,0.046150000000000004,1340.8
16540.19918513298,-0.0002757999999999927,-0.015120826163082794,0.046150000000000004,1340.8
16540.299165725708,0.0012825999999999949,-0.015077265078905257,0.046150000000000004,1340.8
16540.399179458618,0.002944100000000005,-0.014837751885019297,0.046150000000000004,1340.8
16540.499160528183,0.004572800000000016,-0.01443001491929672,0.046150000000000004,1340.8
16540.59911584854,0.006142800000000018,-0.013836348304903594,0.046150000000000004,1340.8
16540.69914126396,0.007537299999999997,-0.013139418681483848,0.046150000000000004,1340.8
16540.799169301987,0.008950699999999992,-0.012233944371301798,0.046150000000000004,1340.8
16540.899114131927,0.008950699999999992,-0.012233944371301798,0.046150000000000004,1340.8
16540.999050617218,0.010254899999999997,-0.011176840762501382,0.046150000000000004,1340.8
16541.099179506302,0.0114393,-0.009987447282668462,0.046150000000000004,1340.8
16541.199137210846,0.01241009999999998,-0.008767595160681395,0.046150000000000004,1340.8
16541.299819231033,0.0132612,-0.007461326364829046,0.046150000000000004,1340.8
16541.39912366867,0.014012799999999992,-0.0059602437951361414,0.046150000000000004,1340.8
16541.499176502228,0.014605199999999999,-0.004389220418867308,0.046150000000000004,1340.8
16541.59917831421,0.014989799999999998,-0.0028785066471770718,0.046150000000000004,1340.8
16541.699177980423,0.015233799999999978,-0.0012174975422566472,0.046150000000000004,1340.8
16541.799183130264,0.015293399999999999,0.0004599666387844689,0.046150000000000004,1340.8
16541.899120092392,0.0151704,0.002134253024079928,0.046150000000000004,1340.8
16541.999147892,0.01489420000000001,0.0036683643519431035,0.046150000000000004,1340.8
16542.099172115326,0.01489420000000001,0.0036683643519431035,0.046150000000000004,1340.8
16542.199109077454,0.014416100000000001,0.005277731556765811,0.046150000000000004,1340.8
16542.29913854599,0.013776799999999992,0.0068298483468268514,0.046150000000000004,1340.8
16542.399159669876,0.013020699999999996,0.008193346766272262,0.046150000000000004,1340.8
16542.49913573265,0.012071200000000004,0.009578007652492497,0.046150000000000004,1340.8
16542.59918665886,0.01096069999999999,0.010837027703452178,0.046150000000000004,1340.8
16542.69918704033,0.009820699999999988,0.011900466112575277,0.046150000000000004,1340.8
16542.799074172974,0.00847500000000001,0.012903769755471334,0.046150000000000004,1340.8
16542.899139404297,0.0070297,0.013757937192173612,0.046150000000000004,1340.8
16542.99916958809,0.005611200000000011,0.014404481857292366,0.046150000000000004,1340.8
16543.099183559418,0.004016900000000018,0.014930463545676485,0.046150000000000004,1340.8
16543.199123620987,0.002376100000000006,0.015285029016393056,0.046150000000000004,1340.8
16543.299169778824,0.002376100000000006,0.015285029016393056,0.046150000000000004,1340.8
16543.39917898178,0.0008254000000000039,0.01544479536335424,0.046150000000000004,1340.8
16543.499152183533,-0.0008536000000000099,0.015451346584365946,0.046150000000000004,1340.8
16543.599185705185,-0.0025212000000000012,0.015256589042948032,0.046150000000000004,1340.8
16543.699157953262,-0.0041614999999999985,0.014898161073164783,0.046150000000000004,1340.8
16543.799159526825,-0.005635500000000002,0.014390164055809777,0.046150000000000004,1340.8
16543.899156808853,-0.0071612999999999954,0.013689763192363834,0.046150000000000004,1340.8
16543.999181747437,-0.008499500000000007,0.012887519337967668,0.046150000000000004,1340.8
16544.09918308258,-0.009841100000000005,0.01188112668498937,0.046150000000000004,1340.8
16544.199075460434,-0.01098600000000001,0.010823121952178875,0.046150000000000004,1340.8
16544.29915714264,-0.012154499999999999,0.009455523821808906,0.046150000000000004,1340.8
16544.39922428131,-0.012154499999999999,0.009455523821808906,0.046150000000000004,1340.8
16544.499141216278,-0.013042700000000004,0.008174321574135522,0.046150000000000004,1340.8
16544.59916472435,-0.013831799999999991,0.006692243405410622,0.046150000000000004,1340.8
16544.69918704033,-0.014432299999999995,0.005253607714934376,0.046150000000000004,1340.8
16544.7991168499,-0.014895900000000004,0.0036401407991871193,0.046150000000000004,1340.8
16544.899181842804,-0.015191899999999994,0.0019876245603960806,0.046150000000000004,1340.8
16544.99918794632,-0.015293700000000007,0.0007391576266125022,0.046150000000000004,1340.8
16545.099036455154,-0.015293999999999988,0.0007342338152693459,0.046150000000000004,1340.8
16545.19904565811,-0.015241099999999994,0.0006692376112052978,0.046150000000000004,0.0
16545.299128055573,-0.010652800000000004,-0.004952721835386725,0.046150000000000004,0.0
16545.59957551956,-0.009812000000000001,-0.0059828380420592145,0.046150000000000004,0.0
16545.699184417725,-0.009851299999999993,-0.005911975320304505,0.046150000000000004,1340.8
16545.799048900604,-0.010572899999999996,-0.004525784839175838,0.046150000000000004,1340.8
16545.89912700653,-0.0111372,-0.0029457795229767755,0.046150000000000004,1340.8
16545.99919605255,-0.011461299999999994,-0.001421865494503044,0.046150000000000004,1340.8
16546.09918475151,-0.011577000000000004,0.0002525187055525194,0.046150000000000004,1340.8
16546.199187517166,-0.011434,0.0019244721866896186,0.046150000000000004,1340.8
16546.299185991287,-0.011092199999999997,0.003444384318999013,0.046150000000000004,1340.8
16546.39911866188,-0.010464000000000001,0.005128868003683885,0.046150000000000004,1340.8
16546.499178171158,-0.009698600000000002,0.006486443673015995,0.046150000000000004,1340.8
16546.599182844162,-0.008676799999999985,0.007817031940220064,0.046150000000000004,1340.8
16546.69918370247,-0.007571600000000012,0.008914714466972649,0.046150000000000004,1340.8
16546.79918551445,-0.007571600000000012,0.008914714466972649,0.046150000000000004,1340.8
16546.899187088013,-0.006232599999999977,0.009926119716957484,0.046150000000000004,1340.8
16546.99918460846,-0.004754099999999983,0.01071995675791242,0.046150000000000004,1340.8
16547.099149942398,-0.0032919000000000004,0.011258021158380985,0.046150000000000004,1340.8
16547.19919204712,-0.0017723000000000044,0.011602494690798982,0.046150000000000004,1340.8
16547.299177646637,1.9100000000008e-05,0.011750994879763672,0.046150000000000004,1340.8
16547.39919090271,0.0015735999999999944,0.011634650219882414,0.046150000000000004,1340.8
16547.499147892,0.0028278999999999943,0.011390604473693895,0.046150000000000004,1340.8
16547.599163532257,0.004078099999999987,0.01099904993098028,0.046150000000000004,1340.8
16547.699048042297,0.005493799999999993,0.010349173422932983,0.046150000000000004,1340.8
16547.799036026,0.006909499999999985,0.009448993391965917,0.046150000000000004,1340.8
16547.89909362793,0.006909499999999985,0.009448993391965917,0.046150000000000004,1340.8
16547.99911427498,0.008186399999999983,0.008359782940174056,0.046150000000000004,1340.8
16548.099083185196,0.009207300000000002,0.0071820393310475725,0.046150000000000004,1340.8
16548.199179172516,0.0101184,0.005773058973475572,0.046150000000000004,1340.8
16548.299087524414,0.010782400000000011,0.0043637643804543685,0.046150000000000004,1340.8
16548.399153232574,0.011287499999999992,0.0027633999067304925,0.046150000000000004,1340.8
16548.499174833298,0.0115315,0.0011029006667794758,0.046150000000000004,1340.8
16548.599162340164,0.011548700000000009,-0.000454629008425321,0.046150000000000004,1340.8
16548.699165582657,0.011321000000000012,-0.0022376891026514023,0.046150000000000004,1340.8
16548.799087762833,0.010899700000000012,-0.003738401204472476,0.046150000000000004,1340.8
16548.899159669876,0.010208700000000001,-0.00526760951216123,0.046150000000000004,1340.8
16548.999150037766,0.009384600000000007,-0.006589802727996044,0.046150000000000004,1340.8
16549.099128961563,0.009384600000000007,-0.006589802727996044,0.046150000000000004,1340.8
16549.199137687683,0.008314500000000002,-0.007882242796166498,0.046150000000000004,1340.8
16549.299174785614,0.007061600000000001,-0.008998734094366828,0.046150000000000004,1340.8
16549.39917421341,0.005762000000000003,-0.009858530836902024,0.046150000000000004,1340.8
16549.499197006226,0.00425049999999999,-0.01058550705226654,0.046150000000000004,1340.8
16549.599185228348,0.0028651999999999983,-0.011037489805487723,0.046150000000000004,1340.8
16549.699146986008,0.001874700000000007,-0.011241250078004528,0.046150000000000004,1340.8
16549.799185991287,8.439999999999837e-05,-0.011405940236308879,0.046150000000000004,1340.8
16549.89918780327,-0.001352900000000004,-0.011329468999889937,0.046150000000000004,1340.8
16549.99916434288,-0.0029984999999999873,-0.01100047994232188,0.046150000000000004,1340.8
16550.099181890488,-0.004582899999999987,-0.01044862839650889,0.046150000000000004,1340.8
16550.19917345047,-0.006076999999999985,-0.009684328082529288,0.046150000000000004,1340.8
16550.299121379852,-0.006076999999999985,-0.009684328082529288,0.046150000000000004,1340.8
16550.399185180664,-0.007343500000000003,-0.008775459555912496,0.046150000000000004,1340.8
16550.4991543293,-0.008553400000000003,-0.007613053478207579,0.046150000000000004,1340.8
16550.599175930023,-0.0095914,-0.006295274208746426,0.046150000000000004,1340.8
16550.699179649353,-0.009812000000000001,-0.0059828380420592145,0.046150000000000004,1340.8
16550.79916024208,-0.009812000000000001,-0.0059828380420592145,0.046150000000000004,0.0
16550.89919424057,-0.01188439999999999,-0.002888508317046269,0.046150000000000004,0.0
16551.19915652275,-0.013593999999999995,-0.0003358536296255987,0.046150000000000004,0.0
16551.29916524887,-0.013495099999999982,-0.0014932380812272689,0.046150000000000004,1340.8
16551.3995449543,-0.013495099999999982,-0.0014932380812272689,0.046150000000000004,1340.8
16551.499151468277,-0.013214000000000004,-0.003026643914600592,0.046150000000000004,1340.8
16551.599138736725,-0.012762200000000001,-0.004523058230539771,0.046150000000000004,1340.8
16551.699161052704,-0.012086899999999998,-0.0060551117527934545,0.046150000000000004,1340.8
16551.7991874218,-0.011226299999999995,-0.007495905509076389,0.046150000000000004,1340.8
16551.899187088013,-0.010198000000000013,-0.008822394065356086,0.046150000000000004,1340.8
16551.999183177948,-0.009015300000000004,-0.010013827005066846,0.046150000000000004,1340.8
16552.099183797836,-0.007786299999999996,-0.010972884860464278,0.046150000000000004,1340.8
16552.19916701317,-0.006355400000000011,-0.011849744358849772,0.046150000000000004,1340.8
16552.299148082733,-0.004825899999999994,-0.012542064406375529,0.046150000000000004,1340.8
16552.399177789688,-0.003338500000000008,-0.013007345231140423,0.046150000000000004,1340.8
16552.499192237854,-0.001809100000000008,-0.01330964033086094,0.046150000000000004,1340.8
16552.59930920601,-0.001809100000000008,-0.01330964033086094,0.046150000000000004,1340.8
16552.699162960052,-0.00013420000000000099,-0.013422925800925398,0.046150000000000004,1340.8
16552.79914355278,0.0015415999999999902,-0.013337158389127093,0.046150000000000004,1340.8
16552.899111270905,0.0031959000000000015,-0.013050494265108618,0.046150000000000004,1340.8
16552.999190092087,0.004797999999999997,-0.01254943972780588,0.046150000000000004,1340.8
16553.09917807579,0.006223999999999993,-0.011920174239226415,0.046150000000000004,1340.8
16553.1991686821,0.007666300000000001,-0.01106081033806932,0.046150000000000004,1340.8
16553.29907131195,0.008988200000000002,-0.010026615211641082,0.046150000000000004,1340.8
16553.399136066437,0.010101600000000002,-0.008935658744251743,0.046150000000000004,1340.8
16553.49913930893,0.011142800000000008,-0.007618682784040549,0.046150000000000004,1340.8
16553.599144220352,0.0120165,-0.006185676399397225,0.046150000000000004,1340.8
16553.699179172516,0.012673300000000012,-0.004771870045242162,0.046150000000000004,1340.8
16553.79917359352,0.012673300000000012,-0.004771870045242162,0.046150000000000004,1340.8
16553.89917254448,0.013176900000000005,-0.0031702694208903467,0.046150000000000004,1340.8
16553.999158859253,0.013476800000000011,-0.0015217550782636452,0.046150000000000004,1340.8
16554.099191188812,0.013598200000000005,3.3441692782860966e-05,0.046150000000000004,1340.8
16554.199147939682,0.013506599999999994,0.0017094533025070122,0.046150000000000004,1340.8
16554.299145698547,0.013216599999999995,0.003362381591507334,0.046150000000000004,1340.8
16554.39915728569,0.012764000000000011,0.0048540701710607405,0.046150000000000004,1340.8
16554.499170780182,0.012088500000000002,0.006390241749970556,0.046150000000000004,1340.8
16554.599175453186,0.011303599999999997,0.007737187278535212,0.046150000000000004,1340.8
16554.699182987213,0.010279800000000006,0.009067656939810466,0.046150000000000004,1340.8
16554.799174547195,0.009105199999999994,0.010266150965502364,0.046150000000000004,1340.8
16554.89919400215,0.009105199999999994,0.010266150965502364,0.046150000000000004,1340.8
16554.99918270111,0.007796399999999995,0.011317723083230046,0.046150000000000004,1340.8
16555.09919166565,0.006465100000000001,0.012129055721413366,0.046150000000000004,1340.8
16555.199142932892,0.004944000000000004,0.012838242895269084,0.046150000000000004,1340.8
16555.299154520035,0.0033462000000000075,0.013353203183845135,0.046150000000000004,1340.8
16555.399176120758,0.0018148000000000192,0.013643652783338983,0.046150000000000004,1340.8
16555.49914956093,0.00014129999999999698,0.013770529769227581,0.046150000000000004,1340.8
16555.59915804863,-0.0014157000000000197,0.013691900467001882,0.046150000000000004,1340.8
16555.699167251587,-0.0030709000000000153,0.013415573039470455,0.046150000000000004,1340.8
16555.799169063568,-0.004681999999999978,0.012943328943484537,0.046150000000000004,1340.8
16555.89917588234,-0.006215999999999985,0.012260933542236434,0.046150000000000004,1340.8
16555.99918937683,-0.007560600000000001,0.01147301925139491,0.046150000000000004,1340.8
16556.09917330742,-0.007560600000000001,0.01147301925139491,0.046150000000000004,1340.8
16556.199146270752,-0.008897500000000003,0.01045741647572538,0.046150000000000004,1340.8
16556.299175024033,-0.010093499999999991,0.009279791472527776,0.046150000000000004,1340.8
16556.399160385132,-0.011139799999999991,0.007967522902970654,0.046150000000000004,1340.8
16556.499167203903,-0.011958600000000014,0.00664091574076215,0.046150000000000004,1340.8
16556.599175453186,-0.012620300000000001,0.005229679502623215,0.046150000000000004,1340.8
16556.699189424515,-0.013153100000000001,0.0036375914743397644,0.046150000000000004,1340.8
16556.799149274826,-0.013472399999999995,0.001989391367162238,0.046150000000000004,1340.8
16556.899156332016,-0.013593999999999995,0.00043572419102413246,0.046150000000000004,1340.8
16556.99915456772,-0.013593999999999995,-0.0003358536296255987,0.046150000000000004,1340.8
16557.09915614128,-0.013593999999999995,-0.0003358536296255987,0.046150000000000004,1340.8
16557.199176311493,-0.011638700000000002,0.0007977212155937177,0.046150000000000004,0.0
16557.2991874218,-0.011638700000000002,0.0007977212155937177,0.046150000000000004,0.0
16557.6990544796,0.006871999999999989,0.011529229145049051,0.046150000000000004,0.0
16557.799126148224,0.006871999999999989,0.011529229145049051,0.046150000000000004,1340.8
16557.899164438248,0.0074375,0.011158739254350115,0.046150000000000004,1340.8
16557.999177455902,0.008763000000000007,0.010129859198305571,0.046150000000000004,1340.8
16558.09913301468,0.00995059999999999,0.008944858873677644,0.046150000000000004,1340.8
16558.19917368889,0.010980500000000004,0.00762001851823528,0.046150000000000004,1340.8
16558.299073696136,0.011837399999999984,0.006176891857793954,0.046150000000000004,1340.8
16558.40006518364,0.012462600000000004,0.00474886551691648,0.046150000000000004,1340.8
16558.49916124344,0.012462600000000004,0.00474886551691648,0.046150000000000004,1340.8
16558.59917330742,0.0129465,0.0031410279070020995,0.046150000000000004,1340.8
16558.699188947678,0.013202699999999998,0.001602719053454292,0.046150000000000004,1340.8
16558.799169301987,0.013273099999999996,-7.443089213766962e-05,0.046150000000000004,1340.8
16558.8991587162,0.013129199999999994,-0.0017464613968661974,0.046150000000000004,1340.8
16558.999137878418,0.012779399999999996,-0.003387327764950765,0.046150000000000004,1340.8
16559.09916639328,0.012274300000000002,-0.004861031673475159,0.046150000000000004,1340.8
16559.199161052704,0.011541099999999985,-0.006370097244328021,0.046150000000000004,1340.8
16559.29917383194,0.010626499999999997,-0.007776940327262012,0.046150000000000004,1340.8
16559.399144411087,0.009622599999999981,-0.008969099552631338,0.046150000000000004,1340.8
16559.499178647995,0.00839630000000001,-0.010115539628016305,0.046150000000000004,1340.8
16559.599186897278,0.00839630000000001,-0.010115539628016305,0.046150000000000004,1340.8
16559.699159145355,0.0070302,-0.011091681030432746,0.046150000000000004,1340.8
16559.799162387848,0.005663400000000013,-0.011842075593139004,0.046150000000000004,1340.8
16559.899185180664,0.004518700000000014,-0.012314278106787417,0.046150000000000004,1340.8
16559.999171972275,0.003357800000000008,-0.012664841681339647,0.046150000000000004,1340.8
16560.099164247513,0.0017126000000000086,-0.012992831800137467,0.046150000000000004,1340.8
16560.199648857117,3.750000000000975e-05,-0.013109372089539065,0.046150000000000004,1340.8
16560.299172639847,-0.001638400000000012,-0.013006835366170977,0.046150000000000004,1340.8
16560.408529043198,-0.003171199999999999,-0.012720366871672703,0.046150000000000004,1340.8
16560.699141979218,-0.006293799999999988,-0.0115068495500084,0.046150000000000004,1340.8
16560.799049139023,-0.007717000000000002,-0.01061812376022745,0.046150000000000004,1340.8
16560.899136066437,-0.008839299999999994,-0.009718865644439183,0.046150000000000004,1340.8
16560.999171733856,-0.010017599999999974,-0.008524981194641186,0.046150000000000004,1340.8
16561.099172592163,-0.011038699999999999,-0.007193708224116059,0.046150000000000004,1340.8
16561.1991584301,-0.011886099999999997,-0.005745029281433188,0.046150000000000004,1340.8
16561.29917359352,-0.012496499999999994,-0.004310493301881511,0.046150000000000004,1340.8
16561.3991625309,-0.012967299999999987,-0.0026987724017316084,0.046150000000000004,1340.8
16561.499247789383,-0.0132192,-0.0010388038179188763,0.046150000000000004,1340.8
16561.599157571793,-0.013260300000000003,0.0006391702280917413,0.046150000000000004,1340.8
16561.699172735214,-0.013113099999999989,0.0021904629177340526,0.046150000000000004,1340.8
16561.79918885231,-0.0127506,0.0038286613550424543,0.046150000000000004,1340.8
16561.89908337593,-0.0127506,0.0038286613550424543,0.046150000000000004,1340.8
16561.999123096466,-0.012187599999999979,0.0054091973273796695,0.046150000000000004,1340.8
16562.099165916443,-0.011490399999999998,0.006802253264969242,0.046150000000000004,1340.8
16562.199170589447,-0.010565199999999997,0.008201839632401724,0.046150000000000004,1340.8
16562.299171209335,-0.009553199999999984,0.009387035586550001,0.046150000000000004,1340.8
16562.39908504486,-0.008316199999999982,0.010522021420748803,0.046150000000000004,1340.8
16562.499185562134,-0.0069438,0.011489376512755459,0.046150000000000004,1340.8
16562.599137067795,-0.005567799999999998,0.01222290394913169,0.046150000000000004,1340.8
16562.69907808304,-0.0040000000000000036,0.012822591128398321,0.046150000000000004,1340.8
16562.799137353897,-0.0023707999999999924,0.013224286738078725,0.046150000000000004,1340.8
16562.899180173874,-0.000704299999999991,0.013418632229287259,0.046150000000000004,1340.8
16562.999162197113,0.0008535000000000209,0.013409413077499276,0.046150000000000004,1340.8
16563.099144935608,0.0008535000000000209,0.013409413077499276,0.046150000000000004,1340.8
16563.199187755585,0.0025181999999999982,0.01319882893085915,0.046150000000000004,1340.8
16563.299137353897,0.004141199999999998,0.012781090295267385,0.046150000000000004,1340.8
16563.399176836014,0.004867200000000002,0.012512215212757666,0.046150000000000004,1340.8
16563.499099493027,0.006380599999999986,0.011800674343574825,0.046150000000000004,1340.8
16563.599150896072,0.006871999999999989,0.011529229145049051,0.046150000000000004,1340.8
16563.699186086655,0.006871999999999989,0.011529229145049051,0.046150000000000004,0.0
16563.799176216125,0.006871999999999975,0.011529698954003808,0.046150000000000004,0.0
16568.990259806193,-0.017050999999999997,0.016507999999999988,0.046150000000000004,0.0
