2782.7889736646084,-0.0108609999999999,0.0059215032352365,0.02911,0.0
2782.8794868939785,-0.010861,0.0059201917285845,0.02911,0.0
2782.9800542348294,-0.010861,0.0059183552049763,0.02911,0.0
2783.080633496609,-0.0108609999999999,0.0059166942779368,0.02911,0.0
2783.1811800950436,-0.0108609999999999,0.0059146216344583,0.02911,0.0
2783.282561635342,-0.0108609999999999,0.0059130217528311,0.02911,0.0
2783.38313279089,-0.010861,0.0059112650568627,0.02911,0.0
2783.4837835782437,-0.0108609999999999,0.00590888424304,0.02911,0.0
2783.5843578332333,-0.0108609999999999,0.0059068556227465,0.02911,0.0
2783.6849413865475,-0.0108609999999999,0.0059053686517664,0.02911,0.0
2783.78552017149,-0.0108609999999999,0.0059036129346974,0.02911,0.0
2783.8860968106655,-0.0108609999999999,0.0059016958166532,0.02911,0.0
2783.986133670178,-0.0108609999999999,0.0058999305748482,0.02911,0.0
2784.086703156796,-0.0108609999999999,0.0058982444375858,0.02911,0.0
2784.1872666829495,-0.0108609999999999,0.0058963950401102,0.02911,0.0
2784.2878333085446,-0.0108609999999999,0.0058942262505105,0.02911,0.0
2784.379742717114,-0.0108609999999999,0.0058927295171433,0.02911,0.0
2784.480320786801,-0.0108609999999999,0.0058914015355829,0.02911,0.0
2784.580833529797,-0.0108609999999999,0.0058888880808859,0.02911,0.0
2784.681391095486,-0.0108609999999999,0.0058874367889852,0.02911,0.0
2784.781949853268,-0.0108609999999999,0.0058867748897267,0.02911,0.0
2784.8825167172818,-0.0108609999999999,0.0058866316988672,0.02911,0.0
2784.9830831044583,-0.0108946510899218,0.0056883202046438,0.02911,0.0
2785.083666896191,-0.0111325178327373,0.0042864223831878,0.02911,0.0
2785.184217309323,-0.0114971433825083,0.0021372468144267,0.02911,0.0
2785.284781550732,-0.0118555487547733,2.4485809777114592e-05,0.02911,0.0
2785.3853605740933,-0.0122239163386767,-0.0021469773036242,0.02911,0.0
2785.4859162324337,-0.0125829319152972,-0.0042633448365206,0.02911,0.0
2785.5864881032376,-0.0129413678672531,-0.0063762487956414,0.02911,0.0
2785.6870559209256,-0.0133217838634199,-0.0086187356277998,0.02911,0.0
2785.7876242154507,-0.013667881443607,-0.010658404602721,0.02911,0.0
2785.881004189816,-0.0140026396141254,-0.0126317053587197,0.02911,0.0
2785.9815767758755,-0.0143584150480121,-0.0147289270773236,0.02911,0.0
2786.0821467393307,-0.0144959080599309,-0.0155396826529778,0.02911,0.0
2786.182713126507,-0.0145109999999999,-0.0156287918542413,0.02911,0.0
2786.283266877499,-0.0144937625402929,-0.0160582909465078,0.02911,900.0
2786.38383922514,-0.0143902911605513,-0.0172949054191507,0.02911,900.0
2786.484411095944,-0.0141312665498911,-0.018810602221443,0.02911,900.0
2786.585001563397,-0.0137447988175954,-0.0202134580932221,0.02911,900.0
2786.68554840025,-0.0132040735319274,-0.0216134890226499,0.02911,900.0
2786.786115025845,-0.0125117364671511,-0.0229484945835702,0.02911,900.0
2786.8867312425045,-0.0116805613035499,-0.0242117627322611,0.02911,900.0
2786.987298344937,-0.0107133349811945,-0.0253841391285455,0.02911,900.0
2787.087873315182,-0.0096358782441465,-0.026440496805013,0.02911,900.0
2787.188449715939,-0.0084831195915994,-0.0273760571506104,0.02911,900.0
2787.2818726056485,-0.0072749139747913,-0.028142979973004,0.02911,900.0
2787.3823758119015,-0.0059281920279395,-0.0288391431590772,0.02911,900.0
2787.4829395764737,-0.004573975492093,-0.0293760172545735,0.02911,900.0
2787.583497619,-0.0031179636987385,-0.0297701793587456,0.02911,900.0
2787.684052323666,-0.0016283972561136,-0.0300265198433882,0.02911,900.0
2787.784617280331,-9.562925148137724e-05,-0.0301216997839606,0.02911,900.0
2787.8851848596005,0.0014064045913614,-0.0300621175155093,0.02911,900.0
2787.9857548230557,0.0028851053403102,-0.0298349453019474,0.02911,900.0
2788.0863073819546,0.0043321691655082,-0.0294558594035998,0.02911,900.0
2788.186862563458,0.005735027787934,-0.0289357208581381,0.02911,900.0
2788.2873710149197,0.0071031878262015,-0.0282505525141448,0.02911,900.0
2788.3878968709378,0.0083721642803637,-0.0274382600245605,0.02911,900.0
2788.4884773248104,0.009341966475781,-0.0267066405134766,0.02911,900.0
2788.579004382458,0.0101087185333406,-0.0260019753439653,0.02911,900.0
2788.6795681470303,0.0109683295611723,-0.0251087693678736,0.02911,900.0
2788.780135011044,0.0116298332492224,-0.0242710424947654,0.02911,900.0
2788.880663728085,0.0124519661925044,-0.0230424994671264,0.02911,900.0
2788.9909652226834,0.0132457687210673,-0.0215091859844237,0.02911,900.0
2789.081431722012,0.0137467227483391,-0.0202398956612264,0.02911,900.0
2789.1829100602536,0.0141446181026332,-0.0187801645220753,0.02911,900.0
2789.2834647649197,0.0143868686806611,-0.0173481553402623,0.02911,900.0
2789.384040212002,0.0144838658636286,-0.0158047519283957,0.02911,900.0
2789.48460469183,0.0144188341219852,-0.0143143947048048,0.02911,900.0
2789.5851608270077,0.014213123123389,-0.0128383888571347,0.02911,900.0
2789.6857553475766,0.0138453216009931,-0.0113873513679943,0.02911,900.0
2789.7863148206143,0.0133215489604986,-0.0099559309001736,0.02911,900.0
2789.8868535512356,0.0126404826250022,-0.0085656276719902,0.02911,900.0
2789.9873987191586,0.0118532290445553,-0.007294856282045,0.02911,900.0
2790.088460778561,0.0110420604772616,-0.0062381655685512,0.02911,900.0
2790.178943013516,0.0104940301359431,-0.005624805488952,0.02911,900.0
2790.2794912808804,0.00947814923049,-0.0046617877768303,0.02911,900.0
2790.380068396893,0.0086427553934164,-0.0039919448896886,0.02911,900.0
2790.484833096829,0.0073753495466392,-0.0031572897627449,0.02911,900.0
2790.5854085439114,0.0060275553836682,-0.002461400764624,0.02911,900.0
2790.6859608643917,0.0046567417065414,-0.0019118824864784,0.02911,900.0
2790.786520099011,0.0032213415273978,-0.0015114543535764,0.02911,900.0
2790.8870795720486,0.0017157739389451,-0.0012527751969964,0.02911,900.0
2790.987610434857,0.000210778712976,-0.0011459471339813,0.02911,900.0
2791.0881892197995,-0.0012702334740175,-0.001202053576877,0.02911,900.0
2791.1887649053006,-0.0027815730797446,-0.0014135845785618,0.02911,900.0
2791.2792652600674,-0.0041241011733466,-0.0017226650132346,0.02911,900.0
2791.3798290246395,-0.0054803448430489,-0.0022059614648993,0.02911,900.0
2791.4804171079068,-0.006894398718411,-0.0028825526872795,0.02911,900.0
2791.580985402432,-0.0081752398922778,-0.0036648162292786,0.02911,900.0
2791.68156156477,-0.0093276878801529,-0.0045476197597649,0.02911,900.0
2791.7821343892483,-0.0104611806047485,-0.0056093330446447,0.02911,900.0
2791.8827117436795,-0.0114550286280362,-0.0067709043888638,0.02911,900.0
2791.986199235287,-0.0123306252490654,-0.0080416952576548,0.02911,900.0
2792.086722468701,-0.0130546018993408,-0.0093642511346414,0.02911,900.0
2792.187265729275,-0.013628650454962,-0.0107224656210091,0.02911,900.0
2792.2878271096615,-0.0140461912340468,-0.0121123550428528,0.02911,900.0
2792.388389443722,-0.0143583576286432,-0.0136357567861438,0.02911,900.0
2792.478900527325,-0.0144840995766575,-0.014959780800166,0.02911,900.0
2792.579479789105,-0.0145091400396182,-0.0155825348106362,0.02911,900.0
2792.68004140791,-0.0145109999999999,-0.0156287918542413,0.02911,900.0
2792.7806104176907,-0.0141583055720272,-0.0150565231342185,0.02911,900.0
2792.881167268124,-0.0117797552505657,-0.0111973451356837,0.02911,900.0
2792.9817257874874,-0.0108656907894643,-0.009714358255691,0.02911,900.0
2793.0822907441525,-0.0108609999999999,-0.0097067931884957,0.02911,900.0
2793.182881450024,-0.0106961467847519,-0.0094315042022199,0.02911,900.0
2793.283468579617,-0.0101087211777616,-0.0085631082208956,0.02911,900.0
2793.3840361588864,-0.0091573066198525,-0.0073482193948841,0.02911,900.0
2793.4848989003567,-0.0081046661337234,-0.0063205151743684,0.02911,900.0
2793.5854152196316,-0.0069344791443791,-0.0054013928206496,0.02911,900.0
2793.6980336659817,-0.0054409015001228,-0.0045413949415638,0.02911,900.0
2793.788510417309,-0.0041788577386155,-0.0039981525993282,0.02911,900.0
2793.879026746121,-0.0029299417803036,-0.0036340106608952,0.02911,900.0
2793.9796062463192,-0.0014401383022353,-0.003363194643399,0.02911,900.0
2794.080174302426,9.76126115522502e-05,-0.0032908921665494,0.02911,900.0
2794.1807178014187,0.001588580571418,-0.0033938474254699,0.02911,900.0
2794.2812856191067,0.0030402263454231,-0.0036659156553651,0.02911,900.0
2794.3818462842373,0.0044833568523648,-0.0041366148366187,0.02911,900.0
2794.4823544972805,0.0058831131343954,-0.004782928838196,0.02911,900.0
2794.583328818646,0.0071560570013635,-0.0055623730930807,0.02911,900.0
2794.6838844769863,0.0082768801157025,-0.0064675496013735,0.02911,900.0
2794.779691552487,0.0093242447584606,-0.0075245474744781,0.02911,900.0
2794.880265569058,0.0102148915299311,-0.0086625530906367,0.02911,900.0
2794.980829810467,0.0109855675957812,-0.0099745562522356,0.02911,900.0
2795.0813973897366,0.0115790663298869,-0.0113506983633223,0.02911,900.0
2795.1819611543087,0.0120219129318799,-0.0127925214248611,0.02911,900.0
2795.2825244420437,0.0122691986630729,-0.0143021583942447,0.02911,900.0
2795.383088206616,0.0123303689822469,-0.0158362500425234,0.02911,900.0
2795.4836512559323,0.012225290983748,-0.0173331266862852,0.02911,900.0
2795.584217643109,0.0119254971069553,-0.0187866561267857,0.02911,900.0
2795.6847992890744,0.0114600435664186,-0.020221537253903,0.02911,900.0
2795.785327529278,0.0108191419144826,-0.0215718406779993,0.02911,900.0
2795.8858562463192,0.0100243808148112,-0.0228461810693243,0.02911,900.0
2795.986413335171,0.0090281767439726,-0.0240593555896595,0.02911,900.0
2796.086967086163,0.0080035029431822,-0.0250547835922655,0.02911,900.0
2796.1874905579953,0.0067449123172842,-0.0259852270927742,0.02911,900.0
2796.280652140942,0.0055361417068214,-0.0266591803235067,0.02911,900.0
2796.3812099450497,0.0041494964744407,-0.0272529774262602,0.02911,900.0
2796.481771325436,0.0027259783617982,-0.027667129039358,0.02911,900.0
2796.5823298447995,0.001237646105485,-0.0279005887484465,0.02911,900.0
2796.682897900906,-0.0002681318685874,-0.0279672018898748,0.02911,900.0
2796.78347310957,-0.0017501969978306,-0.0278449698511129,0.02911,900.0
2796.8840538018612,-0.0032342934512624,-0.0275369455511713,0.02911,900.0
2796.984628056851,-0.0046728262388026,-0.0270593018366906,0.02911,900.0
2797.0852159016995,-0.0060047615194135,-0.0264283178836557,0.02911,900.0
2797.1857853883175,-0.007276106247159,-0.0256169218623593,0.02911,900.0
2797.286353444424,-0.0084726808893809,-0.024626683203624,0.02911,900.0
2797.386892413464,-0.0094717508342691,-0.0235732773118024,0.02911,900.0
2797.4874616616635,-0.0103540686636394,-0.0223515286158895,0.02911,900.0
2797.5880368703274,-0.0111133914283251,-0.0209974124403412,0.02911,900.0
2797.6886187547116,-0.0116835842833859,-0.0195992720908462,0.02911,900.0
2797.782123183575,-0.0120501269057834,-0.0182835607287664,0.02911,900.0
2797.882694339123,-0.0122790359124431,-0.0168326559921575,0.02911,900.0
2797.9832519048123,-0.0123358783993596,-0.0153342176462966,0.02911,900.0
2798.08385167059,-0.0122101189405537,-0.0138150050363921,0.02911,900.0
2798.184413289395,-0.0118970952096109,-0.012327819352471,0.02911,900.0
2798.286477422085,-0.0114287819566126,-0.0109331625246649,0.02911,900.0
2798.3870461934475,-0.0108820007652168,-0.0097449744222648,0.02911,900.0
2798.4876214021115,-0.0108620035510728,-0.0097086177323976,0.02911,900.0
2798.5881789678006,-0.010861,-0.0097067931884957,0.02911,900.0
2798.6887637132077,-0.0108609999999999,-0.0097059247475158,0.02911,0.0
2798.779265498486,-0.0108609999999999,-0.0097044171816087,0.02911,0.0
2798.8798352235226,-0.0108609999999999,-0.0097031219579659,0.02911,0.0
2798.9818628781704,-0.010861,-0.0097023179042758,0.02911,0.0
2799.082398032513,-0.0108609999999999,-0.0097011879989134,0.02911,0.0
2799.182962989178,-0.010861,-0.0096998351738587,0.02911,0.0
2799.2835045808224,-0.0108609999999999,-0.0096988295013657,0.02911,0.0
2799.384093617764,-0.0108609999999999,-0.0096976304461766,0.02911,0.0
2799.484534596768,-0.0108609999999999,-0.0096962742891653,0.02911,0.0
2799.582622861233,-0.0108609999999999,-0.0096953094536732,0.02911,0.0
2799.6846543305783,-0.0108609999999999,-0.0096940512417753,0.02911,0.0
2799.78520641264,-0.0108609999999999,-0.0096929681627819,0.02911,0.0
2799.885726069775,-0.010861,-0.0096918363693748,0.02911,0.0
2799.9863084309964,-0.0108609999999999,-0.0096904871000357,0.02911,0.0
2800.0868745797543,-0.0108609999999999,-0.0096890518311849,0.02911,0.0
2800.187433575955,-0.0108609999999999,-0.0096875495658717,0.02911,0.0
2800.28800353941,-0.010861,-0.0096863404133191,0.02911,0.0
2800.388568019238,-0.010861,-0.0096854149010634,0.02911,0.0
2800.4790719502835,-0.0108609999999999,-0.0096844927998289,0.02911,0.0
2800.579600428906,-0.010861,-0.0096830077755906,0.02911,0.0
2800.6801708691983,-0.0108609999999999,-0.0096820413033549,0.02911,0.0
2800.7816668504147,-0.0108609999999999,-0.0096809126131553,0.02911,0.0
2800.882234429684,-0.0108609999999999,-0.0096797866760161,0.02911,0.0
2800.9828060620694,-0.010861,-0.0096784946141006,0.02911,0.0
2801.0871344560055,-0.0108609999999999,-0.0096767503749982,0.02911,0.0
2801.187703227368,-0.0108609999999999,-0.0096756275952007,0.02911,0.0
2801.2882581704525,-0.010861,-0.0096744745141763,0.02911,0.0
2801.38881430563,-0.0108609999999999,-0.0096731913841534,0.02911,0.0
2801.4793284886746,-0.010861,-0.0096721122179506,0.02911,0.0
2801.5798908227353,-0.0108609999999999,-0.0096713439716544,0.02911,0.0
