2847.8078061497527,-0.0097119999999999,0.0079566121593856,0.03053,0.0
2847.8982921994048,-0.0097119999999999,0.0078680156214484,0.03053,0.0
2847.9988573944884,-0.0097119999999999,0.0079435707406086,0.03053,0.0
2848.099432126315,-0.009712,0.0079637940407491,0.03053,0.0
2848.2000075733977,-0.0097119999999999,0.0079616947859718,0.03053,0.0
2848.3005753910857,-0.0097119999999999,0.0079600046833082,0.03053,0.0
2848.401140109332,-0.0097119999999999,0.0079581911097078,0.03053,0.0
2848.5017274773436,-0.0097119999999999,0.0079560454840362,0.03053,0.0
2848.6022862351256,-0.0097119999999999,0.0079538579886628,0.03053,0.0
2848.7028552449065,-0.009712,0.0079518632151882,0.03053,0.0
2848.8034337914305,-0.0097119999999999,0.0079505341487997,0.03053,0.0
2848.9040163910704,-0.009712,0.0079489210742182,0.03053,0.0
2849.004574910434,-0.0097119999999999,0.0079471102644036,0.03053,0.0
2849.1051603710966,-0.0097119999999999,0.007945717908298,0.03053,0.0
2849.2057556069212,-0.0097119999999999,0.007943642459368,0.03053,0.0
2849.3068946755247,-0.009712,0.0079418642865049,0.03053,0.0
2849.398257628711,-0.009712,0.0079397239816238,0.03053,0.0
2849.498833791049,-0.0097119999999999,0.0079381860577462,0.03053,0.0
2849.5994059002714,-0.0097119999999999,0.0079365278680549,0.03053,0.0
2849.699974433215,-0.0097119999999999,0.0079344050937214,0.03053,0.0
2849.8005517876463,-0.009712,0.0079331543461428,0.03053,0.0
2849.9010862267332,-0.0097119999999999,0.0079326039637536,0.03053,0.0
2850.0016540444212,-0.0097101495025353,0.0079294277855019,0.03053,0.0
2850.102223769458,-0.0096624143117128,0.007847705608025,0.03053,0.0
2850.2027441418486,-0.0091215939966848,0.0069228909223696,0.03053,0.0
2850.303313390048,-0.0085337282370319,0.0059176372703498,0.03053,0.0
2850.40390910271,-0.007951829718767,0.0049225183549941,0.03053,0.0
2850.504464284213,-0.007364734489077,0.0039185829800912,0.03053,0.0
2850.605035439761,-0.0067655104189713,0.0028940225206728,0.03053,0.0
2850.705650464328,-0.0061793026208622,0.0018916162386287,0.03053,0.0
2850.8062342560606,-0.005601262975083,0.0009031401799492,0.03053,0.0
2850.9068123257475,-0.0050164261814408,-9.692606031767512e-05,0.03053,0.0
2851.0073961174803,-0.0044375629435387,-0.0010867645179626,0.03053,0.0
2851.0979057705717,-0.0040213797323762,-0.0017983829650441,0.03053,0.0
2851.1984895623045,-0.0039789999999999,-0.0018707978934469,0.03053,0.0
2851.30159987572,-0.0039828063377473,-0.00187207122242,0.03053,0.0
2851.402163878711,-0.0042557573970511,-0.0019633811678627,0.03053,0.0
2851.5027312195616,-0.0056490131333655,-0.0024894608577488,0.03053,900.0
2851.6032990372496,-0.0070027410306529,-0.0031640799305035,0.03053,900.0
2851.703878060611,-0.0082294259006333,-0.0039420234788797,0.03053,900.0
2851.804467812808,-0.0093988207302579,-0.0048612163579961,0.03053,900.0
2851.9050601876097,-0.0104949009581865,-0.005929940602456,0.03053,900.0
2852.0056377804594,-0.011474014805775,-0.00711336994566,0.03053,900.0
2852.1061934388,-0.0123180139860096,-0.0083750618573101,0.03053,900.0
2852.2067274010496,-0.0129987064920454,-0.0096850357403826,0.03053,900.0
2852.307291642459,-0.0135345678280114,-0.0110380122460386,0.03053,900.0
2852.407844201358,-0.0139695104357443,-0.0125401145878078,0.03053,900.0
2852.4983617222624,-0.0141966252601195,-0.0138566884004005,0.03053,900.0
2852.5989312088805,-0.0143047564552075,-0.0153152418139408,0.03053,900.0
2852.6995092785673,-0.0142376917981077,-0.0168807548540178,0.03053,900.0
2852.79986824158,-0.0140311283507462,-0.0183647994495252,0.03053,900.0
2852.901600018771,-0.013661130234487,-0.0198229346115247,0.03053,900.0
2853.0023154175597,-0.0131341926692097,-0.0212533615307296,0.03053,900.0
2853.102893725665,-0.0124650549320503,-0.0226260257780283,0.03053,900.0
2853.20345367554,-0.0116627051083093,-0.0238898785363566,0.03053,900.0
2853.303973809512,-0.0107511443984054,-0.0250472592696335,0.03053,900.0
2853.4044639027434,-0.0097195292586401,-0.0261123262104134,0.03053,900.0
2853.5050445950346,-0.0085276236079989,-0.0271049968222501,0.03053,900.0
2853.605621949466,-0.0073020181020683,-0.027933379840864,0.03053,900.0
2853.7061768925505,-0.0059625108469052,-0.0286415890855431,0.03053,900.0
2853.8067537701445,-0.0045233041208972,-0.0292007757296102,0.03053,900.0
2853.9073194420653,-0.0030749426173826,-0.0296010062171268,0.03053,900.0
2854.0078960812407,-0.0015905092383277,-0.0298342501853516,0.03053,900.0
2854.0984050190764,-0.0002316046626831,-0.0299178405835752,0.03053,900.0
2854.1989778435545,0.0012297601134046,-0.0298749403044481,0.03053,900.0
2854.2990890896635,0.0027119647442171,-0.0296557754889355,0.03053,900.0
2854.3996642983275,0.0042232673461614,-0.0292865092175056,0.03053,900.0
2854.5005403912382,0.005597882909779,-0.0287853959123508,0.03053,900.0
2854.601104394229,0.0069158356256217,-0.0281381297564622,0.03053,900.0
2854.701671019824,0.0082613169947301,-0.0273165215771852,0.03053,900.0
2854.80509842995,0.0094287480804944,-0.0263889307339842,0.03053,900.0
2854.9056302464323,0.0104978296961387,-0.0253572660261625,0.03053,900.0
2855.0061911499815,0.0114810292011686,-0.0241514168780553,0.03053,900.0
2855.1067811405974,0.0123081795867405,-0.022904451206617,0.03053,900.0
2855.2073472893553,0.0130184393858171,-0.0215377725680419,0.03053,900.0
2855.307909623416,0.0135530561833538,-0.0201706453598626,0.03053,900.0
2855.3984497940855,0.0139110653667005,-0.0188938877283736,0.03053,900.0
2855.4990254795866,0.0141819097792987,-0.0173950090756625,0.03053,900.0
2855.5996002114134,0.0142893853207922,-0.0158512586921142,0.03053,900.0
2855.7001599228697,0.0142411732426176,-0.0143361028764601,0.03053,900.0
2855.800689116748,0.0140320469738836,-0.0128717814311684,0.03053,900.0
2855.901259795459,0.0136839922022608,-0.0114489809110117,0.03053,900.0
2856.0018237984495,0.0131875474949361,-0.010048940171597,0.03053,900.0
2856.1023677742796,0.012495320060482,-0.0086675304772819,0.03053,900.0
2856.206203118594,0.0116650004792394,-0.0073522806669696,0.03053,900.0
2856.3067838108855,0.0106917659994813,-0.0061400487829127,0.03053,900.0
2856.407369509967,0.0096340922936492,-0.0050688385900031,0.03053,900.0
2856.507948533328,0.0085155180781936,-0.0041140903341706,0.03053,900.0
2856.5984693920927,0.0074085253737603,-0.0033699210046303,0.03053,900.0
2856.6990622437315,0.0060363000058372,-0.0026802496075167,0.03053,900.0
2856.799635545047,0.0046118845648463,-0.0020927286062623,0.03053,900.0
2856.9001954949217,0.0031925581287761,-0.0016923829056881,0.03053,900.0
2857.000759736331,0.001736228823866,-0.0014340081794461,0.03053,900.0
2857.101328030856,0.00018009315851,-0.0013191602536904,0.03053,900.0
2857.201899424823,-0.0012990085307861,-0.0013798274124015,0.03053,900.0
2857.3030923760252,-0.0028331804678206,-0.0016070808981587,0.03053,900.0
2857.4036611473875,-0.0037710583099722,-0.0018196593596995,0.03053,900.0
2857.5042382634,-0.0039789999999999,-0.0018707978934469,0.03053,900.0
2857.604826585086,-0.0040843419295804,-0.0019772166855748,0.03053,900.0
2857.6979819691496,-0.0065680260599553,-0.0044855732722309,0.03053,900.0
2857.7985028183775,-0.0093148199841125,-0.0072596619757041,0.03053,900.0
2857.899069682391,-0.0097119999999999,-0.0076608209236093,0.03053,900.0
2858.0000747597533,-0.0096887007678496,-0.0076350473207131,0.03053,900.0
2858.1006413853484,-0.0093827784154504,-0.00731305330405,0.03053,900.0
2858.20114816788,-0.0083371122026834,-0.0062657466568377,0.03053,900.0
2858.301700726779,-0.0071907573752992,-0.0053392240696792,0.03053,900.0
2858.40240062836,-0.0058810988910546,-0.0045445460947989,0.03053,900.0
2858.5029724991637,-0.0045710635435703,-0.0039549360572415,0.03053,900.0
2858.603533402713,-0.0031653991469673,-0.003501587422451,0.03053,900.0
2858.7040871537047,-0.0016212800033287,-0.0032075305059475,0.03053,900.0
2858.8047117150145,-0.0001114773687186,-0.0031007405084895,0.03053,900.0
2858.9054886257964,0.0013438211291325,-0.0031756184429007,0.03053,900.0
2859.006007329257,0.0028469711732333,-0.0034353496091327,0.03053,900.0
2859.1065675175505,0.004338827439563,-0.0038723978346362,0.03053,900.0
2859.207119838031,0.0056945311520107,-0.0044715754917027,0.03053,900.0
2859.3077925598936,0.0069785115583146,-0.0052118105459896,0.03053,900.0
2859.3991090214568,0.008045027380314,-0.0059895165953259,0.03053,900.0
2859.4996742165404,0.0091363089104909,-0.0070336838605485,0.03053,900.0
2859.6002046025114,0.0101469479028172,-0.0082588542374318,0.03053,900.0
2859.7007538235503,0.0109319385768502,-0.0094710050914214,0.03053,900.0
2859.8013261711912,0.011568243371976,-0.0108128250653954,0.03053,900.0
2859.9018966114836,0.012071530054626,-0.0122881886176881,0.03053,900.0
2860.0024651444273,0.0123856375819005,-0.0137506778672245,0.03053,900.0
2860.103027955325,0.0125233091360646,-0.0152148698878692,0.03053,900.0
2860.203598157199,0.0124735934258084,-0.016742997840551,0.03053,900.0
2860.304175034793,0.0122524550635075,-0.0182514616888411,0.03053,900.0
2860.4048463261443,0.011871116834793,-0.0196743123937077,0.03053,900.0
2860.505414859088,0.0112904699270826,-0.0210734175279543,0.03053,900.0
2860.60596861008,0.0105425035192485,-0.0224250373483165,0.03053,900.0
2860.7065149700957,0.009674630641757,-0.0236293725891957,0.03053,900.0
2860.807091609271,0.0086204807059471,-0.0247322797020668,0.03053,900.0
2860.900716916354,0.0075357605915029,-0.0256442705767324,0.03053,900.0
2861.0012964165526,0.0063140897291315,-0.0264547186773376,0.03053,900.0
2861.1018592274504,0.0049522813493908,-0.0271301595324813,0.03053,900.0
2861.2024024880247,0.0035574070477065,-0.0276449506330102,0.03053,900.0
2861.302982703479,0.0021473181465022,-0.0279702044146495,0.03053,900.0
2861.4035495674925,0.0006316905090871,-0.0281398678179451,0.03053,900.0
2861.5041121399718,-0.0009183601990251,-0.0281258300327902,0.03053,900.0
2861.6047004616576,-0.0023921134842155,-0.0279336818178633,0.03053,900.0
2861.7052620804625,-0.0039014845482497,-0.0275542690927869,0.03053,900.0
2861.805790559085,-0.0052772924681273,-0.0270138494388788,0.03053,900.0
2861.906362906726,-0.0066218714200388,-0.026288553540696,0.03053,900.0
2862.006936208041,-0.0078183692744783,-0.0254483671531998,0.03053,900.0
2862.1075164234953,-0.0089010881269354,-0.0244542439968752,0.03053,900.0
2862.1980127251463,-0.0098138208157853,-0.0234043853959817,0.03053,900.0
2862.298579112323,-0.0106831042312096,-0.0221911313994526,0.03053,900.0
2862.401753560336,-0.0113833287479415,-0.0208629408018109,0.03053,900.0
2862.5022844231444,-0.0119273336777177,-0.0194398382278155,0.03053,900.0
2862.602853671344,-0.0123188251658089,-0.0179606599286533,0.03053,900.0
2862.7034107601958,-0.0125044190786995,-0.0165038291112418,0.03053,900.0
2862.8039838230925,-0.012517562610965,-0.0149890057176453,0.03053,900.0
2862.9045409119444,-0.0123540203149161,-0.0134237715107881,0.03053,900.0
2863.0050977623778,-0.0120115214054419,-0.011954078537254,0.03053,900.0
2863.10566486481,-0.0114812055011741,-0.0105656383585286,0.03053,900.0
2863.206229344638,-0.0107843828328394,-0.0092370604330638,0.03053,900.0
2863.306804553302,-0.0099724747540336,-0.0080278647864133,0.03053,900.0
2863.407381430896,-0.0097280136466096,-0.0076823710971716,0.03053,900.0
2863.497904197009,-0.0097119999999999,-0.0076608209236093,0.03053,900.0
2863.598476067813,-0.0097119999999999,-0.007660390818368,0.03053,0.0
2863.699043408664,-0.0097119999999999,-0.007659217252269,0.03053,0.0
2863.7996815598326,-0.0097119999999999,-0.007657908861455,0.03053,0.0
2863.900235549243,-0.0097119999999999,-0.0076568229633904,0.03053,0.0
2864.000801221164,-0.0097119999999999,-0.0076561558408374,0.03053,0.0
2864.1036044514494,-0.0097119999999999,-0.0076546316554828,0.03053,0.0
2864.204171315463,-0.0097119999999999,-0.0076533357621774,0.03053,0.0
2864.3047503388243,-0.0097119999999999,-0.0076526009506466,0.03053,0.0
2864.4052983677702,-0.0097119999999999,-0.007650958602202,0.03053,0.0
2864.5058602249937,-0.009712,-0.0076498375406642,0.03053,0.0
2864.606406823428,-0.0097119999999999,-0.0076486217714751,0.03053,0.0
2864.706969157489,-0.0097119999999999,-0.0076473701779257,0.03053,0.0
2864.8075491345244,-0.0097119999999999,-0.0076463241033745,0.03053,0.0
2864.898085252078,-0.009712,-0.0076452882960576,0.03053,0.0
2864.998635426791,-0.009712,-0.0076439328127554,0.03053,0.0
2865.099202290805,-0.009712,-0.0076427517985347,0.03053,0.0
2865.20118512276,-0.0097119999999999,-0.0076412333660528,0.03053,0.0
2865.301755801471,-0.0097119999999999,-0.0076399660609958,0.03053,0.0
2865.402537003787,-0.0097119999999999,-0.0076393233441116,0.03053,0.0
2865.50317277077,-0.0097119999999999,-0.0076377341759779,0.03053,0.0
2865.6050838387328,-0.009712,-0.0076366138405717,0.03053,0.0
2865.705662385257,-0.0097119999999999,-0.0076355309834899,0.03053,0.0
2865.80621923569,-0.009712,-0.0076343162733431,0.03053,0.0
2865.906737223895,-0.009712,-0.0076331350710929,0.03053,0.0
2866.0072525894957,-0.0097119999999999,-0.0076316913538836,0.03053,0.0
2866.1078075325804,-0.0097119999999999,-0.0076303772914304,0.03053,0.0
2866.1983643925505,-0.0097119999999999,-0.0076295274902239,0.03053,0.0
2866.2989429390745,-0.0097119999999999,-0.0076281964566849,0.03053,0.0
2866.4008582985716,-0.0097119999999999,-0.0076268124196885,0.03053,0.0
2866.5014277851897,-0.0097119999999999,-0.0076260272023627,0.03053,0.0
2866.601997748645,-0.009712,-0.0076254424815876,0.03053,0.0
