2979.6385195018465,-0.0078309999999999,0.0091637656314558,0.033370000000000004,0.0
2979.7390691997225,-0.0078309999999999,0.0091624194728628,0.033370000000000004,0.0
2979.8396506072695,-0.007831,0.0091605341664434,0.033370000000000004,0.0
2979.9401941062624,-0.007831,0.0091595153631666,0.033370000000000004,0.0
2980.0407726527865,-0.0078309999999999,0.0091570568024972,0.033370000000000004,0.0
2980.1413540603335,-0.007831,0.0091555574720093,0.033370000000000004,0.0
2980.241929507416,-0.007831,0.0091535757923114,0.033370000000000004,0.0
2980.342479205292,-0.007831,0.009151764714036,0.033370000000000004,0.0
2980.443049168747,-0.007831,0.0091502422404565,0.033370000000000004,0.0
2980.5436253310854,-0.0078309999999999,0.0091480088804028,0.033370000000000004,0.0
2980.634130454224,-0.0078309999999999,0.0091460543624325,0.033370000000000004,0.0
2980.734696364563,-0.0078309999999999,0.0091446212621569,0.033370000000000004,0.0
2980.8354391814883,-0.0078309999999999,0.0091432875411623,0.033370000000000004,0.0
2980.9368071319277,-0.0078309999999999,0.0091411629494455,0.033370000000000004,0.0
2981.037374711197,-0.0078309999999999,0.0091397417001609,0.033370000000000004,0.0
2981.1379520656283,-0.007831,0.0091367970241095,0.033370000000000004,0.0
2981.2385439635927,-0.0078309999999999,0.0091351897129286,0.033370000000000004,0.0
2981.339120602768,-0.0078309999999999,0.0091343015235256,0.033370000000000004,0.0
2981.4396779300387,-0.007831,0.0091318541113219,0.033370000000000004,0.0
2981.5402531387026,-0.0078309999999999,0.009129883577884,0.033370000000000004,0.0
2981.6408250095064,-0.0078309999999999,0.0091288710054987,0.033370000000000004,0.0
2981.741392588776,-0.007831,0.009128587151732,0.033370000000000004,0.0
2981.8419747115786,-0.0078309999999999,0.0091285869470551,0.033370000000000004,0.0
2981.9425704242403,-0.0075754183975214,0.0084896743908876,0.033370000000000004,0.0
2982.0432877303774,-0.0065522016680788,0.0059319070686768,0.033370000000000004,0.0
2982.1338121654207,-0.0053458323835414,0.002916604977788,0.033370000000000004,0.0
2982.234472727936,-0.0038849907417262,-0.0007348191758027,0.033370000000000004,0.0
2982.3350786925967,-0.0025407705032575,-0.0040949179329059,0.033370000000000004,0.0
2982.4356715442354,-0.0012101117798583,-0.0074209132240317,0.033370000000000004,0.0
2982.5362035991366,0.0001947051872337,-0.0109322185146073,0.033370000000000004,0.0
2982.636770701569,0.001600236849794,-0.0144454982510014,0.033370000000000004,0.0
2982.737326598328,0.0030029172123198,-0.017951629120679,0.033370000000000004,0.0
2982.8379041911776,0.0043530985806255,-0.0213264399355315,0.033370000000000004,0.0
2982.939282870453,0.0057142938302983,-0.024728855841264,0.033370000000000004,0.0
2983.0398447276766,0.0068794732805101,-0.0276413162197789,0.033370000000000004,0.0
2983.140408969086,0.007245,-0.0285547655924709,0.033370000000000004,0.0
2983.240985131424,0.0072458064947226,-0.0285543266841248,0.033370000000000004,0.0
2983.341545558136,0.0072848805771257,-0.0285306152849203,0.033370000000000004,900.0
2983.4421064616854,0.0081617817155939,-0.0279913489495424,0.033370000000000004,900.0
2983.5426289798434,0.0089462047179791,-0.0274301883363448,0.033370000000000004,900.0
2983.64319870488,0.0097622524548787,-0.0267576507414234,0.033370000000000004,900.0
2983.733877873581,0.0106743874423927,-0.0258795476778747,0.033370000000000004,900.0
2983.834436154526,0.0116522391329221,-0.0247437660937034,0.033370000000000004,900.0
2983.9342207671816,0.0124906672475312,-0.0235554019023683,0.033370000000000004,900.0
2984.035034871262,0.0132305209522115,-0.0222483593788019,0.033370000000000004,900.0
2984.136278367203,0.0138515460045073,-0.0208353792021934,0.033370000000000004,900.0
2984.2368583442385,0.0143040689978011,-0.0194242417413399,0.033370000000000004,900.0
2984.337420201462,0.0146195853449917,-0.01794797755064,0.033370000000000004,900.0
2984.4379865886385,0.0147850601809901,-0.0164154287339684,0.033370000000000004,900.0
2984.5385436774905,0.0147939881691826,-0.0149315444649813,0.033370000000000004,900.0
2984.6391079188998,0.014654784139869,-0.0134540693232443,0.033370000000000004,900.0
2984.7398049594576,0.0143303855574978,-0.011940243466153,0.033370000000000004,900.0
2984.8403970958407,0.0138841006911952,-0.0105043533025653,0.033370000000000004,900.0
2984.9409665824587,0.0132953782986057,-0.0091355113770191,0.033370000000000004,900.0
2985.041529154938,0.0125672389804235,-0.0078199231881522,0.033370000000000004,900.0
2985.142096972626,0.0117095317017834,-0.0065904010175676,0.033370000000000004,900.0
2985.2426476241762,0.010742956647904,-0.0054528751518434,0.033370000000000004,900.0
2985.343196368378,0.0097782765492852,-0.0045146185049576,0.033370000000000004,900.0
2985.443749880951,0.008925512460765,-0.0038133184884127,0.033370000000000004,900.0
2985.534258818787,0.0081397871805959,-0.0032554728062494,0.033370000000000004,900.0
2985.635992264908,0.0070922567362701,-0.0026229020064233,0.033370000000000004,900.0
2985.736731267136,0.0057385311908397,-0.0019803890914499,0.033370000000000004,900.0
2985.8372986079867,0.004290519059933,-0.0014521635389845,0.033370000000000004,900.0
2985.9378835918124,0.0028989903742672,-0.0011121725251891,0.033370000000000004,900.0
2986.0384542705233,0.0013890342736437,-0.0009007266840131,0.033370000000000004,900.0
2986.1390175582583,-0.0001623138192112,-0.0008299207811206,0.033370000000000004,900.0
2986.239595627945,-0.0016376457206167,-0.0009282572376814,0.033370000000000004,900.0
2986.340167498749,-0.0030824176673492,-0.0011599612577454,0.033370000000000004,900.0
2986.440733647507,-0.0045582277349044,-0.0015584588601382,0.033370000000000004,900.0
2986.5413000346834,-0.0060140007911287,-0.002108429580628,0.033370000000000004,900.0
2986.6418626071627,-0.0073479746998193,-0.0027797485633908,0.033370000000000004,900.0
2986.74241206662,-0.0085770827061848,-0.003557922651971,0.033370000000000004,900.0
2986.842985129517,-0.0098198002543474,-0.0045399273808579,0.033370000000000004,900.0
2986.943553900879,-0.0108812303731131,-0.0055751676217801,0.033370000000000004,900.0
2987.0339882136996,-0.0117388880075536,-0.0066024012392185,0.033370000000000004,900.0
2987.1395117999728,-0.012633981989477,-0.0079244471559364,0.033370000000000004,900.0
2987.2400796176607,-0.013210754525882,-0.0089518529789659,0.033370000000000004,900.0
2987.340618348282,-0.0137558751070869,-0.01018786477078,0.033370000000000004,900.0
2987.4411921264345,-0.0142380129458807,-0.0115970144885667,0.033370000000000004,900.0
2987.5417668582613,-0.0145722482565931,-0.013102733434443,0.033370000000000004,900.0
2987.6423647166903,-0.0147640788940391,-0.0146278207848502,0.033370000000000004,900.0
2987.743072724503,-0.0147905693388555,-0.0161188533258748,0.033370000000000004,900.0
2987.8436054946596,-0.0146675349979284,-0.0176083867339452,0.033370000000000004,900.0
2987.9341189624483,-0.0144401091218473,-0.0189174281609524,0.033370000000000004,900.0
2988.0346820117647,-0.0140319344400738,-0.0203851058080028,0.033370000000000004,900.0
2988.135253167313,-0.0134560630384166,-0.0217946202626754,0.033370000000000004,900.0
2988.236417985123,-0.0129263076899382,-0.0228462148576201,0.033370000000000004,900.0
2988.336992001694,-0.012153865654266,-0.0240744778241715,0.033370000000000004,900.0
2988.4375583888705,-0.0112379842938985,-0.0252524193211067,0.033370000000000004,900.0
2988.5383436443026,-0.0102007506044998,-0.0263406568234549,0.033370000000000004,900.0
2988.6351275207217,-0.0091018121770578,-0.0272959743212688,0.033370000000000004,900.0
2988.735702967804,-0.0078529509673485,-0.0281680184066924,0.033370000000000004,900.0
2988.836247182053,-0.0065195846129295,-0.0289089567632613,0.033370000000000004,900.0
2988.936841464203,-0.0051449824543608,-0.029509240189921,0.033370000000000004,900.0
2989.0374111892397,-0.0037395867884635,-0.0299534926982325,0.033370000000000004,900.0
2989.140926098984,-0.0022661065642974,-0.0302621631169391,0.033370000000000004,900.0
2989.24148414151,-0.0007455507476814,-0.0304252669225404,0.033370000000000004,900.0
2989.3420393230135,0.0007398773931276,-0.0304120150946182,0.033370000000000004,900.0
2989.442583537262,0.0023060722895668,-0.0302521686861149,0.033370000000000004,900.0
2989.5431687595064,0.0037814302955944,-0.0299403148868761,0.033370000000000004,900.0
2989.643735146683,0.0051946247516439,-0.0294858191763014,0.033370000000000004,900.0
2989.7341987849886,0.006396743042872,-0.0289661807330587,0.033370000000000004,900.0
2989.834767556351,0.0071688004406566,-0.0285948175751796,0.033370000000000004,900.0
2989.9364142181093,0.007245,-0.0285547655924709,0.033370000000000004,900.0
2990.036990618866,0.0067856400796291,-0.0278817069534412,0.033370000000000004,900.0
2990.13756082074,0.0041450771019671,-0.0240126901827314,0.033370000000000004,900.0
2990.2381219627077,-2.4566338235776364e-05,-0.0179031400252897,0.033370000000000004,900.0
2990.3387090923006,-0.0045172012454237,-0.0113204920713594,0.033370000000000004,900.0
2990.439256405991,-0.0076781276373929,-0.0066889325698467,0.033370000000000004,900.0
2990.5423104526217,-0.0078309999999999,-0.0064648455909597,0.033370000000000004,900.0
2990.642887807053,-0.0078309999999999,-0.0064648379403078,0.033370000000000004,900.0
2990.7434642078097,-0.0073697038296832,-0.0061009592947556,0.033370000000000004,900.0
2990.8339731456454,-0.00644958380679,-0.0054764696978112,0.033370000000000004,900.0
2990.9345328571017,-0.0051540097174805,-0.0047636792708501,0.033370000000000004,900.0
2991.035122609299,-0.0037356763310355,-0.0041988722512896,0.033370000000000004,900.0
2991.135714745682,-0.0022521521926076,-0.0038137871930882,0.033370000000000004,900.0
2991.2362692119295,-0.0007763624492339,-0.0036162213684948,0.033370000000000004,900.0
2991.3368992568667,0.0007553159514793,-0.0036150271672202,0.033370000000000004,900.0
2991.4389924766238,0.002252103335746,-0.0038005971394849,0.033370000000000004,900.0
2991.539556718033,0.0036490857481829,-0.0041772482686731,0.033370000000000004,900.0
2991.6400794746096,0.0051075647239633,-0.0047209319650908,0.033370000000000004,900.0
2991.7406308414156,0.0064213498724681,-0.0054501350418337,0.033370000000000004,900.0
2991.841324305695,0.0076194922532691,-0.0063080885287226,0.033370000000000004,900.0
2991.941888070267,0.0086924512753611,-0.007379165791183,0.033370000000000004,900.0
2992.043598389786,0.0096938169823071,-0.0085580039723095,0.033370000000000004,900.0
2992.134120202225,0.0104546297397047,-0.009679797500698,0.033370000000000004,900.0
2992.23468682782,0.0111155321164402,-0.011036527275028,0.033370000000000004,900.0
2992.3352544070895,0.0116137419931587,-0.0124612606393872,0.033370000000000004,900.0
2992.4358222247774,0.0119084237793832,-0.0138975954957889,0.033370000000000004,900.0
2992.5363983871157,0.0120385412176848,-0.0154406495252445,0.033370000000000004,900.0
2992.636960482758,0.0119856566960816,-0.0169015742284768,0.033370000000000004,900.0
2992.737532830399,0.0117222980592788,-0.0184102218291124,0.033370000000000004,900.0
2992.8381066085512,0.0112758307460167,-0.0198588370272117,0.033370000000000004,900.0
2992.94020292775,0.010668512972376,-0.0212151076003201,0.033370000000000004,900.0
2993.040769076508,0.0098772114947146,-0.0224937670280042,0.033370000000000004,900.0
2993.1413330794985,0.0089257502532528,-0.0236958562162182,0.033370000000000004,900.0
2993.241860842865,0.0078434896829388,-0.0247453965655614,0.033370000000000004,900.0
2993.3424262763674,0.0066551668271891,-0.0256453418629297,0.033370000000000004,900.0
2993.443026042145,0.0053495611545661,-0.0263998492554267,0.033370000000000004,900.0
2993.5340459109957,0.0040864452253429,-0.0269485409100719,0.033370000000000004,900.0
2993.6346003772433,0.0026508836623377,-0.027372100531145,0.033370000000000004,900.0
2993.7352013351137,0.0012246790102408,-0.027616861663191,0.033370000000000004,900.0
2993.8355042697603,-0.0003556219345869,-0.0276740369674607,0.033370000000000004,900.0
2993.9360899688418,-0.0017827775333804,-0.0275337310843203,0.033370000000000004,900.0
2994.0366477729494,-0.003257351485855,-0.0272224013455135,0.033370000000000004,900.0
2994.1372127296145,-0.0047122433846719,-0.0266981865928695,0.033370000000000004,900.0
2994.2377736331637,-0.0060395239245599,-0.0260342755276984,0.033370000000000004,900.0
2994.338340735596,-0.0072858895510857,-0.0251886694993529,0.033370000000000004,900.0
2994.438911414307,-0.0084432352507228,-0.0241918157172637,0.033370000000000004,900.0
2994.5395769836123,-0.0094417639311142,-0.0230804063290274,0.033370000000000004,900.0
2994.640147185486,-0.0102869859503309,-0.0218609373264624,0.033370000000000004,900.0
2994.740705943268,-0.0109915343643642,-0.0205147416645659,0.033370000000000004,900.0
2994.842905259293,-0.0115311371767466,-0.0190864429249029,0.033370000000000004,900.0
2994.94345138089,-0.011872663068743,-0.0176333085126957,0.033370000000000004,900.0
2995.0339424373324,-0.0120272275186502,-0.016280568487313,0.033370000000000004,900.0
2995.1344842673952,-0.0120116631311044,-0.014726433440399,0.033370000000000004,900.0
2995.2353629829104,-0.0118062353710249,-0.0132666684818659,0.033370000000000004,900.0
2995.3374504806216,-0.0113862536110991,-0.0117549834855151,0.033370000000000004,900.0
2995.438008523148,-0.0108324624583422,-0.0103904297712566,0.033370000000000004,900.0
2995.538554167908,-0.0100822391679095,-0.0090773699747024,0.033370000000000004,900.0
2995.639115071457,-0.0091824058731586,-0.007862163581175,0.033370000000000004,900.0
2995.7396769286806,-0.0083286513975328,-0.0069332961375465,0.033370000000000004,900.0
2995.840258097809,-0.0078309999999999,-0.0064648379403078,0.033370000000000004,900.0
2995.940811133545,-0.0078309999999999,-0.0064645391410919,0.033370000000000004,0.0
2996.041408515137,-0.0078309999999999,-0.0064632667293966,0.033370000000000004,0.0
2996.142955041092,-0.007831,-0.0064619477568456,0.033370000000000004,0.0
2996.23349044339,-0.007831,-0.0064611077697401,0.033370000000000004,0.0
2996.334082579773,-0.0078309999999999,-0.0064601049200478,0.033370000000000004,0.0
2996.4346325160677,-0.0078309999999999,-0.0064588475869121,0.033370000000000004,0.0
2996.535218215149,-0.0078309999999999,-0.0064577543311533,0.033370000000000004,0.0
2996.6359009505923,-0.0078309999999999,-0.0064565129936113,0.033370000000000004,0.0
2996.7351851226504,-0.0078309999999999,-0.00645514135117,0.033370000000000004,0.0
2996.8357391120608,-0.0078309999999999,-0.0064539857829107,0.033370000000000004,0.0
2996.9362957240755,-0.007831,-0.0064529236641324,0.033370000000000004,0.0
2997.03684566037,-0.0078309999999999,-0.0064517585325172,0.033370000000000004,0.0
2997.1373984576876,-0.0078309999999999,-0.006450635502679,0.033370000000000004,0.0
2997.2391638518984,-0.0078309999999999,-0.0064495645729037,0.033370000000000004,0.0
2997.3396987678225,-0.0078309999999999,-0.0064483979540972,0.033370000000000004,0.0
2997.4402670623476,-0.0078309999999999,-0.0064470650855436,0.033370000000000004,0.0
2997.540812468689,-0.007831,-0.0064456116623217,0.033370000000000004,0.0
2997.641376948517,-0.0078309999999999,-0.0064442659121674,0.033370000000000004,0.0
2997.7419333221133,-0.0078309999999999,-0.0064433517521057,0.033370000000000004,0.0
2997.8424982787783,-0.0078309999999999,-0.0064421849857283,0.033370000000000004,0.0
2997.9430687190707,-0.0078309999999999,-0.0064409160711351,0.033370000000000004,0.0
2998.033572650116,-0.0078309999999999,-0.0064399557132562,0.033370000000000004,0.0
2998.1353580714876,-0.0078309999999999,-0.0064389266992944,0.033370000000000004,0.0
2998.235920643967,-0.0078309999999999,-0.0064376806251297,0.033370000000000004,0.0
2998.3364834548647,-0.007831,-0.006436464069649,0.033370000000000004,0.0
2998.4370565177614,-0.0078309999999999,-0.0064347832802188,0.033370000000000004,0.0
2998.5377959968264,-0.0078309999999999,-0.0064337969220521,0.033370000000000004,0.0
2998.6397430659945,-0.007831,-0.0064326446454965,0.033370000000000004,0.0
2998.740307784241,-0.0078309999999999,-0.0064312669654322,0.033370000000000004,0.0
2998.8408832313235,-0.0078309999999999,-0.0064302467905341,0.033370000000000004,0.0
2998.9414486648257,-0.007831,-0.006429607095768,0.033370000000000004,0.0
