2458.5031756702137,-0.013005,0.0013469195587693,0.02343,0.0
2458.6038405242634,-0.013005,0.0013463734181156,0.02343,0.0
2458.704540664263,-0.0130049999999999,0.0013443413380469,0.02343,0.0
2458.8053149524403,-0.013005,0.0013424349646052,0.02343,0.0
2458.905927592821,-0.013005,0.0013404677883151,0.02343,0.0
2459.006779367037,-0.013005,0.0013386434411063,0.02343,0.0
2459.1073376479817,-0.013005,0.001336636853903,0.02343,0.0
2459.2078966441823,-0.0130049999999999,0.0013346534792698,0.02343,0.0
2459.298399383135,-0.013005,0.0013328877312229,0.02343,0.0
2459.398987466402,-0.013005,0.0013311357828011,0.02343,0.0
2459.499752456255,-0.0130049999999999,0.0013292882931336,0.02343,0.0
2459.60032075078,-0.013005,0.0013272034692679,0.02343,0.0
2459.701620036669,-0.013005,0.0013080076410422,0.02343,0.0
2459.8021952453328,-0.013005,0.0012251200923822,0.02343,0.0
2459.9027892890645,-0.0130049999999999,0.0013216164763247,0.02343,0.0
2460.0033473315907,-0.0130049999999999,0.0013195866162914,0.02343,0.0
2460.10391491086,-0.0130049999999999,0.0013177634510554,0.02343,0.0
2460.2045001331044,-0.0130049999999999,0.0013158824363452,0.02343,0.0
2460.3015779796315,-0.013005,0.0013140512540909,0.02343,0.0
2460.4021436515523,-0.013005,0.0013124735865718,0.02343,0.0
2460.502710515566,-0.0130049999999999,0.0013116778354303,0.02343,0.0
2460.6032823863698,-0.013005,0.0013115998115326,0.02343,0.0
2460.7038888278676,-0.0129461887617767,0.0011814371575451,0.02343,0.0
2460.804453069277,-0.0127489844319247,0.0007450391074753,0.02343,0.0
2460.9050199332905,-0.0124790177999279,0.0001477406407819,0.02343,0.0
2461.0055901351643,-0.0122264228249507,-0.0004111911626492,0.02343,0.0
2461.1061555686665,-0.011961910401168,-0.0009964934081434,0.02343,0.0
2461.206723624773,-0.0117141516494622,-0.0015446218332092,0.02343,0.0
2461.3072759452534,-0.0114484303294769,-0.0021325887437013,0.02343,0.0
2461.4078363719655,-0.0111887523934686,-0.0027071209847924,0.02343,0.0
2461.4983558002186,-0.0109595671720625,-0.0032142300440342,0.02343,0.0
2461.5989388766957,-0.0107004379315259,-0.0037876147927838,0.02343,0.0
2461.701760465212,-0.0105338658571543,-0.0041560960982962,0.02343,0.0
2461.8023170772267,-0.010505,-0.0042198473174574,0.02343,0.0
2461.902888709612,-0.0106708760797128,-0.004383906142187,0.02343,900.0
2462.0034341159535,-0.0113489621832303,-0.0050739704961044,0.02343,900.0
2462.1039690318776,-0.0123185704854276,-0.0062202132368491,0.02343,900.0
2462.2045392337513,-0.0131534837686325,-0.0074070847720913,0.02343,900.0
2462.3051223102284,-0.0138674588333558,-0.008719071548688,0.02343,900.0
2462.405682498522,-0.0144855154752103,-0.0101385954891855,0.02343,900.0
2462.5062691512776,-0.014956935695495,-0.0116050171994192,0.02343,900.0
2462.6068224254323,-0.0152751052198928,-0.0130877509274066,0.02343,900.0
2462.707375699587,-0.0154498060094528,-0.0145539004950915,0.02343,900.0
2462.797872001238,-0.0154836353184539,-0.0158922907080961,0.02343,900.0
2462.898458415575,-0.0153897447911752,-0.0173980075731764,0.02343,900.0
2462.9989845100117,-0.0151459989183665,-0.0188752138725259,0.02343,900.0
2463.1011061015797,-0.0147418226702215,-0.0203912215284706,0.02343,900.0
2463.2019249740315,-0.0142231670531319,-0.0217964900754758,0.02343,900.0
2463.3025006595326,-0.0135326124543078,-0.0231916099667538,0.02343,900.0
2463.4030310455037,-0.0127314477949321,-0.0244642550425768,0.02343,900.0
2463.503539258547,-0.011849984037029,-0.0256169693353236,0.02343,900.0
2463.604104215212,-0.0108481974393824,-0.0266915124858996,0.02343,900.0
2463.704664641924,-0.009713272826372,-0.0276911972115444,0.02343,900.0
2463.8052417579365,-0.0084627676312044,-0.0285965340278698,0.02343,900.0
2463.905827457018,-0.0071314638631659,-0.0293741520713514,0.02343,900.0
2464.006393605776,-0.0057838693707166,-0.0299950101238066,0.02343,900.0
2464.1069621387196,-0.0043891202488186,-0.0304759151597555,0.02343,900.0
2464.197486573763,-0.0030502567000526,-0.0308166398931836,0.02343,900.0
2464.29806631238,-0.0015623927688944,-0.0310500651683319,0.02343,900.0
2464.3986360374165,-0.0001174737002554,-0.0311324721080602,0.02343,900.0
2464.499218398638,0.0013915671929796,-0.0310681827908835,0.02343,900.0
2464.599850589342,0.002887755262282,-0.0308570460025341,0.02343,900.0
2464.700429135866,0.0043412221024939,-0.030500376376048,0.02343,900.0
2464.800918990679,0.0058099217867116,-0.0299857639401035,0.02343,900.0
2464.9017485919667,0.0071718653256234,-0.0293574298043921,0.02343,900.0
2465.0036243739796,0.0084962250587996,-0.0285729478551389,0.02343,900.0
2465.104161912508,0.0096355748308963,-0.0277534742848518,0.02343,900.0
2465.204696828432,0.0105529562796855,-0.0269671957150407,0.02343,900.0
2465.3052582088185,0.011415827899002,-0.0260959301914952,0.02343,900.0
2465.4058174434376,0.0123657969283664,-0.0249583378537716,0.02343,900.0
2465.5063843074513,0.0132335725101739,-0.0236941842055233,0.02343,900.0
2465.606952840395,0.0139464175799512,-0.0223928906978412,0.02343,900.0
2465.697457725115,0.0145121942963035,-0.0210666909081703,0.02343,900.0
2465.7979792895985,0.0149540497053896,-0.0196870581823109,0.02343,900.0
2465.8985449615193,0.0152770556284412,-0.0181760105711042,0.02343,900.0
2465.999263698168,0.0154479347213961,-0.0166605489737225,0.02343,900.0
2466.099850112505,0.0154799408651423,-0.0151606981318826,0.02343,900.0
2466.2004095855427,0.0153580268241052,-0.0136570033423566,0.02343,900.0
2466.3009805026722,0.0150920033556664,-0.0121716466676766,0.02343,900.0
2466.40113728673,0.0146944246587599,-0.0107308324984985,0.02343,900.0
2466.5017155948353,0.014149927459364,-0.0093232114485114,0.02343,900.0
2466.60231416852,0.0134786065800354,-0.0079796108784212,0.02343,900.0
2466.702899629183,0.0127211460903134,-0.0067725780951507,0.02343,900.0
2466.8034784141255,0.0117749247720288,-0.0055425283741533,0.02343,900.0
2466.90424650342,0.0107481930637872,-0.0044597876406497,0.02343,900.0
2467.0048229041768,0.0100405802605568,-0.0038162210105623,0.02343,900.0
2467.105875426836,0.008871618299148,-0.0029294289145757,0.02343,900.0
2467.2064425292683,0.0075871152972049,-0.0021341560401231,0.02343,900.0
2467.3070029559804,0.0062746113406916,-0.001465185170218,0.02343,900.0
2467.397509032793,0.0050085355003332,-0.0009752227753752,0.02343,900.0
2467.4980742278767,0.0035508198356512,-0.0005556150383276,0.02343,900.0
2467.5986320319844,0.0021024322859506,-0.0002814588958775,0.02343,900.0
2467.6992234531117,0.0006107016510907,-0.0001481710772989,0.02343,900.0
2467.8040322604847,-0.0009964919355955,-0.0001645658764129,0.02343,900.0
2467.9045991244984,-0.0024894045587986,-0.0003336227526388,0.02343,900.0
2468.005129272051,-0.0040093679625452,-0.0006531271451094,0.02343,900.0
2468.105700427599,-0.0054372961308839,-0.001107272435489,0.02343,900.0
2468.217489654131,-0.0069308243053171,-0.0017645811162224,0.02343,900.0
2468.2979420963,-0.0079528476341657,-0.0023377811580241,0.02343,900.0
2468.3985132518483,-0.0092255573358253,-0.0031965800651763,0.02343,900.0
2468.50008385808,-0.0101879156950449,-0.0039447000408852,0.02343,900.0
2468.6006328407,-0.010505,-0.0042198473174574,0.02343,900.0
2468.70120876462,-0.0105111881956554,-0.0042982062198162,0.02343,900.0
2468.8017501178456,-0.0106898774648332,-0.0065644177127754,0.02343,900.0
2468.902322227068,-0.0111656656907313,-0.0125993113999179,0.02343,900.0
2469.0028931441975,-0.011312,-0.0144558322006828,0.02343,900.0
2469.10347192914,-0.0113110002532517,-0.0144490662728993,0.02343,900.0
2469.204034740038,-0.011079563994444,-0.0131477348358708,0.02343,900.0
2469.3046016040516,-0.010683964659533,-0.0118029292204609,0.02343,900.0
2469.405144864626,-0.0100794333790525,-0.0104336436851899,0.02343,900.0
2469.5059241595936,-0.0092704807819563,-0.0091026007352532,0.02343,900.0
2469.60648720891,-0.0082992822799239,-0.0079108856419988,0.02343,900.0
2469.7007335963917,-0.0072976860386039,-0.0069535566391496,0.02343,900.0
2469.8012890163136,-0.0061329899765531,-0.0060892693719816,0.02343,900.0
2469.9018489661885,-0.0048202967200653,-0.0053616943271682,0.02343,900.0
2470.0024020019246,-0.0033870412987828,-0.0048012802236245,0.02343,900.0
2470.1029619517994,-0.0019249334418273,-0.0044399557764457,0.02343,900.0
2470.2036287131978,-0.0003720407556677,-0.0042764809231117,0.02343,900.0
2470.3041903320027,0.0010584706128732,-0.0043131106583933,0.02343,900.0
2470.404766971178,0.0025957678315833,-0.0045789484588539,0.02343,900.0
2470.505295211382,0.0040324389875078,-0.0050268943394748,0.02343,900.0
2470.605856114931,0.0053991003706392,-0.0056604768959471,0.02343,900.0
2470.706413919039,0.0066328970838616,-0.0064250364343996,0.02343,900.0
2470.796918088503,0.0076624761962094,-0.0072841845573966,0.02343,900.0
2470.8974816146565,0.0087279095832116,-0.0083937407250691,0.02343,900.0
2470.9980460944844,0.0096113624409375,-0.0096149764028708,0.02343,900.0
2471.098726207323,0.0103162424100228,-0.010903225080912,0.02343,900.0
2471.2007984462452,0.0108621523350484,-0.0123045194625456,0.02343,900.0
2471.3013598266316,0.0112046521815125,-0.013777638259323,0.02343,900.0
2471.401917869158,0.0113566773735011,-0.0153285476667389,0.02343,900.0
2471.502490216799,0.011285587317107,-0.0168562943348679,0.02343,900.0
2471.603047067232,0.0110348749628702,-0.0182759901120402,0.02343,900.0
2471.703575307436,0.0105762580244368,-0.0197237820193431,0.02343,900.0
2471.804107362337,0.0099255827779529,-0.0211064781996324,0.02343,900.0
2471.9046840015126,0.0091332236793452,-0.0223496460145268,0.02343,900.0
2472.005860501833,0.0081577990767038,-0.0234952000982699,0.02343,900.0
2472.0978843513203,0.0071240586636694,-0.0244467760172165,0.02343,900.0
2472.1994189563466,0.0058867382604543,-0.0253283261479117,0.02343,900.0
2472.299993926592,0.0045877731573961,-0.0260132856948844,0.02343,900.0
2472.400571281023,0.0031435235259159,-0.0265383821524107,0.02343,900.0
2472.50115602643,0.001617986943579,-0.026870839511448,0.02343,900.0
2472.6028298679066,0.0002029831009839,-0.0269893491026096,0.02343,900.0
2472.7034112754536,-0.001332454301631,-0.026898850373481,0.02343,900.0
2472.80397933156,-0.0027898243199549,-0.0266281267285931,0.02343,900.0
2472.901400500841,-0.004194177716412,-0.0261644221121341,0.02343,900.0
2473.0019313636494,-0.0055649054341069,-0.0255069643431442,0.02343,900.0
2473.1025020423604,-0.0068048887677947,-0.02469219784745,0.02343,900.0
2473.203070098467,-0.0079407300523117,-0.0237178231896549,0.02343,900.0
2473.3035888019276,-0.0089439342347611,-0.0225919571572635,0.02343,900.0
2473.4041556659413,-0.0097858610089825,-0.0213657889851688,0.02343,900.0
2473.5047416034413,-0.0104759536181432,-0.0199963239218496,0.02343,900.0
2473.605299407549,-0.0109573532998046,-0.0185886401433833,0.02343,900.0
2473.7058517280293,-0.0112618430434269,-0.0171103927923987,0.02343,900.0
2473.8064138236714,-0.011359092017985,-0.0155943721949431,0.02343,900.0
2473.8968748393727,-0.0113245212884243,-0.0146940588797095,0.02343,900.0
2473.997404033251,-0.011312,-0.0144558322006827,0.02343,900.0
2474.0979754272175,-0.0112784192028407,-0.0144670071029977,0.02343,900.0
2474.19854419858,-0.0078915923257488,-0.0155929909097479,0.02343,900.0
2474.2991267982197,-0.0012991649990337,-0.0177847296335868,0.02343,900.0
2474.399692231722,0.0060576888416934,-0.0202306345318755,0.02343,900.0
2474.50026338727,0.0114378863108801,-0.0220193543251065,0.02343,900.0
2474.600819999285,0.0121219999999999,-0.0222467769783815,0.02343,900.0
2474.701378041811,0.0121241958282471,-0.0222422925228066,0.02343,900.0
2474.8019427600575,0.0121883462317134,-0.0221080552799851,0.02343,900.0
2474.9025003257466,0.0127775761228889,-0.0208632547308262,0.02343,900.0
2475.003070289202,0.0132484986471753,-0.0194768630714739,0.02343,900.0
2475.1036338153554,0.0135905577433338,-0.0180125307411584,0.02343,900.0
2475.2042090240193,0.0137422058927009,-0.0169022790416156,0.02343,900.0
2475.3047842326832,0.0137768135077598,-0.0155172550041815,0.02343,900.0
2475.4053687396718,0.0136820140445171,-0.0140041223639315,0.02343,900.0
2475.505928927965,0.0134273403489314,-0.0125164563017904,0.02343,900.0
2475.6064602676106,0.0130080055167312,-0.0110664259264777,0.02343,900.0
2475.6969706359578,0.0124941721924748,-0.0097985182558029,0.02343,900.0
2475.8005940261555,0.0117765441989426,-0.0084499755298732,0.02343,900.0
2475.901165420122,0.0109031598457569,-0.0071714306041265,0.02343,900.0
2476.001702720232,0.0099793998523717,-0.0060947112398781,0.02343,900.0
2476.1022669616414,0.0088497913890412,-0.0050370174060915,0.02343,900.0
2476.2028307262135,0.007613064915205,-0.0041374428118124,0.02343,900.0
2476.3033520522786,0.0063572700104362,-0.0033873051285446,0.02343,900.0
2476.4007756057454,0.0049815187275768,-0.0027748710868016,0.02343,900.0
2476.5013491454793,0.0035394912752318,-0.0023086616820743,0.02343,900.0
2476.6019212547017,0.0020728836085078,-0.002004242586792,0.02343,900.0
2476.7024981322957,0.0006082221832549,-0.0018574567358919,0.02343,900.0
2476.8030738177968,-0.0006771574607054,-0.001849424123853,0.02343,900.0
2476.9036266151143,-0.0018261644878075,-0.0019640722172882,0.02343,900.0
2477.004209214754,-0.0032579970933877,-0.0022304894014107,0.02343,900.0
2477.1047767940236,-0.0047120132517627,-0.0026631089436117,0.02343,900.0
2477.2052952590657,-0.0060753923095413,-0.0032367597772096,0.02343,900.0
2477.305818015642,-0.0074243574928513,-0.0039924171584094,0.02343,900.0
2477.406388217516,-0.0086512018389479,-0.0048815767832415,0.02343,900.0
2477.496898109026,-0.0096625356644376,-0.005796963841855,0.02343,900.0
2477.5974792781544,-0.0106718193160461,-0.0068999548204838,0.02343,900.0
2477.6980397048665,-0.0115458564641391,-0.0081071451921369,0.02343,900.0
2477.8013598266316,-0.0123067847012816,-0.0094218210901568,0.02343,900.0
2477.902534658022,-0.0129142733057297,-0.0108155501947625,0.02343,900.0
2478.0031003299428,-0.0133757493798583,-0.0123021692519802,0.02343,900.0
2478.1036619487477,-0.013666527271279,-0.0137816185120789,0.02343,900.0
2478.204231196947,-0.0137844374956328,-0.0152285468637559,0.02343,900.0
2478.3048157039357,-0.0137593080268363,-0.0167015049297215,0.02343,900.0
2478.405369216509,-0.0135576339399316,-0.0182285436027565,0.02343,900.0
2478.505931788988,-0.0131755623377917,-0.0197278362355131,0.02343,900.0
2478.606517726488,-0.0126208059098838,-0.0211647456764536,0.02343,900.0
2478.6970359626484,-0.0120557522146952,-0.0223219461161931,0.02343,900.0
2478.7975980582905,-0.011268092078513,-0.0235621993635688,0.02343,900.0
2478.89817064435,-0.0103131665566247,-0.0247698176258549,0.02343,900.0
2478.9987398925496,-0.0092484578597422,-0.0258485037567153,0.02343,900.0
2479.099355632372,-0.0081093835419959,-0.0268021422697815,0.02343,900.0
2479.1999241653157,-0.0068478259745545,-0.0276400232415654,0.02343,900.0
2479.3009831252766,-0.0054631105560098,-0.0282924233787521,0.02343,900.0
2479.4014949145985,-0.0040642647518086,-0.0288111648400084,0.02343,900.0
2479.502072745867,-0.0026413870799886,-0.0291787431982897,0.02343,900.0
2479.6026367488575,-0.0013438052570066,-0.0293637989087473,0.02343,900.0
2479.704196626253,-0.0001519047367507,-0.0294259374950748,0.02343,900.0
2479.8047768417073,0.0013464551913225,-0.0293534506371438,0.02343,900.0
2479.9052929225636,0.0028277843554256,-0.0291210426093197,0.02343,900.0
2480.0058731380177,0.0042842410879196,-0.0287320841187503,0.02343,900.0
2480.1064264121724,0.0056563882737147,-0.0281984039734498,0.02343,900.0
2480.196932012148,0.006840253927409,-0.0275917999009005,0.02343,900.0
2480.2975096049977,0.0081305897149873,-0.0267574753931003,0.02343,900.0
2480.398315602846,0.0093300608983783,-0.0257766501967041,0.02343,900.0
2480.4988889041615,0.010365930236142,-0.0247367799164555,0.02343,900.0
2480.5994571986867,0.0113297374781423,-0.0235110219584658,0.02343,900.0
2480.699953490801,0.0120547888478543,-0.0223606526461174,0.02343,900.0
2480.8005186858845,0.0121188490488121,-0.0222522208744206,0.02343,900.0
2480.914007598467,0.0121219999999999,-0.0222467769783815,0.02343,900.0
2481.0045139136982,0.0092423372747236,-0.0213340432562979,0.02343,900.0
2481.1050822082234,0.0026024021641946,-0.0192292700269779,0.02343,900.0
2481.205625230379,-0.0047568725505155,-0.016896426836581,0.02343,900.0
2481.3061844649983,-0.0105248008054105,-0.0150680301317253,0.02343,900.0
2481.4067611041737,-0.013005,-0.0142818250758303,0.02343,900.0
2481.5074812713337,-0.0129686035682181,-0.0140462427634946,0.02343,900.0
2481.608047181673,-0.0127917340028131,-0.0130429618281373,0.02343,900.0
2481.7086011710835,-0.0124187400830113,-0.0115770814302345,0.02343,900.0
2481.8091620746327,-0.0118781409140866,-0.010190793369018,0.02343,900.0
2481.9097227397633,-0.0111853606702403,-0.0089017193916408,0.02343,900.0
2482.010288411684,-0.0103266772573894,-0.0076485283121171,0.02343,900.0
2482.1108552756978,-0.0093467065006057,-0.006525545352236,0.02343,900.0
2482.2114164176655,-0.0082368512308495,-0.0055231635458767,0.02343,900.0
2482.311985665865,-0.0070151259218124,-0.0046352534172156,0.02343,900.0
2482.4101793113423,-0.0057122399295364,-0.0039081385701562,0.02343,900.0
2482.5107397380543,-0.0043234401899308,-0.0033270164718841,0.02343,900.0
2482.611360961504,-0.0028918536597219,-0.0029106923786342,0.02343,900.0
2482.711926633425,-0.0013787565255859,-0.0026526658334632,0.02343,900.0
2482.812505656786,0.0001053435821403,-0.0025744165093584,0.02343,900.0
2482.913069421358,0.0016559429169123,-0.002674617236756,0.02343,900.0
2483.0136329475117,0.003102068226676,-0.0029439985296893,0.02343,900.0
2483.114197665758,0.0045661668839397,-0.0033991237784177,0.02343,900.0
2483.214762860842,0.005914277343181,-0.0039950797686083,0.02343,900.0
2483.315334970064,0.0072479351748254,-0.0047855748577719,0.02343,900.0
2483.415910178728,0.0084197679702459,-0.0056711738013031,0.02343,900.0
2483.506412917681,0.009403389354186,-0.0066006629182231,0.02343,900.0
2483.6069855037404,0.0103894540651289,-0.0077467934136274,0.02343,900.0
2483.7075900378895,0.011214605276281,-0.0089590099714453,0.02343,900.0
2483.8081631007863,0.0118965809331596,-0.0102760639652709,0.02343,900.0
2483.910744840212,0.0124523912312032,-0.0117177292152684,0.02343,900.0
2484.011372739382,0.0128341436742005,-0.0132132147729386,0.02343,900.0
2484.111955100603,0.0130313366978,-0.0147507439941031,0.02343,900.0
2484.212522441454,0.0130295938047568,-0.0162585490215734,0.02343,900.0
2484.3130728545857,0.0128786552561248,-0.0177514797639503,0.02343,900.0
2484.413623029299,0.0125579546026038,-0.0191809078223795,0.02343,900.0
2484.5141906085682,0.0120663125536745,-0.0205785327666131,0.02343,900.0
2484.614750558443,0.0114043155407696,-0.0219494393149434,0.02343,900.0
2484.7153250518513,0.010577335452587,-0.0232578524039363,0.02343,900.0
2484.815896445818,0.0096440539979326,-0.0244142313720305,0.02343,900.0
2484.906412059374,0.0087082878982502,-0.025338564906134,0.02343,900.0
2485.006984883852,0.0075074155448858,-0.0262981426587568,0.02343,900.0
2485.107571298189,0.0062775130917405,-0.0270836796543895,0.02343,900.0
2485.2082056346608,0.0049314102717478,-0.0277713673397598,0.02343,900.0
2485.3087825122548,0.0034462071812998,-0.028221861544994,0.02343,900.0
2485.4093493762684,0.0019259788996466,-0.0285380239309472,0.02343,900.0
2485.509934360094,0.00047324223376,-0.0286725844021493,0.02343,900.0
2485.6105233970356,-0.0010371950858065,-0.0286336262216527,0.02343,900.0
2485.7110974136067,-0.0025477765704461,-0.0284172456062368,0.02343,900.0
2485.8116790595723,-0.0039935959717671,-0.0280446613981082,0.02343,900.0
2485.912255460329,-0.0053990760530255,-0.0274977095861309,0.02343,900.0
2486.012847119875,-0.0067512392412508,-0.0267832037897805,0.02343,900.0
2486.1134242358876,-0.007975011668719,-0.0259485311825117,0.02343,900.0
2486.213938647814,-0.0090784117753092,-0.0249928094962455,0.02343,900.0
2486.3144733253193,-0.010141579349429,-0.0238460181791243,0.02343,900.0
2486.4150091949177,-0.0109894493557129,-0.0226857202079308,0.02343,900.0
2486.5155896487904,-0.011767385710433,-0.0212938684570677,0.02343,900.0
2486.6161784473134,-0.0123318746844172,-0.0199117205625952,0.02343,900.0
2486.706746274538,-0.0126989347345849,-0.0186287331103677,0.02343,900.0
2486.8074435535145,-0.0129518864183151,-0.0171306071414343,0.02343,900.0
2486.90801685483,-0.0130377536003697,-0.0156544669220344,0.02343,900.0
2487.0085491481495,-0.0130249647721197,-0.0146375852552467,0.02343,900.0
2487.1091062370015,-0.0130049999999999,-0.0142818250758302,0.02343,900.0
2487.2096769157124,-0.013005,-0.0142817015602494,0.02343,900.0
2487.310252839632,-0.013005,-0.0142808021011035,0.02343,0.0
2487.4108323398304,-0.013005,-0.014279078732783,0.02343,0.0
2487.5113944354725,-0.013005,-0.0142779290360879,0.02343,0.0
2487.6119736972523,-0.013005,-0.0142773497844711,0.02343,0.0
2487.7125329318715,-0.0130049999999999,-0.0142758119264485,0.02343,0.0
2487.8130685630513,-0.013005,-0.0142743717214456,0.02343,0.0
2487.913623029299,-0.013005,-0.0142736677232098,0.02343,0.0
2488.014182263918,-0.0130049999999999,-0.0142721181056023,0.02343,0.0
2488.1147572341633,-0.013005,-0.014270888861487,0.02343,0.0
2488.215329104967,-0.013005,-0.0142699212474361,0.02343,0.0
2488.315893584795,-0.013005,-0.0142685478466136,0.02343,0.0
2488.4064077678395,-0.013005,-0.014267399958082,0.02343,0.0
2488.506957704134,-0.0130049999999999,-0.0142665473896691,0.02343,0.0
2488.6074911895466,-0.013005,-0.0142648679041998,0.02343,0.0
2488.708054954119,-0.013005,-0.0142638687985084,0.02343,0.0
2488.8086313548756,-0.013005,-0.0142618180014962,0.02343,0.0
2488.9091810527516,-0.013005,-0.0142605244328147,0.02343,0.0
2489.0097534003926,-0.0130049999999999,-0.0142599465366708,0.02343,0.0
2489.1122862640095,-0.013005,-0.0142585962331679,0.02343,0.0
2489.2128342929554,-0.0130049999999999,-0.0142572477236403,0.02343,0.0
2489.3133971038533,-0.0130049999999999,-0.0142562385981197,0.02343,0.0
2489.413988286562,-0.0130049999999999,-0.0142551266234978,0.02343,0.0
2489.5145518127156,-0.013005,-0.0142537213995737,0.02343,0.0
2489.6151151004506,-0.013005,-0.0142522045583429,0.02343,0.0
2489.7156960311604,-0.013005,-0.01425072202391,0.02343,0.0
2489.8162173572255,-0.013005,-0.0142499890879002,0.02343,0.0
2489.9068471732808,-0.013005,-0.0142487914305057,0.02343,0.0
2490.0074164214802,-0.0130049999999999,-0.0142470950614538,0.02343,0.0
2490.109222585268,-0.013005,-0.0142464973722985,0.02343,0.0
2490.209805661745,-0.0130049999999999,-0.0142464126915255,0.02343,0.0
